0 0.132069
1 0.105628
2 0.098263
3 0.0805558
4 0.0639007
5 0.0570918
6 0.0451811
7 0.0377767
8 0.0328139
9 0.0317022
10 0.0338462
11 0.034938
12 0.0367047
13 0.0380943
14 0.0385509
15 0.0399007
16 0.040397
17 0.0405558
18 0.0411712
19 0.0413499
20 0.0416079
21 0.0417866
22 0.0418462
23 0.0419653
24 0.0420447
25 0.0421439
26 0.0421439
27 0.0423623
28 0.0423027
29 0.042263
30 0.0423027
31 0.0423027
32 0.042263
33 0.0422829
34 0.0422432
35 0.0422432
36 0.042263
37 0.0422829
38 0.0422829
39 0.0421638
40 0.0418065
41 0.0416278
42 0.0416278
43 0.0415285
44 0.042402
45 0.042402
46 0.0419057
47 0.0419653
48 0.0419653
49 0.0419653
50 0.0419653
51 0.0419653
52 0.0419653
53 0.042005
54 0.042005
55 0.0421638
56 0.042263
57 0.0423027
58 0.0423226
59 0.0424218
60 0.0423623
61 0.0424615
62 0.042402
63 0.0425806
64 0.04266
65 0.0426998
66 0.0426998
67 0.0427593
68 0.0427792
69 0.0424814
70 0.0423226
71 0.0428189
72 0.0456576
73 0.0499653
74 0.0516328
75 0.0557816
76 0.0574491
77 0.0599305
78 0.0642581
79 0.0717022
80 0.0740447
81 0.0782134
82 0.0842084
83 0.0878213
84 0.0942531
85 0.101479
86 0.105628
87 0.108844
88 0.110273
89 0.106243
90 0.101677
91 0.0974491
92 0.096536
93 0.0932208
94 0.0987593
95 0.0961787
96 0.0972903
97 0.0963176
98 0.0955236
99 0.0955236
100 0.0957419
101 0.0949876
102 0.0965757
103 0.0978462
104 0.0988784
105 0.0956228
106 0.0914144
107 0.0900844
108 0.0901241
109 0.0897667
110 0.0912754
111 0.0908586
112 0.0891315
113 0.0884764
114 0.0880199
115 0.0882184
116 0.0881787
117 0.0872258
118 0.0838313
119 0.0859156
120 0.0891117
121 0.0915335
122 0.0936973
123 0.0934789
124 0.0916328
125 0.0924467
126 0.0929429
127 0.0951464
128 0.0968536
129 0.0972705
130 0.100228
131 0.102233
132 0.106045
133 0.10666
134 0.108109
135 0.112516
136 0.116328
137 0.120397
138 0.125777
139 0.127782
140 0.129886
141 0.127047
142 0.127464
143 0.127583
144 0.125737
145 0.125876
146 0.125757
147 0.124506
148 0.121806
149 0.121846
150 0.120814
151 0.119563
152 0.118372
153 0.118849
154 0.117479
155 0.116129
156 0.113429
157 0.110868
158 0.109499
159 0.109856
160 0.108943
161 0.108089
162 0.105092
163 0.104377
164 0.103583
165 0.103206
166 0.102928
167 0.102908
168 0.101955
169 0.0976476
170 0.0969926
171 0.0959801
172 0.0965757
173 0.0959007
174 0.0943722
175 0.0916923
176 0.0906998
177 0.0907395
178 0.0914342
179 0.0908586
180 0.0903226
181 0.0892308
182 0.089727
183 0.0892506
184 0.0892903
185 0.0893499
186 0.0891315
187 0.0886352
188 0.0886154
189 0.0886352
190 0.087861
191 0.0871266
192 0.0864318
193 0.0871663
194 0.0871067
195 0.0861141
196 0.0867097
197 0.0871663
198 0.085598
199 0.084268
200 0.0834541
201 0.0819851
202 0.0813697
203 0.0814094
204 0.0808734
205 0.0800794
206 0.0803573
207 0.0806749
208 0.080536
209 0.0802779
210 0.0806154
211 0.0804367
212 0.0805757
213 0.0798809
214 0.0800993
215 0.080933
216 0.0802184
217 0.0804764
218 0.0806551
219 0.0829578
220 0.0829975
221 0.0813697
222 0.0812109
223 0.0808933
224 0.0808734
225 0.0808337
226 0.0811117
227 0.0812903
228 0.0811712
229 0.0819057
230 0.0825211
231 0.0832953
232 0.0839901
233 0.083732
234 0.0828387
235 0.0810124
236 0.0799603
237 0.0800993
238 0.0803176
239 0.0796824
240 0.0813499
241 0.0856774
242 0.0866104
243 0.0855782
244 0.0849429
245 0.0885955
246 0.0886154
247 0.0820844
248 0.0813697
249 0.0814293
250 0.082005
251 0.0821241
252 0.0815682
253 0.0807742
254 0.0803573
255 0.0818263
256 0.0840298
257 0.0846452
258 0.0864318
259 0.0874839
260 0.0874045
261 0.0873052
262 0.0877221
263 0.0877419
264 0.0875434
265 0.08667
266 0.0863921
267 0.0865112
268 0.0866303
269 0.0849826
270 0.0855186
271 0.0854789
272 0.084665
273 0.0849628
274 0.0839305
275 0.083196
276 0.0806948
277 0.0788486
278 0.0783524
279 0.07867
280 0.0787891
281 0.0789479
282 0.0790868
283 0.0795831
284 0.0798412
285 0.0795037
286 0.0799404
287 0.0790471
288 0.0799007
289 0.0794839
290 0.079464
291 0.0797816
292 0.0791663
293 0.0792655
294 0.0801787
295 0.080794
296 0.0802978
297 0.0805161
298 0.0800199
299 0.080536
300 0.0803375
301 0.0803573
302 0.0801787
303 0.0802779
304 0.0801191
305 0.080139
306 0.0795434
307 0.0793846
308 0.0791464
309 0.0793648
310 0.0799206
311 0.0806948
312 0.0806948
313 0.0808933
314 0.0815087
315 0.0814888
316 0.0814888
317 0.0814491
318 0.0810124
319 0.0798015
320 0.0799206
321 0.0784516
322 0.0776774
323 0.077598
324 0.0776576
325 0.0780546
326 0.0773201
327 0.0771811
328 0.0774392
329 0.0774988
330 0.0780943
331 0.078273
332 0.078273
333 0.0791067
334 0.0793052
335 0.0795037
336 0.0798809
337 0.0797618
338 0.0799206
339 0.0802382
340 0.0804367
341 0.0805955
342 0.0806551
343 0.0804963
344 0.0831166
345 0.0845261
346 0.0833151
347 0.0836328
348 0.0828189
349 0.0827792
350 0.0829777
351 0.0830769
352 0.0839702
353 0.0824615
354 0.0824615
355 0.0825409
356 0.0819851
357 0.0815682
358 0.0821638
359 0.0821042
360 0.0825409
361 0.0827395
362 0.0825608
363 0.0823821
364 0.0821042
365 0.0822233
366 0.0821439
367 0.0815285
368 0.0817469
369 0.0813896
370 0.0814094
371 0.0815682
372 0.081727
373 0.0808734
374 0.0801985
375 0.080536
376 0.0804963
377 0.0805757
378 0.0800794
379 0.0802978
380 0.0806749
381 0.0806352
382 0.0810521
383 0.0813697
384 0.0815285
385 0.0819256
386 0.0818859
387 0.0819851
388 0.0823226
389 0.0822829
390 0.0824218
391 0.0826005
392 0.0823027
393 0.082263
394 0.0824218
395 0.0825806
396 0.0831563
397 0.0833945
398 0.0833747
399 0.0829181
400 0.083196
401 0.0830571
402 0.0834938
403 0.0832556
404 0.0832357
405 0.0832953
406 0.0834342
407 0.0833747
408 0.0835533
409 0.0839107
410 0.0850223
411 0.0854591
412 0.0858362
413 0.0852407
414 0.0827395
415 0.0816079
416 0.0815881
417 0.0812506
418 0.0811712
419 0.085598
420 0.0859355
421 0.0851811
422 0.0835136
423 0.0847841
424 0.0854194
425 0.0865509
426 0.0877419
427 0.0882581
428 0.0881588
429 0.0860149
430 0.0847444
431 0.0830372
432 0.0826203
433 0.08133
434 0.0802382
435 0.0800199
436 0.080397
437 0.0805757
438 0.0811117
439 0.0810521
440 0.0814491
441 0.0818462
442 0.0828784
443 0.0831365
444 0.087206
445 0.0847047
446 0.0841092
447 0.0837916
448 0.0824814
449 0.0825409
450 0.0821836
451 0.0815087
452 0.0808734
453 0.0817866
454 0.0816476
455 0.0823623
456 0.0827792
457 0.0838511
458 0.0844665
459 0.0865707
460 0.0891712
461 0.0899454
462 0.0934789
463 0.0954045
464 0.0946898
465 0.0981638
466 0.0984615
467 0.0990571
468 0.0997122
469 0.101578
470 0.101717
471 0.102789
472 0.10404
473 0.105509
474 0.107871
475 0.109479
476 0.109975
477 0.111047
478 0.112
479 0.112397
480 0.116486
481 0.11738
482 0.116943
483 0.117479
484 0.118849
485 0.119901
486 0.121787
487 0.122998
488 0.124407
489 0.125082
490 0.126511
491 0.126968
492 0.127702
493 0.128536
494 0.129945
495 0.130759
496 0.131792
497 0.132308
498 0.13328
499 0.135146
500 0.134333
501 0.135226
502 0.135027
503 0.135067
504 0.135166
505 0.13461
506 0.133836
507 0.134273
508 0.134253
509 0.133658
510 0.133161
511 0.13197
512 0.131931
513 0.134352
514 0.134491
515 0.135067
516 0.134948
517 0.134531
518 0.13465
519 0.136397
520 0.136119
521 0.136556
522 0.136357
523 0.137092
524 0.138541
525 0.139077
526 0.138462
527 0.139136
528 0.138819
529 0.139256
530 0.139772
531 0.139672
532 0.139434
533 0.139633
534 0.139176
535 0.139275
536 0.139533
537 0.139712
538 0.14005
539 0.139454
540 0.138978
541 0.139097
542 0.139395
543 0.139037
544 0.135801
545 0.136457
546 0.136675
547 0.137707
548 0.137707
549 0.138104
550 0.137548
551 0.138481
552 0.137886
553 0.137151
554 0.137092
555 0.136873
556 0.137608
557 0.137945
558 0.137648
559 0.139553
560 0.140228
561 0.140923
562 0.140824
563 0.141538
564 0.140407
565 0.140903
566 0.140844
567 0.140189
568 0.139196
569 0.137529
570 0.138283
571 0.137945
572 0.139295
573 0.138481
574 0.138739
575 0.137906
576 0.135305
577 0.133459
578 0.133757
579 0.135404
580 0.136337
581 0.135285
582 0.134253
583 0.131117
584 0.130541
585 0.129092
586 0.127643
587 0.126432
588 0.125241
589 0.124923
590 0.125221
591 0.123792
592 0.121727
593 0.120953
594 0.12006
595 0.118988
596 0.120476
597 0.122998
598 0.122779
599 0.121409
600 0.119444
601 0.117797
602 0.116883
603 0.115136
604 0.115037
605 0.114005
606 0.114203
607 0.114065
608 0.113608
609 0.11204
610 0.110908
611 0.110352
612 0.109935
613 0.109638
614 0.11063
615 0.111007
616 0.111007
617 0.111186
618 0.110591
619 0.115057
620 0.111325
621 0.111027
622 0.111127
623 0.110809
624 0.110452
625 0.110591
626 0.110591
627 0.109955
628 0.110471
629 0.111047
630 0.111246
631 0.111206
632 0.111266
633 0.111623
634 0.110213
635 0.109479
636 0.110015
637 0.110769
638 0.109677
639 0.110491
640 0.10936
641 0.110333
642 0.109737
643 0.110948
644 0.119266
645 0.119325
646 0.120099
647 0.120238
648 0.12137
649 0.12135
650 0.120457
651 0.120238
652 0.120496
653 0.121687
654 0.122561
655 0.123911
656 0.124347
657 0.123256
658 0.121707
659 0.121886
660 0.121409
661 0.122342
662 0.122938
663 0.12266
664 0.12268
665 0.121072
666 0.120993
667 0.12129
668 0.121886
669 0.118868
670 0.11603
671 0.117737
672 0.117638
673 0.116586
674 0.116824
675 0.118829
676 0.118531
677 0.117836
678 0.11736
679 0.1173
680 0.117439
681 0.117181
682 0.117955
683 0.117777
684 0.117975
685 0.117598
686 0.117459
687 0.117777
688 0.117658
689 0.117677
690 0.117916
691 0.116764
692 0.116665
693 0.116586
694 0.122303
695 0.122203
696 0.123454
697 0.12135
698 0.119782
699 0.117062
700 0.116705
701 0.117955
702 0.11871
703 0.118888
704 0.118908
705 0.119464
706 0.118868
707 0.118928
708 0.118174
709 0.118948
710 0.120496
711 0.122402
712 0.121926
713 0.12131
714 0.124189
715 0.124526
716 0.124308
717 0.126769
718 0.126551
719 0.147355
720 0.146462
721 0.147037
722 0.147891
723 0.150333
724 0.150511
725 0.150074
726 0.151127
727 0.151424
728 0.150888
729 0.15069
730 0.15073
731 0.153191
732 0.157578
733 0.155792
734 0.157697
735 0.156526
736 0.161588
737 0.170362
738 0.173221
739 0.174333
740 0.179156
741 0.177092
742 0.177548
743 0.176814
744 0.202422
745 0.215107
746 0.22138
747 0.229558
748 0.22003
749 0.222134
750 0.215663
751 0.222948
752 0.228625
753 0.230968
754 0.235216
755 0.236208
756 0.23063
757 0.219414
758 0.216
759 0.222928
760 0.236824
761 0.242203
762 0.238253
763 0.237677
764 0.230571
765 0.219216
766 0.226561
767 0.232893
768 0.246392
769 0.279841
770 0.280576
771 0.273231
772 0.266144
773 0.259732
774 0.272278
775 0.271146
776 0.271166
777 0.269777
778 0.254471
779 0.252725
780 0.249032
781 0.262174
782 0.266958
783 0.268744
784 0.267335
785 0.259692
786 0.251514
787 0.250561
788 0.248476
789 0.252129
790 0.257191
791 0.258938
792 0.253062
793 0.245717
794 0.238372
795 0.233747
796 0.240159
797 0.242521
798 0.247782
799 0.249886
800 0.243792
801 0.241132
802 0.238829
803 0.23339
804 0.234184
805 0.233231
806 0.232794
807 0.23335
808 0.233151
809 0.2347
810 0.238789
811 0.243176
812 0.248099
813 0.25598
814 0.255504
815 0.257151
816 0.260705
817 0.263484
818 0.264536
819 0.284347
820 0.284109
821 0.284566
822 0.290362
823 0.329926
824 0.332328
825 0.344695
826 0.367623
827 0.373459
828 0.381697
829 0.393171
830 0.401588
831 0.404983
832 0.41602
833 0.420546
834 0.423464
835 0.422888
836 0.426243
837 0.420427
838 0.421955
839 0.423007
840 0.422591
841 0.42261
842 0.420586
843 0.422233
844 0.45195
845 0.449906
846 0.452764
847 0.440615
848 0.43869
849 0.437261
850 0.429538
851 0.429598
852 0.431484
853 0.430809
854 0.426561
855 0.418859
856 0.419732
857 0.428407
858 0.428427
859 0.436367
860 0.43198
861 0.434462
862 0.426462
863 0.424556
864 0.426481
865 0.423047
866 0.423285
867 0.425231
868 0.425767
869 0.447504
870 0.448437
871 0.445916
872 0.446908
873 0.444824
874 0.447305
875 0.438452
876 0.436566
877 0.43462
878 0.425866
879 0.523851
880 0.520774
881 0.524109
882 0.519027
883 0.51869
884 0.515037
885 0.512238
886 0.511087
887 0.51327
888 0.509141
889 0.511524
890 0.514203
891 0.509638
892 0.509777
893 0.494948
894 0.485578
895 0.464
896 0.461816
897 0.461578
898 0.472278
899 0.470392
900 0.472695
901 0.472754
902 0.475395
903 0.474561
904 0.474561
905 0.468347
906 0.467295
907 0.46672
908 0.466382
909 0.466323
910 0.466144
911 0.452288
912 0.442382
913 0.444169
914 0.441886
915 0.453499
916 0.451911
917 0.450481
918 0.447127
919 0.447087
920 0.449211
921 0.461459
922 0.457767
923 0.457171
924 0.458442
925 0.458442
926 0.458362
927 0.458501
928 0.464754
929 0.47595
930 0.478233
931 0.474283
932 0.475117
933 0.476963
934 0.484367
935 0.485499
936 0.480556
937 0.480635
938 0.491494
939 0.493241
940 0.486809
941 0.495702
942 0.480814
943 0.48937
944 0.488159
945 0.486749
946 0.485856
947 0.498045
948 0.494432
949 0.501042
950 0.468467
951 0.463742
952 0.465965
953 0.465548
954 0.549181
955 0.545409
956 0.547037
957 0.529469
958 0.524288
959 0.520715
960 0.522998
961 0.510531
962 0.491613
963 0.491037
964 0.485836
965 0.487266
966 0.484804
967 0.483891
968 0.482759
969 0.475395
970 0.472099
971 0.454233
972 0.462868
973 0.460605
974 0.459037
975 0.459256
976 0.462908
977 0.455226
978 0.454194
979 0.433529
980 0.436685
981 0.430809
982 0.43204
983 0.432099
984 0.431345
985 0.427692
986 0.427732
987 0.423345
988 0.422352
989 0.41864
990 0.420347
991 0.418759
992 0.419613
993 0.421141
994 0.422491
995 0.4213
996 0.419017
997 0.419593
998 0.420308
999 0.417727
1000 0.418481
1001 0.417509
1002 0.417429
1003 0.41729
1004 0.424337
1005 0.43196
1006 0.430908
1007 0.433211
1008 0.433012
1009 0.426065
1010 0.404328
1011 0.400318
1012 0.405757
1013 0.402819
1014 0.402898
1015 0.403553
1016 0.399722
1017 0.402918
1018 0.405102
1019 0.403037
1020 0.407623
1021 0.400159
1022 0.40006
1023 0.399762
1024 0.399484
1025 0.398908
1026 0.400119
1027 0.399722
1028 0.399404
1029 0.39595
1030 0.397419
1031 0.39601
1032 0.397836
1033 0.397836
1034 0.395514
1035 0.41868
1036 0.417429
1037 0.419355
1038 0.41862
1039 0.417965
1040 0.415047
1041 0.415583
1042 0.413419
1043 0.413995
1044 0.411672
1045 0.411811
1046 0.412506
1047 0.410243
1048 0.411136
1049 0.407067
1050 0.407722
1051 0.407583
1052 0.406114
1053 0.406273
1054 0.407146
1055 0.40536
1056 0.406988
1057 0.405479
1058 0.406948
1059 0.405638
1060 0.427355
1061 0.426422
1062 0.427295
1063 0.423385
1064 0.423146
1065 0.419236
1066 0.41731
1067 0.417132
1068 0.415881
1069 0.414035
1070 0.416278
1071 0.403692
1072 0.391007
1073 0.394799
1074 0.391087
1075 0.38938
1076 0.392933
1077 0.397201
1078 0.396903
1079 0.395732
1080 0.397082
1081 0.399722
1082 0.402124
1083 0.407365
1084 0.409866
1085 0.440397
1086 0.441747
1087 0.433707
1088 0.427871
1089 0.422888
1090 0.425926
1091 0.443752
1092 0.445836
1093 0.458362
1094 0.459176
1095 0.44264
1096 0.44536
1097 0.449628
1098 0.444407
1099 0.447067
1100 0.438412
1101 0.42531
1102 0.42269
1103 0.414452
1104 0.431663
1105 0.423385
1106 0.433529
1107 0.431543
1108 0.428645
1109 0.420784
1110 0.451831
1111 0.449608
1112 0.450898
1113 0.445717
1114 0.435851
1115 0.437141
1116 0.437995
1117 0.437578
1118 0.431464
1119 0.429439
1120 0.427792
1121 0.421618
1122 0.42003
1123 0.423007
1124 0.42003
1125 0.419414
1126 0.42136
1127 0.423821
1128 0.4266
1129 0.429677
1130 0.440715
1131 0.435136
1132 0.432218
1133 0.449727
1134 0.448576
1135 0.465806
1136 0.459494
1137 0.460208
1138 0.467236
1139 0.461717
1140 0.483891
1141 0.47194
1142 0.468189
1143 0.455107
1144 0.456496
1145 0.467573
1146 0.44135
1147 0.43869
1148 0.439087
1149 0.416873
1150 0.415702
1151 0.409449
1152 0.398313
1153 0.397975
1154 0.37598
1155 0.384933
1156 0.373161
1157 0.377687
1158 0.383285
1159 0.384199
1160 0.369846
1161 0.375861
1162 0.369251
1163 0.364804
1164 0.358531
1165 0.358988
1166 0.384933
1167 0.37862
1168 0.388109
1169 0.381916
1170 0.385926
1171 0.380427
1172 0.384357
1173 0.384278
1174 0.383087
1175 0.369965
1176 0.370045
1177 0.37066
1178 0.376913
1179 0.374511
1180 0.376476
1181 0.386859
1182 0.400655
1183 0.415186
1184 0.410998
1185 0.482223
1186 0.496893
1187 0.498521
1188 0.503146
1189 0.491772
1190 0.488179
1191 0.483732
1192 0.480774
1193 0.486491
1194 0.49064
1195 0.489449
1196 0.498243
1197 0.512139
1198 0.518372
1199 0.532645
1200 0.525777
1201 0.531792
1202 0.536318
1203 0.541876
1204 0.532129
1205 0.500764
1206 0.481945
1207 0.484268
1208 0.475593
1209 0.469042
1210 0.474938
1211 0.472516
1212 0.483414
1213 0.486213
1214 0.479067
1215 0.482402
1216 0.483256
1217 0.477677
1218 0.491196
1219 0.501201
1220 0.51466
1221 0.509261
1222 0.509062
1223 0.518531
1224 0.518908
1225 0.513926
1226 0.527365
1227 0.513628
1228 0.512854
1229 0.511067
1230 0.51065
1231 0.508744
1232 0.498878
1233 0.500308
1234 0.500467
1235 0.459454
1236 0.45739
1237 0.463722
1238 0.458223
1239 0.455782
1240 0.456596
1241 0.452923
1242 0.463782
1243 0.466402
1244 0.477141
1245 0.472377
1246 0.491811
1247 0.496754
1248 0.477916
1249 0.476506
1250 0.48272
1251 0.477876
1252 0.479682
1253 0.483772
1254 0.485538
1255 0.483295
1256 0.484844
1257 0.484268
1258 0.473132
1259 0.476169
1260 0.499494
1261 0.49604
1262 0.507891
1263 0.51597
1264 0.512199
1265 0.527841
1266 0.495027
1267 0.490779
1268 0.497806
1269 0.478412
1270 0.477935
1271 0.483395
1272 0.46797
1273 0.468586
1274 0.45862
1275 0.447424
1276 0.450878
1277 0.4426
1278 0.4267
1279 0.429955
1280 0.428506
1281 0.428923
1282 0.425012
1283 0.421638
1284 0.419216
1285 0.450958
1286 0.448099
1287 0.448953
1288 0.442362
1289 0.442739
1290 0.440576
1291 0.432337
1292 0.429062
1293 0.439722
1294 0.437241
1295 0.438015
1296 0.419236
1297 0.412169
1298 0.416774
1299 0.418878
1300 0.419553
1301 0.427295
1302 0.439007
1303 0.435891
1304 0.444347
1305 0.443931
1306 0.433985
1307 0.423345
1308 0.422015
1309 0.422491
1310 0.441727
1311 0.437499
1312 0.418303
1313 0.422749
1314 0.419117
1315 0.416159
1316 0.407801
1317 0.405856
1318 0.40272
1319 0.405082
1320 0.411097
1321 0.407365
1322 0.389538
1323 0.391067
1324 0.384576
1325 0.374511
1326 0.379593
1327 0.376179
1328 0.376973
1329 0.381558
1330 0.371275
1331 0.359484
1332 0.362839
1333 0.36131
1334 0.361092
1335 0.351603
1336 0.339117
1337 0.329965
1338 0.335901
1339 0.331831
1340 0.326293
1341 0.327365
1342 0.327663
1343 0.324526
1344 0.324903
1345 0.323871
1346 0.328298
1347 0.324586
1348 0.324506
1349 0.323434
1350 0.325082
1351 0.325697
1352 0.321806
1353 0.322402
1354 0.322184
1355 0.322263
1356 0.324824
1357 0.330581
1358 0.329806
1359 0.331811
1360 0.348228
1361 0.349022
1362 0.348784
1363 0.352298
1364 0.352655
1365 0.352377
1366 0.352754
1367 0.356824
1368 0.362283
1369 0.361191
1370 0.362342
1371 0.363315
1372 0.363335
1373 0.370561
1374 0.369151
1375 0.369826
1376 0.366333
1377 0.357876
1378 0.358293
1379 0.362184
1380 0.365479
1381 0.365261
1382 0.36536
1383 0.36939
1384 0.373181
1385 0.348685
1386 0.3494
1387 0.350253
1388 0.35331
1389 0.350948
1390 0.353787
1391 0.35466
1392 0.359027
1393 0.358313
1394 0.364308
1395 0.365618
1396 0.367583
1397 0.36937
1398 0.37066
1399 0.371692
1400 0.372467
1401 0.375067
1402 0.374809
1403 0.377747
1404 0.378382
1405 0.380447
1406 0.380784
1407 0.385112
1408 0.388447
1409 0.39073
1410 0.4427
1411 0.443037
1412 0.441489
1413 0.444744
1414 0.443156
1415 0.446908
1416 0.448516
1417 0.453221
1418 0.451037
1419 0.463722
1420 0.464377
1421 0.465886
1422 0.46404
1423 0.464635
1424 0.465826
1425 0.464655
1426 0.460089
1427 0.463027
1428 0.466442
1429 0.465628
1430 0.472973
1431 0.474442
1432 0.479007
1433 0.483633
1434 0.487206
1435 0.508744
1436 0.510551
1437 0.507474
1438 0.51331
1439 0.511226
1440 0.514958
1441 0.513489
1442 0.514283
1443 0.517181
1444 0.515871
1445 0.524625
1446 0.534452
1447 0.537965
1448 0.545409
1449 0.554978
1450 0.561052
1451 0.572645
1452 0.576734
1453 0.592556
1454 0.601965
1455 0.609906
1456 0.618402
1457 0.625032
1458 0.636705
1459 0.647583
1460 0.67867
1461 0.678591
1462 0.688
1463 0.692308
1464 0.690362
1465 0.699295
1466 0.713112
1467 0.71605
1468 0.720199
1469 0.721866
1470 0.733221
1471 0.735464
1472 0.735524
1473 0.772169
1474 0.770521
1475 0.783682
1476 0.796248
1477 0.797935
1478 0.801191
1479 0.803256
1480 0.798333
1481 0.800834
1482 0.806789
1483 0.809767
1484 0.818084
1485 0.864516
1486 0.867494
1487 0.8374
1488 0.838015
1489 0.82795
1490 0.851355
1491 0.826422
1492 0.822015
1493 0.848079
1494 0.859256
1495 0.86132
1496 0.895841
1497 0.891831
1498 0.891891
1499 0.928794
1500 0.928814
1501 0.929012
1502 0.916705
1503 0.882541
1504 0.878293
1505 0.871146
1506 0.864
1507 0.854233
1508 0.843395
1509 0.849707
1510 0.846412
1511 0.846372
1512 0.85733
1513 0.850243
1514 0.840278
1515 0.847801
1516 0.844923
1517 0.836744
1518 0.83206
1519 0.829995
1520 0.819831
1521 0.784556
1522 0.790471
1523 0.790055
1524 0.775444
1525 0.774928
1526 0.778839
1527 0.778263
1528 0.763375
1529 0.775206
1530 0.778025
1531 0.771375
1532 0.784973
1533 0.787236
1534 0.80004
1535 0.819077
1536 0.795613
1537 0.795216
1538 0.797459
1539 0.808596
1540 0.808655
1541 0.8
1542 0.802561
1543 0.794898
1544 0.774868
1545 0.763414
1546 0.751127
1547 0.72405
1548 0.710531
1549 0.687742
1550 0.664615
1551 0.653598
1552 0.648377
1553 0.641608
1554 0.629975
1555 0.632496
1556 0.627494
1557 0.639027
1558 0.622094
1559 0.617886
1560 0.621935
1561 0.627891
1562 0.626223
1563 0.612963
1564 0.603017
1565 0.592615
1566 0.592576
1567 0.590134
1568 0.595653
1569 0.594958
1570 0.640794
1571 0.655583
1572 0.6613
1573 0.668486
1574 0.676367
1575 0.671146
1576 0.670511
1577 0.6614
1578 0.669955
1579 0.677558
1580 0.635494
1581 0.648139
1582 0.658084
1583 0.678213
1584 0.688357
1585 0.684328
1586 0.70799
1587 0.726035
1588 0.734849
1589 0.743007
1590 0.747414
1591 0.74797
1592 0.766015
1593 0.763414
1594 0.77471
1595 0.793945
1596 0.801032
1597 0.800318
1598 0.788407
1599 0.77334
1600 0.776218
1601 0.795315
1602 0.848953
1603 0.857787
1604 0.855603
1605 0.855226
1606 0.825926
1607 0.840377
1608 0.832139
1609 0.855563
1610 0.830849
1611 0.833926
1612 0.827057
1613 0.818779
1614 0.826819
1615 0.826561
1616 0.847643
1617 0.853558
1618 0.858362
1619 0.863742
1620 0.873767
1621 0.864913
1622 0.860328
1623 0.8694
1624 0.837677
1625 0.83466
1626 0.835236
1627 0.841727
1628 0.84133
1629 0.844983
1630 0.852844
1631 0.880377
1632 0.901797
1633 0.908744
1634 0.905509
1635 0.90938
1636 0.918471
1637 0.930243
1638 0.929489
1639 0.92661
1640 0.937806
1641 0.929032
1642 0.93072
1643 0.910333
1644 0.886769
1645 0.888179
1646 0.880397
1647 0.84937
1648 0.829896
1649 0.828189
1650 0.801826
1651 0.776734
1652 0.752238
1653 0.732844
1654 0.737211
1655 0.735563
1656 0.735484
1657 0.734809
1658 0.740784
1659 0.727682
1660 0.750372
1661 0.744715
1662 0.751404
1663 0.758074
1664 0.754958
1665 0.766352
1666 0.764744
1667 0.772407
1668 0.768993
1669 0.765955
1670 0.775206
1671 0.762581
1672 0.756328
1673 0.776
1674 0.781638
1675 0.779533
1676 0.784834
1677 0.81205
1678 0.821082
1679 0.807722
1680 0.805221
1681 0.791127
1682 0.787553
1683 0.804268
1684 0.79861
1685 0.714065
1686 0.744218
1687 0.753588
1688 0.735543
1689 0.735385
1690 0.729469
1691 0.73864
1692 0.801767
1693 0.8133
1694 0.834739
1695 0.850541
1696 0.853538
1697 0.858184
1698 0.870571
1699 0.864119
1700 0.870868
1701 0.864099
1702 0.86128
1703 0.847305
1704 0.799246
1705 0.802263
1706 0.813161
1707 0.823067
1708 0.821519
1709 0.840834
1710 0.857568
1711 0.854968
1712 0.862491
1713 0.847921
1714 0.852645
1715 0.841588
1716 0.84667
1717 0.841628
1718 0.830253
1719 0.818303
1720 0.812189
1721 0.790352
1722 0.769092
1723 0.77336
1724 0.759424
1725 0.74005
1726 0.748189
1727 0.742908
1728 0.738065
1729 0.731732
1730 0.721012
1731 0.715871
1732 0.726213
1733 0.704615
1734 0.712854
1735 0.69465
1736 0.695107
1737 0.694392
1738 0.686571
1739 0.671901
1740 0.6667
1741 0.672218
1742 0.695087
1743 0.701975
1744 0.719325
1745 0.710233
1746 0.715931
1747 0.715593
1748 0.753509
1749 0.743007
1750 0.759404
1751 0.760536
1752 0.751305
1753 0.749002
1754 0.72004
1755 0.693638
1756 0.679127
1757 0.663285
1758 0.670511
1759 0.659097
1760 0.643514
1761 0.659653
1762 0.652308
1763 0.659533
1764 0.642958
1765 0.636486
1766 0.631325
1767 0.621975
1768 0.61739
1769 0.62797
1770 0.635533
1771 0.635077
1772 0.643176
1773 0.649985
1774 0.648278
1775 0.669221
1776 0.674859
1777 0.694452
1778 0.702174
1779 0.712278
1780 0.719881
1781 0.730759
1782 0.725241
1783 0.722342
1784 0.718352
1785 0.700725
1786 0.691454
1787 0.692069
1788 0.676903
1789 0.676586
1790 0.668328
1791 0.675275
1792 0.668844
1793 0.669479
1794 0.660407
1795 0.667712
1796 0.666184
1797 0.663087
1798 0.66271
1799 0.651136
1800 0.630809
1801 0.61598
1802 0.613737
1803 0.615603
1804 0.61203
1805 0.620189
1806 0.653122
1807 0.656556
1808 0.680596
1809 0.72401
1810 0.725856
1811 0.741141
1812 0.747911
1813 0.752417
1814 0.726769
1815 0.737608
1816 0.766749
1817 0.690859
1818 0.690045
1819 0.698025
1820 0.681648
1821 0.683931
1822 0.691672
1823 0.699871
1824 0.706739
1825 0.705747
1826 0.704953
1827 0.713568
1828 0.696337
1829 0.642422
1830 0.609151
1831 0.592675
1832 0.566293
1833 0.548189
1834 0.5653
1835 0.518908
1836 0.525876
1837 0.535603
1838 0.552357
1839 0.558849
1840 0.5627
1841 0.650342
1842 0.607266
1843 0.604109
1844 0.607424
1845 0.599484
1846 0.594065
1847 0.633449
1848 0.655464
1849 0.675792
1850 0.677896
1851 0.686432
1852 0.685201
1853 0.662352
1854 0.609251
1855 0.584457
1856 0.534412
1857 0.485598
1858 0.467454
1859 0.43069
1860 0.385469
1861 0.365062
1862 0.338859
1863 0.308069
1864 0.290223
1865 0.257826
1866 0.214968
1867 0.194561
1868 0.155236
1869 0.131176
1870 0.118988
1871 0.101558
1872 0.101916
1873 0.105429
1874 0.117618
1875 0.127087
1876 0.175464
1877 0.132367
1878 0.133002
1879 0.134471
1880 0.135166
1881 0.182988
1882 0.187573
1883 0.159663
1884 0.174055
1885 0.189241
1886 0.2107
1887 0.249667
1888 0.269419
1889 0.30531
1890 0.328734
1891 0.336397
1892 0.356903
1893 0.383682
1894 0.40262
1895 0.430948
1896 0.445499
1897 0.445558
1898 0.426422
1899 0.422809
1900 0.420447
1901 0.426203
1902 0.451196
1903 0.467811
1904 0.500764
1905 0.549499
1906 0.567186
1907 0.62799
1908 0.674084
1909 0.69864
1910 0.715216
1911 0.711345
1912 0.71873
1913 0.682263
1914 0.654452
1915 0.658581
1916 0.677797
1917 0.659256
1918 0.64528
1919 0.627315
1920 0.627891
1921 0.631504
1922 0.634084
1923 0.612665
1924 0.577409
1925 0.564784
1926 0.569568
1927 0.575702
1928 0.55863
1929 0.56135
1930 0.55728
1931 0.55597
1932 0.553767
1933 0.556189
1934 0.539871
1935 0.509221
1936 0.52127
1937 0.54404
1938 0.572069
1939 0.592357
1940 0.603414
1941 0.624357
1942 0.621757
1943 0.641429
1944 0.659375
1945 0.673529
1946 0.690164
1947 0.708943
1948 0.714839
1949 0.71601
1950 0.711266
1951 0.715454
1952 0.709658
1953 0.711722
1954 0.6986
1955 0.692149
1956 0.718789
1957 0.71863
1958 0.709916
1959 0.679742
1960 0.638233
1961 0.611335
1962 0.5813
1963 0.58001
1964 0.566749
1965 0.516903
1966 0.509995
1967 0.454551
1968 0.419792
1969 0.398074
1970 0.35198
1971 0.296774
1972 0.275414
1973 0.231504
1974 0.189439
1975 0.170839
1976 0.128873
1977 0.104615
1978 0.091871
1979 0.0737866
1980 0.0633052
1981 0.0616774
1982 0.0620546
1983 0.0586799
1984 0.0568139
1985 0.0561191
1986 0.050005
1987 0.0477221
1988 0.0432953
1989 0.0432357
1990 0.0431365
1991 0.0445261
1992 0.0467494
1993 0.0466104
1994 0.0475633
1995 0.0432754
1996 0.0423424
1997 0.0409926
1998 0.0423424
1999 0.0412705
2000 0.0375583
2001 0.036665
2002 0.0338859
2003 0.032
2004 0.029062
2005 0.0279901
2006 0.0307295
2007 0.0360496
2008 0.0371613
2009 0.0406749
2010 0.0378759
2011 0.0395831
2012 0.0438114
2013 0.0409727
2014 0.044129
2015 0.0448635
2016 0.0497469
2017 0.0543921
2018 0.0761886
2019 0.071603
2020 0.0747395
2021 0.0718213
2022 0.0711067
2023 0.0719801
2024 0.0944516
2025 0.147156
2026 0.183107
2027 0.235216
2028 0.304615
2029 0.341638
2030 0.405797
2031 0.440774
2032 0.433151
2033 0.435375
2034 0.439345
2035 0.46801
2036 0.485876
2037 0.488
2038 0.496675
2039 0.497191
2040 0.503444
2041 0.517995
2042 0.521826
2043 0.532427
2044 0.536079
2045 0.509181
2046 0.512238
2047 0.52262
2048 0.542055
2049 0.56131
2050 0.560933
2051 0.55327
2052 0.608476
2053 0.607285
2054 0.527722
2055 0.50132
2056 0.505092
2057 0.494094
2058 0.493598
2059 0.468447
2060 0.434561
2061 0.411196
2062 0.404367
2063 0.378521
2064 0.403672
2065 0.393906
2066 0.415623
2067 0.399325
2068 0.387494
2069 0.375325
2070 0.391067
2071 0.382035
2072 0.379275
2073 0.357519
2074 0.336993
2075 0.302313
2076 0.28401
2077 0.27194
2078 0.242819
2079 0.207087
2080 0.191801
2081 0.160516
2082 0.132268
2083 0.122561
2084 0.0989777
2085 0.0938561
2086 0.093995
2087 0.0944913
2088 0.0934789
2089 0.0924069
2090 0.0924665
2091 0.0935782
2092 0.0949677
2093 0.0953846
2094 0.0930422
2095 0.093737
2096 0.0937767
2097 0.0930422
2098 0.0923871
2099 0.0908189
2100 0.091335
2101 0.0906005
2102 0.0930025
2103 0.09334
2104 0.0938759
2105 0.0918511
2106 0.0944119
2107 0.0963375
2108 0.0972109
2109 0.0981042
2110 0.101141
2111 0.102154
2112 0.101697
2113 0.100526
2114 0.104556
2115 0.100744
2116 0.102194
2117 0.101519
2118 0.105509
2119 0.105787
2120 0.108407
2121 0.111127
2122 0.114878
2123 0.122025
2124 0.126531
2125 0.126968
2126 0.131037
2127 0.142055
2128 0.141419
2129 0.151623
2130 0.16401
2131 0.175643
2132 0.180387
2133 0.19599
2134 0.199027
2135 0.204883
2136 0.226303
2137 0.231127
2138 0.239404
2139 0.260367
2140 0.273112
2141 0.303623
2142 0.346759
2143 0.359345
2144 0.365181
2145 0.378442
2146 0.373082
2147 0.416615
2148 0.414392
2149 0.415603
2150 0.429102
2151 0.42672
2152 0.426382
2153 0.404328
2154 0.404089
2155 0.418203
2156 0.452407
2157 0.469419
2158 0.471027
2159 0.504933
2160 0.51736
2161 0.528993
2162 0.551801
2163 0.58263
2164 0.597578
2165 0.610541
2166 0.627494
2167 0.636923
2168 0.651871
2169 0.669658
2170 0.672397
2171 0.689449
2172 0.704218
2173 0.707375
2174 0.708149
2175 0.713529
2176 0.709102
2177 0.703504
2178 0.675851
2179 0.66799
2180 0.650481
2181 0.631464
2182 0.618819
2183 0.602541
2184 0.561886
2185 0.535563
2186 0.516467
2187 0.49467
2188 0.481052
2189 0.452605
2190 0.420864
2191 0.402184
2192 0.360993
2193 0.327146
2194 0.311007
2195 0.283414
2196 0.25999
2197 0.250561
2198 0.232099
2199 0.213201
2200 0.208119
2201 0.191524
2202 0.162779
2203 0.148923
2204 0.123117
2205 0.11202
2206 0.111702
2207 0.104675
2208 0.0942531
2209 0.0854591
2210 0.0820844
2211 0.070531
2212 0.0618958
2213 0.0504417
2214 0.0404764
2215 0.0321985
2216 0.0284268
2217 0.025072
2218 0.0217767
2219 0.0255682
2220 0.0242779
2221 0.0251315
2222 0.0242978
2223 0.023067
2224 0.0328536
2225 0.0295583
2226 0.0274541
2227 0.0306303
2228 0.0365261
2229 0.0328337
2230 0.0313846
2231 0.034005
2232 0.034799
2233 0.0360893
2234 0.0391067
2235 0.0308288
2236 0.0316625
2237 0.0333896
2238 0.0339653
2239 0.0380149
2240 0.0364268
2241 0.0367444
2242 0.038134
2243 0.0348586
2244 0.0405161
2245 0.0419454
2246 0.0435732
2247 0.0411712
2248 0.0390868
2249 0.045737
2250 0.0450819
2251 0.0457568
2252 0.0497866
2253 0.0499851
2254 0.0512357
2255 0.0583424
2256 0.0526452
2257 0.0544913
2258 0.0563573
2259 0.0584615
2260 0.0519901
2261 0.0539752
2262 0.0633251
2263 0.0635434
2264 0.0596526
2265 0.0593151
2266 0.0596328
2267 0.0612605
2268 0.0665409
2269 0.064397
2270 0.0617767
2271 0.0620347
2272 0.0650521
2273 0.0637618
2274 0.0665806
2275 0.0683275
2276 0.0710273
2277 0.0687246
2278 0.0683672
2279 0.0676129
2280 0.0656278
2281 0.0657072
2282 0.0630868
2283 0.0592357
2284 0.0573499
2285 0.0534789
2286 0.0484963
2287 0.0453002
2288 0.0407146
2289 0.0369429
2290 0.0343226
2291 0.0298362
2292 0.0230273
2293 0.0194144
2294 0.0152258
2295 0.0120695
2296 0.0108586
2297 0.0109777
2298 0.0130819
2299 0.0108387
2300 0.0131017
2301 0.0410521
2302 0.0596328
2303 0.0960199
2304 0.133082
2305 0.152337
2306 0.190571
2307 0.217985
2308 0.234203
2309 0.270809
2310 0.284605
2311 0.287107
2312 0.290342
2313 0.286789
2314 0.280754
2315 0.265429
2316 0.257251
2317 0.24667
2318 0.236069
2319 0.247404
2320 0.243633
2321 0.244824
2322 0.241906
2323 0.238432
2324 0.196566
2325 0.193608
2326 0.189419
2327 0.179256
2328 0.169489
2329 0.166055
2330 0.171414
2331 0.160854
2332 0.154481
2333 0.155514
2334 0.143623
2335 0.129509
2336 0.11998
2337 0.108268
2338 0.098005
2339 0.0920695
2340 0.0968536
2341 0.102174
2342 0.107017
2343 0.109122
2344 0.111345
2345 0.116764
2346 0.121945
2347 0.119107
2348 0.114898
2349 0.0973896
2350 0.0960596
2351 0.0889132
2352 0.0772208
2353 0.0709677
2354 0.0630074
2355 0.0539752
2356 0.048
2357 0.0398809
2358 0.0294392
2359 0.0251712
2360 0.0149876
2361 0.008933
2362 0.00607444
2363 0.000694789
2364 0
2365 0
2366 0
2367 0
2368 0
2369 0
2370 0
2371 0
2372 0
2373 0
2374 0.00216377
2375 0.00952854
2376 0.0198908
2377 0.0253499
2378 0.0356328
2379 0.0376774
2380 0.0388486
2381 0.0480596
2382 0.051732
2383 0.0590372
2384 0.0599702
2385 0.0583027
2386 0.0603077
2387 0.0590372
2388 0.0562978
2389 0.0525261
2390 0.0472655
2391 0.0402382
2392 0.0379752
2393 0.0285459
2394 0.0235434
2395 0.0202878
2396 0.0144318
2397 0.00762283
2398 0.00420844
2399 0
2400 0
2401 0
2402 0
2403 0
2404 0
2405 0
2406 0.0199901
2407 0.0411911
2408 0.0900645
2409 0.139772
2410 0.151146
2411 0.167583
2412 0.205697
2413 0.219931
2414 0.232913
2415 0.235891
2416 0.240218
2417 0.244605
2418 0.264536
2419 0.270055
2420 0.27994
2421 0.272655
2422 0.257012
2423 0.222114
2424 0.193568
2425 0.176615
2426 0.143325
2427 0.111663
2428 0.0962382
2429 0.0644566
2430 0.044129
2431 0.0332506
2432 0.01334
2433 0.00109181
2434 0
2435 0
2436 0
2437 0
2438 0
2439 0
2440 0
2441 0
2442 0
2443 0
2444 0
2445 0
2446 0
2447 0
2448 0
2449 0
2450 0
2451 0
2452 0
2453 0
2454 0
2455 0
2456 0.0248933
2457 0.0569132
2458 0.0728536
2459 0.104655
2460 0.135563
2461 0.150789
2462 0.180685
2463 0.194521
2464 0.1947
2465 0.187851
2466 0.177727
2467 0.172685
2468 0.173578
2469 0.168457
2470 0.173419
2471 0.163474
2472 0.134988
2473 0.124963
2474 0.107275
2475 0.0969132
2476 0.0890124
2477 0.0698561
2478 0.0526452
2479 0.0441092
2480 0.0256278
2481 0.010402
2482 0.00226303
2483 0
2484 0
2485 0
2486 0
2487 0
2488 0
2489 0
2490 0
2491 0
2492 0
2493 0
2494 0
2495 0
2496 0
2497 0
2498 0
2499 0
2500 0
2501 0.00895285
2502 0.0178859
2503 0.0238015
2504 0.0361687
2505 0.0500844
2506 0.056933
2507 0.0676526
2508 0.0758114
2509 0.0790471
2510 0.0787494
2511 0.082005
2512 0.0819851
2513 0.0798015
2514 0.0736476
2515 0.0691613
2516 0.0623127
2517 0.0515136
2518 0.0468288
2519 0.038273
2520 0.0283275
2521 0.0228486
2522 0.0137171
2523 0.00569727
2524 0.00275931
2525 0
2526 0
2527 0
2528 0
2529 0
2530 0
2531 0
2532 0
2533 0
2534 0
2535 0.000694789
2536 0.000694789
2537 0.000694789
2538 0.000694789
2539 0.000694789
2540 0.0101241
2541 0.0374789
2542 0.0519107
2543 0.0888337
2544 0.121945
2545 0.132109
2546 0.167365
2547 0.212983
2548 0.234739
2549 0.301241
2550 0.327166
2551 0.336179
2552 0.354065
2553 0.342571
2554 0.346918
2555 0.348864
2556 0.360794
2557 0.357816
2558 0.334333
2559 0.307692
2560 0.295921
2561 0.2534
2562 0.217767
2563 0.198055
2564 0.16397
2565 0.129489
2566 0.113846
2567 0.0849826
2568 0.0587395
2569 0.04667
2570 0.0278114
2571 0.0139156
2572 0.0123275
2573 0.00694789
2574 0.00113151
2575 0
2576 0
2577 0
2578 0
2579 0
2580 0
2581 0
2582 0
2583 0
2584 0
2585 0
2586 0
2587 0
2588 0
2589 0
2590 0
2591 0
2592 0
2593 0
2594 0
2595 0
2596 0
2597 0
2598 0
2599 0
2600 0
2601 0
2602 0
2603 0
2604 0
2605 0
2606 0
2607 0
2608 0
2609 0
2610 0
2611 0
2612 0
2613 0
2614 0
2615 0
2616 0
2617 0
2618 0
2619 0
2620 0
2621 0
2622 0
2623 0
2624 0
2625 0
2626 0
2627 0
2628 0
2629 0
2630 0
2631 0
2632 0
2633 0
2634 0
2635 0
2636 0
2637 0
2638 0
2639 0
2640 0
2641 0
2642 0
2643 0
2644 0
2645 0
2646 0
2647 0
2648 0
2649 0
2650 0
2651 0
2652 0
2653 0
2654 0.00184615
2655 0.0263623
2656 0.0396824
2657 0.0685459
2658 0.096397
2659 0.109221
2660 0.137965
2661 0.161648
2662 0.170998
2663 0.198253
2664 0.200476
2665 0.19605
2666 0.177667
2667 0.176774
2668 0.186084
2669 0.189578
2670 0.199444
2671 0.206888
2672 0.231682
2673 0.248754
2674 0.253181
2675 0.26928
2676 0.288139
2677 0.288556
2678 0.299931
2679 0.320258
2680 0.326134
2681 0.344397
2682 0.366809
2683 0.365975
2684 0.357737
2685 0.364506
2686 0.374114
2687 0.396685
2688 0.420069
2689 0.420169
2690 0.434382
2691 0.446829
2692 0.441767
2693 0.426025
2694 0.410144
2695 0.405816
2696 0.393548
2697 0.368397
2698 0.350055
2699 0.315553
2700 0.281191
2701 0.261638
2702 0.225568
2703 0.18932
2704 0.17205
2705 0.136794
2706 0.10005
2707 0.0823424
2708 0.0503424
2709 0.0217965
2710 0.0155831
2711 0
2712 0
2713 0
2714 0
2715 0
2716 0
2717 0
2718 0
2719 0
2720 0
2721 0
2722 0
2723 0.00035732
2724 0.00303722
2725 0.00331514
2726 0.00426799
2727 0.00659057
2728 0.00728536
2729 0.01066
2730 0.0148288
2731 0.0175881
2732 0.0214988
2733 0.0257667
2734 0.0293995
2735 0.0334293
2736 0.0367246
2737 0.0390868
2738 0.0432953
2739 0.0480199
2740 0.050402
2741 0.0527047
2742 0.0526253
2743 0.0561588
2744 0.0581241
2745 0.0565757
2746 0.0593151
2747 0.0575285
2748 0.0583027
2749 0.0598313
2750 0.0563573
2751 0.0541538
2752 0.0528437
2753 0.0503027
2754 0.0498462
2755 0.05066
2756 0.0526253
2757 0.0506203
2758 0.0501241
2759 0.0530223
2760 0.0497469
2761 0.049866
2762 0.048536
2763 0.0467295
2764 0.0464715
2765 0.0471067
2766 0.0514144
2767 0.053737
2768 0.0537965
2769 0.0540943
2770 0.0524268
2771 0.0503424
2772 0.0532208
2773 0.0517916
2774 0.0509975
2775 0.0489529
2776 0.0499454
2777 0.0475037
2778 0.0486749
2779 0.0491315
2780 0.0507196
2781 0.0514938
2782 0.054928
2783 0.065072
2784 0.0760893
2785 0.0774392
2786 0.0802382
2787 0.0809727
2788 0.0836923
2789 0.0877221
2790 0.0873846
2791 0.089469
2792 0.0886551
2793 0.0864318
2794 0.0874045
2795 0.0814888
2796 0.0800596
2797 0.0800596
2798 0.0782134
2799 0.0774988
2800 0.0773002
2801 0.0763077
2802 0.0752953
2803 0.0755533
2804 0.0774392
2805 0.0788883
2806 0.0791266
2807 0.0815682
2808 0.0831762
2809 0.0834541
2810 0.083732
2811 0.0834144
2812 0.083196
2813 0.081727
2814 0.0795236
2815 0.0786501
2816 0.0776179
2817 0.076665
2818 0.0762084
2819 0.0770422
2820 0.0769429
2821 0.078928
2822 0.0792258
2823 0.0774988
2824 0.0798809
2825 0.0760496
2826 0.0759901
2827 0.0728139
2828 0.071206
2829 0.0710074
2830 0.0701141
2831 0.0696774
2832 0.0691811
2833 0.0675732
2834 0.0666402
2835 0.0640199
2836 0.0635831
2837 0.0614988
2838 0.0614194
2839 0.0614988
2840 0.064139
2841 0.0669181
2842 0.0686055
2843 0.0724963
2844 0.073469
2845 0.0728337
2846 0.0722581
2847 0.072397
2848 0.072139
2849 0.0715434
2850 0.0712457
2851 0.0713846
2852 0.071206
2853 0.0712854
2854 0.0714839
2855 0.0703325
2856 0.0698164
2857 0.0700943
2858 0.0710273
2859 0.0716228
2860 0.0690223
2861 0.0692407
2862 0.0683672
2863 0.0677519
2864 0.0688635
2865 0.065469
2866 0.0666402
2867 0.0674541
2868 0.0668586
2869 0.0683672
2870 0.0699752
2871 0.0715236
2872 0.071464
2873 0.0688238
2874 0.0655881
2875 0.0637022
2876 0.0593747
2877 0.0574491
2878 0.0564566
2879 0.0557816
2880 0.0578263
2881 0.0589975
2882 0.0629479
2883 0.0666203
2884 0.0691216
2885 0.0642184
2886 0.062531
2887 0.0641588
2888 0.066938
2889 0.0683077
2890 0.0684069
2891 0.0653499
2892 0.058938
2893 0.0566749
2894 0.0546898
2895 0.0549876
2896 0.0557816
2897 0.0619752
2898 0.0598908
2899 0.0575881
2900 0.0595931
2901 0.0590174
2902 0.0555037
2903 0.0553846
2904 0.0553648
2905 0.0554243
2906 0.0551663
2907 0.0556824
2908 0.0555037
2909 0.0559007
2910 0.0554045
2911 0.0553052
2912 0.0557022
2913 0.0571315
2914 0.057866
2915 0.057469
2916 0.0563176
2917 0.0556427
2918 0.0566551
2919 0.05733
2920 0.05733
2921 0.0581638
2922 0.0597122
2923 0.0602283
2924 0.0605062
2925 0.0585211
2926 0.0567345
2927 0.0553251
2928 0.0558015
2929 0.0560199
2930 0.0605658
2931 0.0605062
2932 0.0583424
2933 0.0638015
2934 0.0605062
2935 0.0545906
2936 0.0541935
2937 0.0544913
2938 0.0542134
2939 0.0542134
2940 0.0543524
2941 0.0547295
2942 0.0550471
2943 0.0546303
2944 0.054928
2945 0.0553648
2946 0.0557022
2947 0.0560794
2948 0.0564764
2949 0.0578065
2950 0.0586402
2951 0.0598908
2952 0.0580248
2953 0.0552854
2954 0.0541141
2955 0.0537767
2956 0.0540744
2957 0.0546501
2958 0.0577667
2959 0.0581241
2960 0.0549677
2961 0.0560794
2962 0.0547891
2963 0.0550868
2964 0.0552457
2965 0.0554243
2966 0.055206
2967 0.0554243
2968 0.0558015
2969 0.0564169
2970 0.0564963
2971 0.056139
2972 0.0568337
2973 0.0566352
2974 0.0566352
2975 0.0570521
2976 0.0567742
2977 0.0570521
2978 0.0570323
2979 0.0563772
2980 0.056139
2981 0.0566154
2982 0.0570918
2983 0.0581638
2984 0.0577667
2985 0.07333
2986 0.0740248
2987 0.0757122
2988 0.0724963
2989 0.0701141
2990 0.0757519
2991 0.0781538
2992 0.0784318
2993 0.0790471
2994 0.0765261
2995 0.0772605
2996 0.0785509
2997 0.0811712
2998 0.0832357
2999 0.0833548
3000 0.0882184
3001 0.0893102
3002 0.089866
3003 0.0922878
3004 0.0940546
3005 0.0948089
3006 0.0994739
3007 0.101042
3008 0.109002
3009 0.114739
3010 0.119682
3011 0.126134
3012 0.130422
3013 0.129787
3014 0.138859
3015 0.141975
3016 0.144933
3017 0.149876
3018 0.153747
3019 0.151702
3020 0.153012
3021 0.159722
3022 0.163434
3023 0.169826
3024 0.170164
3025 0.172744
3026 0.174094
3027 0.174849
3028 0.178005
3029 0.180705
3030 0.186978
3031 0.188983
3032 0.191841
3033 0.192973
3034 0.190928
3035 0.22527
3036 0.240119
3037 0.241945
3038 0.242422
3039 0.235553
3040 0.232655
3041 0.236923
3042 0.229697
3043 0.227375
3044 0.223365
3045 0.227633
3046 0.225191
3047 0.2347
3048 0.235553
3049 0.235196
3050 0.238829
3051 0.23998
3052 0.238035
3053 0.239027
3054 0.241568
3055 0.241588
3056 0.240596
3057 0.242005
3058 0.239186
3059 0.237757
3060 0.256476
3061 0.254154
3062 0.25467
3063 0.256337
3064 0.239246
3065 0.24929
3066 0.237598
3067 0.248873
3068 0.232715
3069 0.233489
3070 0.246868
3071 0.243533
3072 0.243653
3073 0.245002
3074 0.253201
3075 0.257667
3076 0.260169
3077 0.257667
3078 0.252288
3079 0.251613
3080 0.24673
3081 0.245876
3082 0.254094
3083 0.250958
3084 0.251772
3085 0.268467
3086 0.260844
3087 0.263782
3088 0.264139
3089 0.256258
3090 0.254372
3091 0.25338
3092 0.251533
3093 0.251474
3094 0.249052
3095 0.248218
3096 0.247007
3097 0.249846
3098 0.252744
3099 0.252744
3100 0.253479
3101 0.260625
3102 0.263404
3103 0.262293
3104 0.268328
3105 0.268467
3106 0.266303
3107 0.269717
3108 0.271762
3109 0.271424
3110 0.291375
3111 0.292546
3112 0.29205
3113 0.294511
3114 0.292844
3115 0.291236
3116 0.289667
3117 0.282561
3118 0.283653
3119 0.293439
3120 0.29465
3121 0.291017
3122 0.286531
3123 0.285856
3124 0.286948
3125 0.284248
3126 0.284208
3127 0.281926
3128 0.282283
3129 0.282878
3130 0.281965
3131 0.279643
3132 0.277975
3133 0.276109
3134 0.275335
3135 0.278868
3136 0.269916
3137 0.268705
3138 0.267514
3139 0.2694
3140 0.276864
3141 0.277896
3142 0.280794
3143 0.283355
3144 0.276645
3145 0.277459
3146 0.275811
3147 0.275077
3148 0.275375
3149 0.268208
3150 0.272695
3151 0.270412
3152 0.264159
3153 0.264
3154 0.263266
3155 0.263067
3156 0.263504
3157 0.261658
3158 0.262035
3159 0.263643
3160 0.281608
3161 0.279424
3162 0.281687
3163 0.279186
3164 0.275831
3165 0.277578
3166 0.276705
3167 0.273211
3168 0.273548
3169 0.27065
3170 0.270749
3171 0.269122
3172 0.265012
3173 0.264357
3174 0.26668
3175 0.263663
3176 0.273727
3177 0.275533
3178 0.273945
3179 0.272973
3180 0.271682
3181 0.260764
3182 0.26138
3183 0.261439
3184 0.264397
3185 0.289251
3186 0.290025
3187 0.282839
3188 0.285102
3189 0.285419
3190 0.278769
3191 0.28669
3192 0.288079
3193 0.286471
3194 0.287801
3195 0.27861
3196 0.27595
3197 0.272615
3198 0.264139
3199 0.26537
3200 0.261181
3201 0.26261
3202 0.258541
3203 0.257906
3204 0.255861
3205 0.255385
3206 0.259256
3207 0.253876
3208 0.256
3209 0.254868
3210 0.262015
3211 0.262531
3212 0.264179
3213 0.263603
3214 0.263563
3215 0.262412
3216 0.270213
3217 0.269201
3218 0.269697
3219 0.268149
3220 0.265092
3221 0.256179
3222 0.256774
3223 0.256119
3224 0.252566
3225 0.253757
3226 0.253995
3227 0.256377
3228 0.267772
3229 0.269002
3230 0.270253
3231 0.267553
3232 0.266938
3233 0.266184
3234 0.264695
3235 0.256278
3236 0.254412
3237 0.253638
3238 0.250263
3239 0.252248
3240 0.250303
3241 0.251911
3242 0.249092
3243 0.252328
3244 0.251653
3245 0.25201
3246 0.251593
3247 0.251275
3248 0.250184
3249 0.250005
3250 0.250025
3251 0.246074
3252 0.245876
3253 0.245479
3254 0.237082
3255 0.235414
3256 0.234938
3257 0.233588
3258 0.238988
3259 0.240139
3260 0.255821
3261 0.251097
3262 0.255067
3263 0.265191
3264 0.266998
3265 0.259553
3266 0.252308
3267 0.251275
3268 0.249132
3269 0.255841
3270 0.258581
3271 0.260764
3272 0.261916
3273 0.261896
3274 0.262114
3275 0.26402
3276 0.287563
3277 0.28661
3278 0.287047
3279 0.288099
3280 0.286769
3281 0.286213
3282 0.2933
3283 0.293677
3284 0.294769
3285 0.311801
3286 0.311285
3287 0.303047
3288 0.294134
3289 0.287762
3290 0.283355
3291 0.287782
3292 0.29062
3293 0.2987
3294 0.298303
3295 0.293598
3296 0.288278
3297 0.291315
3298 0.289052
3299 0.290501
3300 0.283792
3301 0.281608
3302 0.283037
3303 0.283871
3304 0.28266
3305 0.283335
3306 0.283573
3307 0.283136
3308 0.282481
3309 0.284387
3310 0.292645
3311 0.293856
3312 0.294055
3313 0.294313
3314 0.291772
3315 0.28798
3316 0.286471
3317 0.284228
3318 0.280854
3319 0.286134
3320 0.286233
3321 0.276347
3322 0.280695
3323 0.277082
3324 0.274521
3325 0.276784
3326 0.277935
3327 0.280536
3328 0.278313
3329 0.276506
3330 0.271464
3331 0.272754
3332 0.271226
3333 0.272238
3334 0.271821
3335 0.269102
3336 0.267672
3337 0.266839
3338 0.265112
3339 0.26136
3340 0.260089
3341 0.260526
3342 0.258422
3343 0.256873
3344 0.256079
3345 0.255007
3346 0.252864
3347 0.253479
3348 0.253499
3349 0.253201
3350 0.251593
3351 0.249926
3352 0.249509
3353 0.247484
3354 0.246273
3355 0.244963
3356 0.246551
3357 0.247464
3358 0.246868
3359 0.245102
3360 0.247226
3361 0.24399
3362 0.243553
3363 0.241092
3364 0.238988
3365 0.235315
3366 0.234839
3367 0.233211
3368 0.22936
3369 0.228189
3370 0.225628
3371 0.224794
3372 0.22406
3373 0.223484
3374 0.222888
3375 0.221161
3376 0.219653
3377 0.2187
3378 0.218481
3379 0.218521
3380 0.217826
3381 0.218323
3382 0.217171
3383 0.218521
3384 0.217965
3385 0.22265
3386 0.220347
3387 0.220467
3388 0.219077
3389 0.220864
3390 0.221876
3391 0.221995
3392 0.222055
3393 0.220447
3394 0.221201
3395 0.221161
3396 0.216814
3397 0.216337
3398 0.216337
3399 0.216377
3400 0.216655
3401 0.218223
3402 0.218382
3403 0.218878
3404 0.219156
3405 0.219236
3406 0.219891
3407 0.21866
3408 0.217806
3409 0.216754
3410 0.217926
3411 0.216159
3412 0.214591
3413 0.21463
3414 0.21064
3415 0.209767
3416 0.208298
3417 0.207186
3418 0.207127
3419 0.206253
3420 0.205916
3421 0.205439
3422 0.205261
3423 0.20534
3424 0.205241
3425 0.206789
3426 0.204109
3427 0.203593
3428 0.204069
3429 0.203752
3430 0.203256
3431 0.203236
3432 0.210005
3433 0.21068
3434 0.221459
3435 0.272258
3436 0.266839
3437 0.268129
3438 0.268268
3439 0.267375
3440 0.267454
3441 0.273469
3442 0.275077
3443 0.27736
3444 0.27861
3445 0.280437
3446 0.284189
3447 0.282859
3448 0.281588
3449 0.280774
3450 0.280139
3451 0.283533
3452 0.283633
3453 0.281489
3454 0.27994
3455 0.279663
3456 0.279484
3457 0.279325
3458 0.278491
3459 0.279047
3460 0.323752
3461 0.322998
3462 0.321588
3463 0.321945
3464 0.321489
3465 0.321489
3466 0.320457
3467 0.320278
3468 0.320695
3469 0.322799
3470 0.318908
3471 0.320794
3472 0.316328
3473 0.316328
3474 0.3147
3475 0.314779
3476 0.316347
3477 0.315454
3478 0.313251
3479 0.314124
3480 0.314819
3481 0.31331
3482 0.313191
3483 0.312754
3484 0.312516
3485 0.379831
3486 0.373797
3487 0.372605
3488 0.370799
3489 0.367682
3490 0.373002
3491 0.381876
3492 0.389201
3493 0.405002
3494 0.422452
3495 0.435434
3496 0.427454
3497 0.422948
3498 0.414194
3499 0.415087
3500 0.404328
3501 0.419772
3502 0.419752
3503 0.429896
3504 0.423365
3505 0.420705
3506 0.412943
3507 0.424496
3508 0.41596
3509 0.413241
3510 0.421578
3511 0.414194
3512 0.417429
3513 0.404169
3514 0.396665
3515 0.397638
3516 0.381181
3517 0.37467
3518 0.376
3519 0.376734
3520 0.36667
3521 0.364725
3522 0.365777
3523 0.365876
3524 0.360834
3525 0.359067
3526 0.365122
3527 0.365062
3528 0.368417
3529 0.370382
3530 0.370065
3531 0.365896
3532 0.36528
3533 0.363672
3534 0.36272
3535 0.355216
3536 0.353846
3537 0.354303
3538 0.354342
3539 0.354442
3540 0.350432
3541 0.348903
3542 0.348744
3543 0.34797
3544 0.347136
3545 0.345667
3546 0.344318
3547 0.34402
3548 0.340506
3549 0.33997
3550 0.338898
3551 0.336854
3552 0.33737
3553 0.334968
3554 0.335901
3555 0.336854
3556 0.33598
3557 0.334829
3558 0.335246
3559 0.333102
3560 0.316665
3561 0.316526
3562 0.314442
3563 0.313846
3564 0.313588
3565 0.313191
3566 0.313588
3567 0.317062
3568 0.315275
3569 0.30537
3570 0.302789
3571 0.304615
3572 0.310392
3573 0.310531
3574 0.310868
3575 0.310968
3576 0.308208
3577 0.308824
3578 0.310491
3579 0.317141
3580 0.312734
3581 0.314203
3582 0.314263
3583 0.311643
3584 0.311246
3585 0.311524
3586 0.312218
3587 0.312596
3588 0.312238
3589 0.311166
3590 0.311186
3591 0.311047
3592 0.31073
3593 0.313429
3594 0.292228
3595 0.287543
3596 0.290164
3597 0.28536
3598 0.283494
3599 0.280615
3600 0.279921
3601 0.279107
3602 0.282283
3603 0.282283
3604 0.280734
3605 0.281727
3606 0.282541
3607 0.286352
3608 0.288258
3609 0.284308
3610 0.287424
3611 0.290223
3612 0.289132
3613 0.29203
3614 0.29203
3615 0.292665
3616 0.293836
3617 0.295186
3618 0.295563
3619 0.315057
3620 0.310948
3621 0.314124
3622 0.31067
3623 0.311404
3624 0.306581
3625 0.305529
3626 0.308149
3627 0.309975
3628 0.319524
3629 0.325141
3630 0.327762
3631 0.328516
3632 0.330998
3633 0.330481
3634 0.331851
3635 0.331256
3636 0.330501
3637 0.335146
3638 0.338184
3639 0.341975
3640 0.343524
3641 0.34398
3642 0.345826
3643 0.347831
3644 0.385052
3645 0.383325
3646 0.391087
3647 0.377151
3648 0.378164
3649 0.379533
3650 0.382551
3651 0.381519
3652 0.387772
3653 0.39202
3654 0.390035
3655 0.390372
3656 0.390749
3657 0.38938
3658 0.391921
3659 0.399563
3660 0.399484
3661 0.402998
3662 0.40272
3663 0.40796
3664 0.409072
3665 0.408794
3666 0.410005
3667 0.41606
3668 0.419097
3669 0.404605
3670 0.40135
3671 0.400496
3672 0.388605
3673 0.384596
3674 0.386541
3675 0.384576
3676 0.380903
3677 0.382293
3678 0.382035
3679 0.380605
3680 0.376238
3681 0.37598
3682 0.381499
3683 0.379335
3684 0.381042
3685 0.379831
3686 0.379474
3687 0.381022
3688 0.381062
3689 0.378005
3690 0.377687
3691 0.376774
3692 0.374114
3693 0.373181
3694 0.369012
3695 0.367901
3696 0.367801
3697 0.366988
3698 0.368079
3699 0.364983
3700 0.362164
3701 0.361687
3702 0.361251
3703 0.356705
3704 0.355772
3705 0.356645
3706 0.355375
3707 0.356208
3708 0.35331
3709 0.352675
3710 0.346382
3711 0.3467
3712 0.348486
3713 0.347931
3714 0.347196
3715 0.34672
3716 0.34662
3717 0.34672
3718 0.34662
3719 0.334094
3720 0.332308
3721 0.331414
3722 0.32927
3723 0.328457
3724 0.329866
3725 0.325161
3726 0.326233
3727 0.32405
3728 0.322362
3729 0.325797
3730 0.32395
3731 0.326789
3732 0.325479
3733 0.326114
3734 0.325935
3735 0.328278
3736 0.325896
3737 0.32538
3738 0.327742
3739 0.328159
3740 0.327921
3741 0.326849
3742 0.32804
3743 0.327444
3744 0.324784
3745 0.324685
3746 0.324208
3747 0.324586
3748 0.322839
3749 0.322958
3750 0.320218
3751 0.318789
3752 0.318928
3753 0.315414
3754 0.312695
3755 0.314739
3756 0.312139
3757 0.307117
3758 0.306084
3759 0.306521
3760 0.303504
3761 0.302571
3762 0.299335
3763 0.296615
3764 0.294352
3765 0.28933
3766 0.284367
3767 0.276645
3768 0.273211
3769 0.268248
3770 0.264596
3771 0.264457
3772 0.263047
3773 0.262114
3774 0.26265
3775 0.262074
3776 0.259732
3777 0.259474
3778 0.259692
3779 0.259474
3780 0.260228
3781 0.260208
3782 0.258561
3783 0.25737
3784 0.25733
3785 0.256596
3786 0.256695
3787 0.25606
3788 0.25602
3789 0.25598
3790 0.255682
3791 0.255583
3792 0.255921
3793 0.255623
3794 0.265767
3795 0.263583
3796 0.263047
3797 0.264913
3798 0.262194
3799 0.261479
3800 0.258025
3801 0.258263
3802 0.2587
3803 0.257171
3804 0.256615
3805 0.255702
3806 0.257092
3807 0.256357
3808 0.282898
3809 0.311087
3810 0.334094
3811 0.371851
3812 0.402164
3813 0.419533
3814 0.424238
3815 0.586303
3816 0.656357
3817 0.811355
3818 0.848139
3819 0.899494
3820 0.900486
3821 0.900228
3822 0.90134
3823 0.910392
3824 0.913211
3825 0.913211
3826 0.919603
3827 0.95863
3828 0.967742
3829 0.967365
3830 0.96796
3831 0.96796
3832 0.971315
3833 0.972983
3834 0.972883
3835 0.972824
3836 0.972824
3837 0.965638
3838 0.965836
3839 0.965816
3840 0.965816
3841 0.965816
3842 0.965816
3843 0.973022
3844 0.9627
3845 0.9627
3846 0.9627
3847 0.9627
3848 0.9627
3849 0.96272
3850 0.963077
3851 0.963077
3852 0.963077
3853 0.963077
3854 0.963077
3855 0.964983
3856 0.964943
3857 0.964427
3858 0.963811
3859 0.963811
3860 0.963692
3861 0.963692
3862 0.965935
3863 0.96397
3864 0.96397
3865 0.968794
3866 0.965598
3867 0.965558
3868 0.964903
3869 0.972526
3870 0.972903
3871 0.972288
3872 0.972347
3873 0.970878
3874 0.971057
3875 0.971057
3876 0.971057
3877 0.971057
3878 0.970958
3879 0.970958
3880 0.970878
3881 0.971672
3882 0.971792
3883 0.971633
3884 0.971573
3885 0.971593
3886 0.972506
3887 0.972903
3888 0.972903
3889 0.972665
3890 0.972844
3891 0.972844
3892 0.972844
3893 0.972844
3894 0.974035
3895 0.973757
3896 0.973677
3897 0.973757
3898 0.974035
3899 0.975484
3900 0.975623
3901 0.976278
3902 0.974471
3903 0.976199
3904 0.973935
3905 0.966491
3906 0.967146
3907 0.96673
3908 0.964347
3909 0.967226
3910 0.956804
3911 0.941082
3912 0.943266
3913 0.931057
3914 0.915117
3915 0.913529
3916 0.895841
3917 0.895841
3918 0.895027
3919 0.900844
3920 0.89731
3921 0.899414
3922 0.904179
3923 0.901658
3924 0.910273
3925 0.90932
3926 0.905926
3927 0.905211
3928 0.907911
3929 0.907533
3930 0.903722
3931 0.907633
3932 0.923732
3933 0.910829
3934 0.937112
3935 0.960715
3936 0.967246
3937 0.966551
3938 0.97203
3939 0.969628
3940 0.974531
3941 0.972923
3942 0.974849
3943 0.972923
3944 0.980566
3945 0.980586
3946 0.979156
3947 0.978164
3948 0.978045
3949 0.977231
3950 0.97866
3951 0.983047
3952 0.983047
3953 0.983047
3954 0.983027
3955 0.982432
3956 0.982432
3957 0.98263
3958 0.98273
3959 0.982293
3960 0.981896
3961 0.969151
3962 0.973499
3963 0.955831
3964 0.976854
3965 0.973161
3966 0.979613
3967 0.975027
3968 0.98527
3969 0.984854
3970 0.984556
3971 0.984556
3972 0.984556
3973 0.984556
3974 0.984556
3975 0.984655
3976 0.984556
3977 0.984556
3978 0.984556
3979 0.984576
3980 0.984496
3981 0.984854
3982 0.981221
3983 0.984516
3984 0.983762
3985 0.984496
3986 0.983762
3987 0.984139
3988 0.983762
3989 0.983782
3990 0.98394
3991 0.98394
3992 0.983524
3993 0.983524
3994 0.982174
3995 0.981221
3996 0.980347
3997 0.981856
3998 0.971117
3999 0.960913
4000 0.93739
4001 0.93338
4002 0.929548
4003 0.949836
4004 0.952993
4005 0.968794
4006 0.972129
4007 0.980328
4008 0.980308
4009 0.980427
4010 0.980864
4011 0.980844
4012 0.981777
4013 0.98138
4014 0.98138
4015 0.981102
4016 0.982531
4017 0.982333
4018 0.982333
4019 0.982809
4020 0.982789
4021 0.982829
4022 0.983881
4023 0.981638
4024 0.981757
4025 0.981757
4026 0.981896
4027 0.981896
4028 0.984
4029 0.982928
4030 0.981638
4031 0.981697
4032 0.981658
4033 0.983166
4034 0.979514
4035 0.97338
4036 0.975424
4037 0.970442
4038 0.967921
4039 0.979891
4040 0.979653
4041 0.977529
4042 0.940963
4043 0.921886
4044 0.90394
4045 0.892764
4046 0.881588
4047 0.887524
4048 0.920913
4049 0.920397
4050 0.916089
4051 0.928377
4052 0.918769
4053 0.9173
4054 0.909697
4055 0.919027
4056 0.91738
4057 0.914878
4058 0.917856
4059 0.928675
4060 0.939156
4061 0.943702
4062 0.940784
4063 0.950511
4064 0.949598
4065 0.969866
4066 0.969568
4067 0.971494
4068 0.971494
4069 0.983543
4070 0.983543
4071 0.984397
4072 0.984397
4073 0.98396
4074 0.984377
4075 0.984397
4076 0.984397
4077 0.984397
4078 0.984397
4079 0.984397
4080 0.984397
4081 0.984754
4082 0.984754
4083 0.984754
4084 0.984754
4085 0.984754
4086 0.984754
4087 0.984754
4088 0.984754
4089 0.984754
4090 0.984119
4091 0.984238
4092 0.984913
4093 0.984854
4094 0.984536
4095 0.984298
4096 0.984814
4097 0.984496
4098 0.984615
4099 0.981737
4100 0.981737
4101 0.981181
4102 0.980883
4103 0.969151
4104 0.967226
4105 0.982194
4106 0.981955
4107 0.981241
4108 0.982015
4109 0.982015
4110 0.982213
4111 0.982213
4112 0.982253
4113 0.981995
4114 0.982531
4115 0.982491
4116 0.982551
4117 0.981995
4118 0.954839
4119 0.977707
4120 0.977707
4121 0.97733
4122 0.976576
4123 0.977707
4124 0.97729
4125 0.97729
4126 0.977608
4127 0.980764
4128 0.981479
4129 0.981638
4130 0.980208
4131 0.9814
4132 0.980506
4133 0.982908
4134 0.982789
4135 0.982789
4136 0.98269
4137 0.982908
4138 0.982829
4139 0.982769
4140 0.983107
4141 0.983365
4142 0.983305
4143 0.983246
4144 0.980804
4145 0.981777
4146 0.979653
4147 0.980069
4148 0.979931
4149 0.979117
4150 0.97868
4151 0.977787
4152 0.976715
4153 0.97461
4154 0.973618
4155 0.972943
4156 0.9706
4157 0.951504
4158 0.965022
4159 0.961707
4160 0.95869
4161 0.954799
4162 0.950174
4163 0.948069
4164 0.960496
4165 0.946184
4166 0.946164
4167 0.955335
4168 0.951603
4169 0.951365
4170 0.948645
4171 0.946581
4172 0.939553
4173 0.940407
4174 0.93461
4175 0.913529
4176 0.905707
4177 0.903901
4178 0.892566
4179 0.89999
4180 0.896913
4181 0.908208
4182 0.901538
4183 0.908923
4184 0.907156
4185 0.908248
4186 0.91065
4187 0.911623
4188 0.91466
4189 0.919444
4190 0.92268
4191 0.92129
4192 0.924705
4193 0.920516
4194 0.900824
4195 0.916566
4196 0.915275
4197 0.915295
4198 0.914065
4199 0.910372
4200 0.911921
4201 0.911186
4202 0.909975
4203 0.904079
4204 0.893102
4205 0.886392
4206 0.890342
4207 0.880695
4208 0.875117
4209 0.863027
4210 0.855504
4211 0.849489
4212 0.844407
4213 0.84532
4214 0.812665
4215 0.817052
4216 0.817846
4217 0.819295
4218 0.826045
4219 0.816675
4220 0.825608
4221 0.834065
4222 0.832298
4223 0.843295
4224 0.854333
4225 0.860923
4226 0.868586
4227 0.875414
4228 0.87871
4229 0.885995
4230 0.891236
4231 0.89463
4232 0.898799
4233 0.911682
4234 0.92663
4235 0.931811
4236 0.950253
4237 0.955017
4238 0.953548
4239 0.958253
4240 0.97195
4241 0.972625
4242 0.959345
4243 0.941419
4244 0.919821
4245 0.906978
4246 0.911404
4247 0.909697
4248 0.83732
4249 0.826759
4250 0.819216
4251 0.801926
4252 0.793886
4253 0.788328
4254 0.789439
4255 0.786442
4256 0.787414
4257 0.795395
4258 0.801906
4259 0.803891
4260 0.796605
4261 0.802501
4262 0.807444
4263 0.827414
4264 0.835831
4265 0.8346
4266 0.844109
4267 0.848675
4268 0.84931
4269 0.874164
4270 0.89467
4271 0.904576
4272 0.922541
4273 0.938243
4274 0.930561
4275 0.943623
4276 0.958094
4277 0.962521
4278 0.968119
4279 0.963653
4280 0.963395
4281 0.968615
4282 0.973697
4283 0.977489
4284 0.974313
4285 0.967166
4286 0.963672
4287 0.957598
4288 0.962164
4289 0.956248
4290 0.960774
4291 0.958094
4292 0.952536
4293 0.94664
4294 0.945588
4295 0.941797
4296 0.934154
4297 0.925618
4298 0.916744
4299 0.913747
4300 0.902154
4301 0.898481
4302 0.884149
4303 0.87472
4304 0.868645
4305 0.866263
4306 0.861677
4307 0.854968
4308 0.850065
4309 0.848119
4310 0.831782
4311 0.819533
4312 0.815762
4313 0.818005
4314 0.82801
4315 0.828069
4316 0.822928
4317 0.865092
4318 0.792576
4319 0.746501
4320 0.753052
4321 0.759583
4322 0.745132
4323 0.723672
4324 0.696615
4325 0.701598
4326 0.703563
4327 0.696218
4328 0.696734
4329 0.693916
4330 0.701042
4331 0.714839
4332 0.698104
4333 0.706164
4334 0.710908
4335 0.729449
4336 0.729628
4337 0.73606
4338 0.743603
4339 0.760119
4340 0.767821
4341 0.774213
4342 0.771911
4343 0.775007
4344 0.775563
4345 0.783682
4346 0.799404
4347 0.791067
4348 0.798233
4349 0.807186
4350 0.818362
4351 0.830968
4352 0.829816
4353 0.843097
4354 0.846134
4355 0.851216
4356 0.855206
4357 0.843474
4358 0.841806
4359 0.83065
4360 0.833032
4361 0.825469
4362 0.82265
4363 0.80929
4364 0.801509
4365 0.801608
4366 0.795474
4367 0.797777
4368 0.791444
4369 0.783305
4370 0.784457
4371 0.815663
4372 0.82128
4373 0.817628
4374 0.815722
4375 0.77872
4376 0.783881
4377 0.788864
4378 0.799623
4379 0.796208
4380 0.800179
4381 0.794779
4382 0.785906
4383 0.788804
4384 0.79196
4385 0.795811
4386 0.802958
4387 0.810184
4388 0.826243
4389 0.833449
4390 0.84403
4391 0.840655
4392 0.84794
4393 0.874839
4394 0.849826
4395 0.863007
4396 0.865052
4397 0.869022
4398 0.864794
4399 0.868169
4400 0.861002
4401 0.876189
4402 0.894055
4403 0.881806
4404 0.8854
4405 0.897985
4406 0.899613
4407 0.903543
4408 0.924189
4409 0.920635
4410 0.917022
4411 0.912179
4412 0.909578
4413 0.913012
4414 0.909836
4415 0.909598
4416 0.903067
4417 0.914839
4418 0.914382
4419 0.892625
4420 0.886372
4421 0.903107
4422 0.878968
4423 0.87865
4424 0.887266
4425 0.897509
4426 0.889767
4427 0.930422
4428 0.863285
4429 0.83873
4430 0.812665
4431 0.800576
4432 0.788288
4433 0.812864
4434 0.74263
4435 0.741141
4436 0.730263
4437 0.71998
4438 0.714779
4439 0.7013
4440 0.722779
4441 0.710114
4442 0.692447
4443 0.68927
4444 0.687603
4445 0.705747
4446 0.709955
4447 0.707851
4448 0.712258
4449 0.741995
4450 0.751365
4451 0.755811
4452 0.762184
4453 0.767087
4454 0.765816
4455 0.74535
4456 0.777826
4457 0.763077
4458 0.779811
4459 0.759663
4460 0.784794
4461 0.782968
4462 0.777568
4463 0.779156
4464 0.791365
4465 0.77997
4466 0.783047
4467 0.765856
4468 0.762084
4469 0.75603
4470 0.780764
4471 0.786998
4472 0.80667
4473 0.797141
4474 0.789042
4475 0.779256
4476 0.73469
4477 0.723176
4478 0.723831
4479 0.707077
4480 0.69997
4481 0.681846
4482 0.645797
4483 0.624814
4484 0.615206
4485 0.602442
4486 0.599266
4487 0.597241
4488 0.601052
4489 0.600556
4490 0.605122
4491 0.619335
4492 0.619851
4493 0.596169
4494 0.557737
4495 0.560953
4496 0.567464
4497 0.573717
4498 0.547414
4499 0.540983
4500 0.518928
4501 0.515514
4502 0.51331
4503 0.544437
4504 0.495901
4505 0.500308
4506 0.564228
4507 0.518809
4508 0.515236
4509 0.541598
4510 0.545191
4511 0.5546
4512 0.600437
4513 0.60002
4514 0.613161
4515 0.654074
4516 0.696774
4517 0.710988
4518 0.719484
4519 0.723454
4520 0.73473
4521 0.735226
4522 0.75071
4523 0.767226
4524 0.807325
4525 0.819593
4526 0.824199
4527 0.832556
4528 0.880159
4529 0.889568
4530 0.918829
4531 0.933538
4532 0.941181
4533 0.960437
4534 0.96395
4535 0.971871
4536 0.943682
4537 0.948586
4538 0.949797
4539 0.950174
4540 0.952973
4541 0.959047
4542 0.975166
4543 0.978422
4544 0.970541
4545 0.978521
4546 0.989221
4547 0.99466
4548 0.988883
4549 0.970005
4550 0.957955
4551 0.950948
4552 0.940308
4553 0.931117
4554 0.915494
4555 0.897191
4556 0.885241
4557 0.82664
4558 0.769231
4559 0.755533
4560 0.728119
4561 0.71333
4562 0.700784
4563 0.692407
4564 0.66003
4565 0.673409
4566 0.667017
4567 0.663702
4568 0.664734
4569 0.62531
4570 0.62269
4571 0.64532
4572 0.674541
4573 0.700407
4574 0.722938
4575 0.796208
4576 0.791801
4577 0.793926
4578 0.821955
4579 0.805896
4580 0.821181
4581 0.761588
4582 0.746521
4583 0.737012
4584 0.726571
4585 0.735583
4586 0.743305
4587 0.740943
4588 0.717757
4589 0.729787
4590 0.746124
4591 0.771077
4592 0.775524
4593 0.770084
4594 0.751563
4595 0.739414
4596 0.725876
4597 0.717419
4598 0.712774
4599 0.709876
4600 0.693201
4601 0.685896
4602 0.673945
4603 0.67331
4604 0.676586
4605 0.684645
4606 0.669995
4607 0.669578
4608 0.665052
4609 0.691275
4610 0.690581
4611 0.726333
4612 0.74398
4613 0.747573
4614 0.771494
4615 0.774154
4616 0.771355
4617 0.783007
4618 0.789499
4619 0.75204
4620 0.739275
4621 0.725062
4622 0.720139
4623 0.661479
4624 0.657211
4625 0.642025
4626 0.615345
4627 0.571057
4628 0.555732
4629 0.510094
4630 0.47202
4631 0.459772
4632 0.444387
4633 0.421816
4634 0.416278
4635 0.416
4636 0.42529
4637 0.426759
4638 0.434462
4639 0.443871
4640 0.444248
4641 0.459414
4642 0.464377
4643 0.473846
4644 0.467633
4645 0.494094
4646 0.499196
4647 0.515057
4648 0.538878
4649 0.548586
4650 0.550868
4651 0.559444
4652 0.557102
4653 0.570124
4654 0.590074
4655 0.594442
4656 0.613955
4657 0.620546
4658 0.618819
4659 0.613042
4660 0.622174
4661 0.623643
4662 0.647921
4663 0.64399
4664 0.642164
4665 0.682898
4666 0.68937
4667 0.708566
4668 0.720715
4669 0.776933
4670 0.763931
4671 0.745489
4672 0.74396
4673 0.748228
4674 0.74934
4675 0.739792
4676 0.753648
4677 0.730442
4678 0.674065
4679 0.640337
4680 0.572189
4681 0.525935
4682 0.512179
4683 0.473866
4684 0.411295
4685 0.384675
4686 0.366988
4687 0.355434
4688 0.339792
4689 0.31871
4690 0.308308
4691 0.302114
4692 0.298759
4693 0.285479
4694 0.286551
4695 0.28
4696 0.28931
4697 0.285638
4698 0.291454
4699 0.294253
4700 0.296854
4701 0.309856
4702 0.329012
4703 0.340506
4704 0.374849
4705 0.396963
4706 0.400099
4707 0.402382
4708 0.401251
4709 0.405459
4710 0.387672
4711 0.382213
4712 0.372089
4713 0.364208
4714 0.35333
4715 0.345211
4716 0.316883
4717 0.330541
4718 0.32532
4719 0.36131
4720 0.354045
4721 0.349677
4722 0.34539
4723 0.349955
4724 0.363077
4725 0.39472
4726 0.445677
4727 0.456873
4728 0.496079
4729 0.509816
4730 0.519682
4731 0.53868
4732 0.564983
4733 0.579692
4734 0.627275
4735 0.644625
4736 0.651891
4737 0.645102
4738 0.628963
4739 0.63327
4740 0.624734
4741 0.608079
4742 0.605777
4743 0.604685
4744 0.605261
4745 0.608734
4746 0.617628
4747 0.616159
4748 0.624
4749 0.636506
4750 0.659017
4751 0.671881
4752 0.690938
4753 0.700725
4754 0.703107
4755 0.737012
4756 0.723752
4757 0.715712
4758 0.696278
4759 0.685757
4760 0.680993
4761 0.675335
4762 0.674045
4763 0.677737
4764 0.688238
4765 0.695603
4766 0.694551
4767 0.668268
4768 0.663226
4769 0.602045
4770 0.594422
4771 0.604883
4772 0.608516
4773 0.612983
4774 0.624079
4775 0.637519
4776 0.609012
4777 0.583385
4778 0.566968
4779 0.552397
4780 0.527464
4781 0.516387
4782 0.486015
4783 0.476169
4784 0.467355
4785 0.448893
4786 0.421737
4787 0.398511
4788 0.351583
4789 0.313608
4790 0.290065
4791 0.247623
4792 0.210243
4793 0.184298
4794 0.139136
4795 0.111266
4796 0.0971514
4797 0.0736873
4798 0.0527643
4799 0.0429777
4800 0.0252705
4801 0.00946898
4802 0.000476427
4803 0
4804 0
4805 0
4806 0
4807 0
4808 0
4809 0
4810 0
4811 0
4812 0
4813 0
4814 0
4815 0
4816 0
4817 0
4818 0
4819 0
4820 0
4821 0
4822 0
4823 0
4824 0
4825 0
4826 0
4827 0
4828 0
4829 0
4830 0
4831 0
4832 0
4833 0
4834 0
4835 0
4836 0
4837 0
4838 0
4839 0
4840 0
4841 0
4842 0
4843 0
4844 0
4845 0
4846 0
4847 0
4848 0
4849 0
4850 0
4851 0
4852 0
4853 0
4854 0
4855 0
4856 0
4857 0.000615385
4858 0.000416873
4859 0
4860 0
4861 0
4862 0
4863 0
4864 0
4865 0
4866 0
4867 0
4868 0
4869 0
4870 0
4871 0.000416873
4872 0
4873 0
4874 0
4875 0
4876 0
4877 0
4878 0
4879 0
4880 0
4881 0
4882 0
4883 0
4884 0
4885 0
4886 0
4887 0
4888 0
4889 0
4890 0
4891 0.000952854
4892 0.000754342
4893 0.000873449
4894 0
4895 0
4896 0
4897 0
4898 0
4899 0
4900 0
4901 0
4902 0
4903 0
4904 0
4905 0
4906 0
4907 0
4908 0
4909 0
4910 0
4911 0
4912 0
4913 0
4914 0
4915 0
4916 0
4917 0
4918 0
4919 0
4920 0
4921 0
4922 0
4923 0
4924 0
4925 0
4926 0
4927 0
4928 0
4929 0
4930 0
4931 0
4932 0
4933 0
4934 0
4935 0
4936 0
4937 0
4938 0
4939 0
4940 0.000297767
4941 0.023067
4942 0.0374988
4943 0.0669777
4944 0.0946898
4945 0.10797
4946 0.130481
4947 0.149221
4948 0.160476
4949 0.17332
4950 0.1787
4951 0.180486
4952 0.179216
4953 0.177965
4954 0.175206
4955 0.200596
4956 0.228645
4957 0.246372
4958 0.267811
4959 0.295424
4960 0.295643
4961 0.31327
4962 0.326988
4963 0.339097
4964 0.338878
4965 0.324605
4966 0.317896
4967 0.298799
4968 0.283117
4969 0.277737
4970 0.264278
4971 0.254591
4972 0.242124
4973 0.214372
4974 0.189122
4975 0.178759
4976 0.15198
4977 0.128079
4978 0.116764
4979 0.0901042
4980 0.0667792
4981 0.0572506
4982 0.0365062
4983 0.0172903
4984 0.00925062
4985 0
4986 0
4987 0
4988 0
4989 0
4990 0
4991 0
4992 0.00988586
4993 0.0230471
4994 0.0500844
4995 0.080397
4996 0.0982432
4997 0.123434
4998 0.136476
4999 0.142591
5000 0.170422
5001 0.186223
5002 0.195931
5003 0.210362
5004 0.241906
5005 0.256159
5006 0.274898
5007 0.296615
5008 0.307712
5009 0.347355
5010 0.374531
5011 0.374531
5012 0.365677
5013 0.375504
5014 0.368993
5015 0.330462
5016 0.314382
5017 0.305469
5018 0.285975
5019 0.267553
5020 0.250402
5021 0.213975
5022 0.178382
5023 0.163712
5024 0.137985
5025 0.11194
5026 0.100963
5027 0.080397
5028 0.0602481
5029 0.048794
5030 0.0310273
5031 0.0148089
5032 0.00782134
5033 0
5034 0
5035 0
5036 0
5037 0
5038 0
5039 0
5040 0
5041 0
5042 0
5043 0
5044 0
5045 0.00232258
5046 0.0101241
5047 0.0139355
5048 0.0293598
5049 0.0397022
5050 0.0459553
5051 0.0590769
5052 0.0699355
5053 0.074263
5054 0.0818859
5055 0.0850025
5056 0.0857568
5057 0.0832754
5058 0.0810521
5059 0.0735087
5060 0.0640993
5061 0.0549479
5062 0.0498263
5063 0.0408734
5064 0.033072
5065 0.027335
5066 0.0214194
5067 0.0128834
5068 0.00964764
5069 0.00283871
5070 0.00232258
5071 0.010005
5072 0.031603
5073 0.0527643
5074 0.0717221
5075 0.105211
5076 0.157935
5077 0.18668
5078 0.221459
5079 0.2373
5080 0.239742
5081 0.256258
5082 0.275672
5083 0.276427
5084 0.29068
5085 0.304417
5086 0.294194
5087 0.307911
5088 0.316546
5089 0.314581
5090 0.300208
5091 0.274481
5092 0.28006
5093 0.296417
5094 0.320437
5095 0.335067
5096 0.347434
5097 0.395097
5098 0.400695
5099 0.42527
5100 0.445022
5101 0.441727
5102 0.423047
5103 0.392159
5104 0.383404
5105 0.363672
5106 0.351246
5107 0.348943
5108 0.331395
5109 0.32004
5110 0.333102
5111 0.342471
5112 0.37733
5113 0.386561
5114 0.382471
5115 0.393608
5116 0.387355
5117 0.377409
5118 0.360516
5119 0.347077
5120 0.303543
5121 0.267057
5122 0.248854
5123 0.215801
5124 0.161012
5125 0.143881
5126 0.104357
5127 0.0717816
5128 0.0573102
5129 0.0278511
5130 0.00142928
5131 0.000496278
5132 0
5133 0
5134 0
5135 0
5136 0
5137 0
5138 0
5139 0
5140 0
5141 0
5142 0
5143 0
5144 0
5145 0
5146 0
5147 0
5148 0
5149 0
5150 0
5151 0
5152 0
5153 0
5154 0
5155 0
5156 0
5157 0
5158 0
5159 0
5160 0
5161 0
5162 0
5163 0
5164 0
5165 0
5166 0
5167 0
5168 0
5169 0
5170 0
5171 0
5172 0
5173 0
5174 0
5175 0
5176 0
5177 0
5178 0
5179 0
5180 0
5181 0
5182 0
5183 0
5184 0
5185 0
5186 0
5187 0
5188 0
5189 0
5190 0
5191 0
5192 0
5193 0
5194 0
5195 0
5196 0
5197 0
5198 0
5199 0
5200 0
5201 0
5202 0
5203 0
5204 0
5205 0
5206 0
5207 0
5208 0
5209 0
5210 0
5211 0
5212 0
5213 0
5214 0
5215 0
5216 0
5217 0
5218 0
5219 0
5220 0
5221 0
5222 0
5223 0
5224 0
5225 0
5226 0
5227 0
5228 0
5229 0
5230 0
5231 0
5232 0
5233 0
5234 0
5235 0
5236 0
5237 0
5238 0
5239 0
5240 0
5241 0
5242 0
5243 0
5244 0
5245 0
5246 0
5247 0
5248 0
5249 0
5250 0
5251 0
5252 0
5253 0
5254 0
5255 0
5256 0
5257 0
5258 0
5259 0
5260 0
5261 0
5262 0
5263 0
5264 0
5265 0
5266 0
5267 0
5268 0
5269 0
5270 0
5271 0
5272 0
5273 0
5274 0
5275 0
5276 0
5277 0
5278 0
5279 0
5280 0
5281 0
5282 0
5283 0
5284 0
5285 0
5286 0
5287 0
5288 0
5289 0
5290 0
5291 0
5292 0
5293 0
5294 0.00281886
5295 0
5296 0
5297 0
5298 0
5299 0
5300 0
5301 0
5302 0.000496278
5303 0.000496278
5304 0.00119107
5305 0.000496278
5306 0.000496278
5307 0.00533995
5308 0.0110372
5309 0.0136377
5310 0.0185608
5311 0.0227494
5312 0.0253499
5313 0.0295186
5314 0.0338859
5315 0.0352357
5316 0.0381538
5317 0.040933
5318 0.0415087
5319 0.0467891
5320 0.0471464
5321 0.0465707
5322 0.047861
5323 0.0486154
5324 0.0489926
5325 0.0508784
5326 0.0509181
5327 0.0513945
5328 0.0514541
5329 0.0517122
5330 0.0522878
5331 0.0524268
5332 0.0528437
5333 0.0530223
5334 0.0531216
5335 0.0531216
5336 0.05334
5337 0.05334
5338 0.0525261
5339 0.0525459
5340 0.0525459
5341 0.0525459
5342 0.0525856
5343 0.0525658
5344 0.0561588
5345 0.0561588
5346 0.0555831
5347 0.0552854
5348 0.0548288
5349 0.0577469
5350 0.0618958
5351 0.0642382
5352 0.0679702
5353 0.0701935
5354 0.070531
5355 0.0736278
5356 0.0770819
5357 0.0774789
5358 0.0812705
5359 0.0845856
5360 0.0860744
5361 0.0920298
5362 0.0948089
5363 0.0947692
5364 0.0958809
5365 0.0978263
5366 0.0988784
5367 0.101042
5368 0.102174
5369 0.101876
5370 0.103444
5371 0.104496
5372 0.104734
5373 0.105449
5374 0.106283
5375 0.106819
5376 0.107375
5377 0.107613
5378 0.108169
5379 0.10801
5380 0.109419
5381 0.110749
5382 0.112099
5383 0.112734
5384 0.112854
5385 0.114045
5386 0.114442
5387 0.114283
5388 0.11206
5389 0.110055
5390 0.109717
5391 0.10799
5392 0.108208
5393 0.108605
5394 0.106462
5395 0.108784
5396 0.111901
5397 0.115414
5398 0.117717
5399 0.118074
5400 0.120635
5401 0.12264
5402 0.124069
5403 0.127345
5404 0.131533
5405 0.131156
5406 0.133876
5407 0.135226
5408 0.13602
5409 0.139017
5410 0.139613
5411 0.140129
5412 0.142412
5413 0.144119
5414 0.144258
5415 0.146541
5416 0.147315
5417 0.147077
5418 0.147672
5419 0.149419
5420 0.149777
5421 0.153151
5422 0.157082
5423 0.159801
5424 0.163474
5425 0.168417
5426 0.168973
5427 0.174114
5428 0.178045
5429 0.178422
5430 0.182908
5431 0.186124
5432 0.18664
5433 0.188268
5434 0.190829
5435 0.191186
5436 0.19464
5437 0.195752
5438 0.19732
5439 0.19871
5440 0.199007
5441 0.200734
5442 0.203772
5443 0.204983
5444 0.206868
5445 0.209032
5446 0.211395
5447 0.208873
5448 0.209926
5449 0.21336
5450 0.215524
5451 0.217926
5452 0.216258
5453 0.219097
5454 0.219216
5455 0.22128
5456 0.222749
5457 0.224218
5458 0.225032
5459 0.225826
5460 0.227732
5461 0.233429
5462 0.238511
5463 0.236685
5464 0.236645
5465 0.236089
5466 0.236546
5467 0.237122
5468 0.237102
5469 0.244943
5470 0.246154
5471 0.243533
5472 0.243216
5473 0.245102
5474 0.244109
5475 0.243097
5476 0.244625
5477 0.244903
5478 0.244367
5479 0.243335
5480 0.24401
5481 0.243593
5482 0.249926
5483 0.24806
5484 0.250164
5485 0.247821
5486 0.247682
5487 0.24927
5488 0.24806
5489 0.249211
5490 0.249489
5491 0.249509
5492 0.249092
5493 0.247881
5494 0.264715
5495 0.26134
5496 0.264496
5497 0.269161
5498 0.269638
5499 0.268824
5500 0.268983
5501 0.26938
5502 0.268963
5503 0.26932
5504 0.269479
5505 0.271682
5506 0.271801
5507 0.272596
5508 0.272476
5509 0.27333
5510 0.27327
5511 0.27331
5512 0.272854
5513 0.273509
5514 0.273449
5515 0.27333
5516 0.272993
5517 0.272238
5518 0.272556
5519 0.299077
5520 0.294928
5521 0.292169
5522 0.289548
5523 0.288238
5524 0.285955
5525 0.285439
5526 0.286035
5527 0.288258
5528 0.287285
5529 0.287603
5530 0.288437
5531 0.288258
5532 0.287861
5533 0.287782
5534 0.290581
5535 0.289409
5536 0.290878
5537 0.289191
5538 0.289191
5539 0.292367
5540 0.292943
5541 0.291772
5542 0.291514
5543 0.291355
5544 0.310432
5545 0.30801
5546 0.30936
5547 0.304854
5548 0.302035
5549 0.300764
5550 0.295702
5551 0.294571
5552 0.295166
5553 0.294452
5554 0.294333
5555 0.292645
5556 0.291136
5557 0.290084
5558 0.289628
5559 0.289112
5560 0.288695
5561 0.290878
5562 0.293002
5563 0.293141
5564 0.29072
5565 0.288655
5566 0.288913
5567 0.289608
5568 0.289409
5569 0.299712
5570 0.299375
5571 0.299692
5572 0.298581
5573 0.297231
5574 0.297151
5575 0.296417
5576 0.296516
5577 0.295385
5578 0.296258
5579 0.294432
5580 0.293836
5581 0.292407
5582 0.290065
5583 0.292169
5584 0.292069
5585 0.293102
5586 0.291633
5587 0.291573
5588 0.292625
5589 0.294849
5590 0.29735
5591 0.300288
5592 0.29997
5593 0.298859
5594 0.319524
5595 0.317638
5596 0.316665
5597 0.316328
5598 0.316665
5599 0.315117
5600 0.315891
5601 0.316268
5602 0.316268
5603 0.31595
5604 0.314819
5605 0.31732
5606 0.317161
5607 0.320556
5608 0.319563
5609 0.322144
5610 0.318968
5611 0.318908
5612 0.318134
5613 0.317261
5614 0.318392
5615 0.318333
5616 0.319325
5617 0.32131
5618 0.320337
5619 0.335861
5620 0.333677
5621 0.332546
5622 0.334571
5623 0.334074
5624 0.33467
5625 0.335285
5626 0.334233
5627 0.334471
5628 0.333677
5629 0.333578
5630 0.331752
5631 0.330819
5632 0.329846
5633 0.330084
5634 0.327444
5635 0.332288
5636 0.337052
5637 0.338402
5638 0.346541
5639 0.350114
5640 0.347434
5641 0.354203
5642 0.377667
5643 0.387414
5644 0.56399
5645 0.562859
5646 0.567563
5647 0.588169
5648 0.577787
5649 0.606293
5650 0.60397
5651 0.603256
5652 0.67061
5653 0.684427
5654 0.709181
5655 0.782769
5656 0.768615
5657 0.825171
5658 0.799583
5659 0.801707
5660 0.825548
5661 0.864675
5662 0.860328
5663 0.856754
5664 0.859792
5665 0.837459
5666 0.868208
5667 0.839047
5668 0.877122
5669 0.848417
5670 0.833132
5671 0.836983
5672 0.832357
5673 0.838114
5674 0.829479
5675 0.827593
5676 0.841906
5677 0.852169
5678 0.824973
5679 0.852923
5680 0.860725
5681 0.864814
5682 0.847404
5683 0.849469
5684 0.842084
5685 0.84532
5686 0.844367
5687 0.846789
5688 0.877737
5689 0.849648
5690 0.873132
5691 0.853241
5692 0.869797
5693 0.863166
5694 0.947256
5695 0.949975
5696 0.947871
5697 0.924427
5698 0.940804
5699 0.940943
5700 0.97866
5701 0.979414
5702 0.979712
5703 0.981916
5704 0.980705
5705 0.981479
5706 0.981598
5707 0.981598
5708 0.981519
5709 0.980705
5710 0.980347
5711 0.980328
5712 0.980387
5713 0.980407
5714 0.980467
5715 0.980625
5716 0.980605
5717 0.980605
5718 0.980605
5719 0.981102
5720 0.979752
5721 0.979355
5722 0.979395
5723 0.979395
5724 0.978779
5725 0.978839
5726 0.978779
5727 0.98005
5728 0.979831
5729 0.979732
5730 0.979593
5731 0.979712
5732 0.979474
5733 0.979732
5734 0.979633
5735 0.979672
5736 0.98003
5 , runtime: 389
