0 0.197134
1 0.168249
2 0.147756
3 0.110479
4 0.0778853
5 0.0627672
6 0.0365854
7 0.0176641
8 0.00616042
9 0.00110008
10 0.00110008
11 0.00110008
12 0.00110008
13 0.00110008
14 0.00110008
15 0.00110008
16 0.000785768
17 0.000785768
18 0.000785768
19 0.00110008
20 0.00110008
21 0.00110008
22 0
23 0
24 0
25 0
26 0
27 0
28 0
29 0
30 0
31 0
32 0
33 0
34 0
35 0
36 0
37 0
38 0
39 0
40 0
41 0
42 0
43 0
44 0.0023573
45 0.0023573
46 0.00125723
47 0.00144581
48 0.00144581
49 0.00144581
50 0.00144581
51 0.00144581
52 0.00144581
53 0.00144581
54 0.00144581
55 0.00144581
56 0.00144581
57 0.00144581
58 0.00144581
59 0.00166583
60 0.0016344
61 0.0016344
62 0.0016344
63 0.00166583
64 0.0016344
65 0.0016344
66 0.0016344
67 0.0016344
68 0.0016344
69 0.000942922
70 0.00229444
71 0.00279733
72 0.00336309
73 0.00553181
74 0.00732336
75 0.00917777
76 0.0117551
77 0.013138
78 0.0184813
79 0.0238874
80 0.0247674
81 0.0271561
82 0.0309593
83 0.0356424
84 0.0424315
85 0.0528665
86 0.0554124
87 0.0556324
88 0.0518607
89 0.0498177
90 0.0457631
91 0.0405456
92 0.0390684
93 0.0362396
94 0.0431858
95 0.0418972
96 0.0424943
97 0.0409857
98 0.0393513
99 0.0363968
100 0.0384712
101 0.0365539
102 0.0368054
103 0.0361453
104 0.0372768
105 0.0370568
106 0.0346052
107 0.031085
108 0.0308021
109 0.028602
110 0.0296706
111 0.0304878
112 0.0281934
113 0.0270933
114 0.0268104
115 0.0268418
116 0.0264961
117 0.0262447
118 0.0261504
119 0.023573
120 0.0237931
121 0.0228501
122 0.0227873
123 0.0230073
124 0.0221587
125 0.0234788
126 0.0228187
127 0.0224101
128 0.0235416
129 0.0227558
130 0.0226301
131 0.022253
132 0.0236673
133 0.0243274
134 0.0231959
135 0.0246417
136 0.0261818
137 0.0288848
138 0.0341966
139 0.0364911
140 0.0375911
141 0.0375283
142 0.0355167
143 0.0343224
144 0.029482
145 0.0306764
146 0.0305507
147 0.0279419
148 0.0262132
149 0.0266847
150 0.0264018
151 0.0263075
152 0.0251132
153 0.0243588
154 0.0232902
155 0.0224415
156 0.0220329
157 0.0214986
158 0.0210586
159 0.0212472
160 0.02065
161 0.02021
162 0.0187013
163 0.0188584
164 0.0189527
165 0.0179784
166 0.0190785
167 0.0193928
168 0.0195813
169 0.0198014
170 0.0198014
171 0.0199899
172 0.0203985
173 0.0200842
174 0.0203671
175 0.0203671
176 0.0200528
177 0.0205243
178 0.0198642
179 0.0198642
180 0.0196128
181 0.0196128
182 0.0202728
183 0.02021
184 0.02021
185 0.0202728
186 0.0205871
187 0.0208071
188 0.0206814
189 0.0205871
190 0.0205871
191 0.0205871
192 0.0205871
193 0.0202414
194 0.0194871
195 0.0195499
196 0.0194242
197 0.0191727
198 0.0191727
199 0.0191413
200 0.0188899
201 0.0184498
202 0.0184813
203 0.0184813
204 0.0185441
205 0.0176012
206 0.0176326
207 0.0176326
208 0.0176326
209 0.0173498
210 0.0173498
211 0.0168783
212 0.0174755
213 0.016124
214 0.0161554
215 0.0180098
216 0.0169726
217 0.0169726
218 0.0169726
219 0.0218129
220 0.0213729
221 0.0185441
222 0.018607
223 0.0183555
224 0.018607
225 0.0186384
226 0.0188584
227 0.0192356
228 0.0185756
229 0.0185756
230 0.0185127
231 0.0184813
232 0.0184498
233 0.0181041
234 0.0179155
235 0.0179469
236 0.0179469
237 0.0183241
238 0.0186384
239 0.0185127
240 0.0203042
241 0.0202414
242 0.0203357
243 0.0199271
244 0.0221272
245 0.0198328
246 0.0183241
247 0.0182613
248 0.0169097
249 0.0169726
250 0.0178841
251 0.0185127
252 0.0185127
253 0.0185127
254 0.0184184
255 0.0185756
256 0.0187327
257 0.0170983
258 0.0182613
259 0.0178527
260 0.0180727
261 0.0176012
262 0.0179469
263 0.0172869
264 0.0175069
265 0.0164383
266 0.0168154
267 0.0168154
268 0.0169726
269 0.0173498
270 0.0178527
271 0.0175069
272 0.0165954
273 0.0166269
274 0.0164068
275 0.0164383
276 0.0159039
277 0.0159039
278 0.0158097
279 0.0155896
280 0.0155896
281 0.0159039
282 0.0167211
283 0.0169412
284 0.0170983
285 0.0170983
286 0.0169726
287 0.0161554
288 0.0165011
289 0.0162183
290 0.0162497
291 0.0162497
292 0.0162183
293 0.0162183
294 0.0176641
295 0.0175069
296 0.0173812
297 0.0178212
298 0.0174755
299 0.0175069
300 0.0174441
301 0.0174441
302 0.0174441
303 0.0176955
304 0.0175069
305 0.0175069
306 0.0173498
307 0.0173498
308 0.0175698
309 0.0175698
310 0.0175698
311 0.0176641
312 0.0176641
313 0.0181355
314 0.0191727
315 0.0191727
316 0.0192985
317 0.0194242
318 0.0191413
319 0.0186699
320 0.0181984
321 0.0162183
322 0.0153382
323 0.0146781
324 0.0146781
325 0.0154639
326 0.0154639
327 0.0151182
328 0.0150239
329 0.0149925
330 0.0149925
331 0.015181
332 0.015181
333 0.0156525
334 0.0163125
335 0.0163125
336 0.0163125
337 0.0159982
338 0.0161868
339 0.0163754
340 0.0168154
341 0.0172555
342 0.0170983
343 0.0171612
344 0.0187013
345 0.0205871
346 0.018827
347 0.0189213
348 0.0170983
349 0.0173812
350 0.0177898
351 0.0176955
352 0.0189527
353 0.018167
354 0.0180727
355 0.0185127
356 0.018167
357 0.0183555
358 0.0198956
359 0.0197699
360 0.0197699
361 0.0202728
362 0.0201157
363 0.0195813
364 0.0183555
365 0.0183555
366 0.0185127
367 0.0176955
368 0.0178212
369 0.0180098
370 0.0179469
371 0.0179469
372 0.0183555
373 0.0173812
374 0.0165326
375 0.0165326
376 0.0166269
377 0.0164068
378 0.0161554
379 0.0171612
380 0.017224
381 0.0176641
382 0.0183241
383 0.0187956
384 0.0187641
385 0.0192985
386 0.019267
387 0.0192985
388 0.0193613
389 0.0191413
390 0.0189213
391 0.0190156
392 0.0190785
393 0.0189213
394 0.0191727
395 0.0193613
396 0.0198014
397 0.0203357
398 0.0202414
399 0.0200214
400 0.0203357
401 0.0198014
402 0.0202728
403 0.0201157
404 0.0199271
405 0.0198956
406 0.0195813
407 0.0194871
408 0.0191413
409 0.0183555
410 0.0187956
411 0.018827
412 0.0195813
413 0.0196128
414 0.0194871
415 0.0198642
416 0.0199585
417 0.0197385
418 0.0197385
419 0.0276276
420 0.0278162
421 0.027219
422 0.0246103
423 0.024516
424 0.0232902
425 0.0237302
426 0.0239502
427 0.0241074
428 0.0239816
429 0.02065
430 0.02065
431 0.0212472
432 0.0215929
433 0.02153
434 0.0207443
435 0.0204614
436 0.0204614
437 0.0211843
438 0.0211843
439 0.02131
440 0.02153
441 0.0207443
442 0.02109
443 0.0211843
444 0.0269047
445 0.0237616
446 0.0237616
447 0.0237616
448 0.0225358
449 0.022693
450 0.0219072
451 0.0207128
452 0.0200528
453 0.0200528
454 0.0200528
455 0.02021
456 0.0197071
457 0.0209957
458 0.0201785
459 0.0201785
460 0.0201785
461 0.0201785
462 0.0205557
463 0.0201471
464 0.0198956
465 0.0205557
466 0.0201471
467 0.0201471
468 0.0174441
469 0.0175698
470 0.0168469
471 0.0177269
472 0.0174755
473 0.0171297
474 0.0178841
475 0.0178212
476 0.0177898
477 0.0178212
478 0.0177584
479 0.0172869
480 0.0176955
481 0.0176955
482 0.0168783
483 0.016784
484 0.0172555
485 0.0179155
486 0.0196442
487 0.0197385
488 0.0212786
489 0.0211843
490 0.0217186
491 0.0221272
492 0.0233845
493 0.0241388
494 0.0228501
495 0.0225358
496 0.0242645
497 0.0247674
498 0.0258046
499 0.0271561
500 0.026779
501 0.0274076
502 0.0272504
503 0.0266218
504 0.0277219
505 0.0268104
506 0.0265275
507 0.0261818
508 0.0258675
509 0.0256789
510 0.0255218
511 0.0253646
512 0.0255532
513 0.0255218
514 0.0255218
515 0.0255218
516 0.0255218
517 0.0251132
518 0.0254275
519 0.0266533
520 0.0263075
521 0.0261818
522 0.0265904
523 0.0274076
524 0.0288848
525 0.0297649
526 0.0289791
527 0.0289791
528 0.0285391
529 0.0289477
530 0.0290106
531 0.0289477
532 0.0286334
533 0.0291049
534 0.0295135
535 0.0286963
536 0.0289163
537 0.0287591
538 0.028822
539 0.0281619
540 0.0277219
541 0.0283819
542 0.0291049
543 0.028822
544 0.0279105
545 0.0279105
546 0.0276905
547 0.0280991
548 0.0277533
549 0.0280362
550 0.0273133
551 0.0287591
552 0.0288848
553 0.0283191
554 0.0285391
555 0.0284762
556 0.0280991
557 0.0280991
558 0.0278162
559 0.0259303
560 0.0259303
561 0.0265275
562 0.0268418
563 0.0268418
564 0.0258361
565 0.0258675
566 0.0254903
567 0.0240131
568 0.0212157
569 0.022253
570 0.02087
571 0.0211843
572 0.0211529
573 0.0196756
574 0.0185756
575 0.0176955
576 0.0153382
577 0.0140181
578 0.0137038
579 0.014521
580 0.0154953
581 0.0153382
582 0.0153696
583 0.0142695
584 0.0138924
585 0.0125409
586 0.0114722
587 0.0111893
588 0.0106864
589 0.0101207
590 0.0101207
591 0.0101207
592 0.0101207
593 0.0112522
594 0.0142381
595 0.0136724
596 0.0135152
597 0.0148353
598 0.014521
599 0.014521
600 0.014521
601 0.014521
602 0.0146153
603 0.0148982
604 0.0148982
605 0.0148982
606 0.014741
607 0.014741
608 0.0153696
609 0.0153696
610 0.0153696
611 0.0153696
612 0.0153696
613 0.0151496
614 0.0151496
615 0.0151496
616 0.0151496
617 0.0162811
618 0.0162811
619 0.022253
620 0.018827
621 0.018827
622 0.018827
623 0.018827
624 0.0187327
625 0.0187327
626 0.0187641
627 0.0187327
628 0.0194242
629 0.0201471
630 0.0209014
631 0.0209329
632 0.0218129
633 0.0218129
634 0.0218129
635 0.0218444
636 0.0225987
637 0.0221587
638 0.0207128
639 0.0207128
640 0.0207128
641 0.0207443
642 0.0207128
643 0.0220958
644 0.0301735
645 0.0328765
646 0.0330337
647 0.033568
648 0.0341652
649 0.0335994
650 0.0330023
651 0.0326251
652 0.0322794
653 0.0332851
654 0.0352024
655 0.0352024
656 0.0352024
657 0.0345738
658 0.0348567
659 0.0348567
660 0.0348567
661 0.0361139
662 0.0362711
663 0.0362711
664 0.0362711
665 0.0347938
666 0.0347938
667 0.0347938
668 0.0347624
669 0.0295135
670 0.0264647
671 0.0280991
672 0.0282562
673 0.0258361
674 0.0259932
675 0.0291677
676 0.0293563
677 0.0286334
678 0.0284762
679 0.0281619
680 0.0281619
681 0.0280991
682 0.0280991
683 0.0273762
684 0.027219
685 0.0259932
686 0.0260246
687 0.0260246
688 0.0263704
689 0.0258675
690 0.0261504
691 0.0256789
692 0.0256789
693 0.0256789
694 0.0346367
695 0.0332223
696 0.033788
697 0.030865
698 0.0296392
699 0.0258989
700 0.0259618
701 0.0277219
702 0.029262
703 0.0296077
704 0.0295449
705 0.0309278
706 0.0292934
707 0.0294506
708 0.0292934
709 0.0296706
710 0.0309593
711 0.0343224
712 0.0321851
713 0.0313679
714 0.0362711
715 0.0365225
716 0.0366797
717 0.0387541
718 0.0391313
719 0.0587126
720 0.0614471
721 0.0620443
722 0.0634586
723 0.0666017
724 0.0660988
725 0.0653759
726 0.0655645
727 0.0667903
728 0.0667589
729 0.0665703
730 0.069179
731 0.0746165
732 0.0821599
733 0.0848944
734 0.0875031
735 0.0839515
736 0.0901433
737 0.103627
738 0.108687
739 0.110102
740 0.116985
741 0.115539
742 0.117205
743 0.115414
744 0.144707
745 0.158474
746 0.168877
747 0.179564
748 0.170197
749 0.174409
750 0.163597
751 0.177521
752 0.185787
753 0.187453
754 0.196851
755 0.197196
756 0.179312
757 0.165829
758 0.160737
759 0.172618
760 0.197825
761 0.203294
762 0.195153
763 0.195656
764 0.184593
765 0.16476
766 0.177144
767 0.190187
768 0.207066
769 0.250189
770 0.250817
771 0.242394
772 0.229696
773 0.220141
774 0.238779
775 0.237365
776 0.237428
777 0.233436
778 0.2076
779 0.20606
780 0.199302
781 0.218098
782 0.228501
783 0.230607
784 0.228187
785 0.216966
786 0.205368
787 0.204708
788 0.201597
789 0.209234
790 0.217406
791 0.220172
792 0.213698
793 0.203231
794 0.19069
795 0.186636
796 0.194871
797 0.200937
798 0.208951
799 0.211026
800 0.20408
801 0.197448
802 0.194273
803 0.185441
804 0.18607
805 0.180758
806 0.179784
807 0.182424
808 0.182141
809 0.184498
810 0.19179
811 0.195216
812 0.202414
813 0.214012
814 0.21398
815 0.217343
816 0.221398
817 0.222938
818 0.22297
819 0.238088
820 0.239785
821 0.237616
822 0.2434
823 0.278319
824 0.278288
825 0.295857
826 0.298278
827 0.303747
828 0.318645
829 0.325905
830 0.336875
831 0.337692
832 0.349667
833 0.357619
834 0.359945
835 0.360668
836 0.362459
837 0.359159
838 0.360008
839 0.360982
840 0.361202
841 0.362553
842 0.359033
843 0.359347
844 0.379023
845 0.377954
846 0.381223
847 0.379212
848 0.378552
849 0.375377
850 0.365476
851 0.366985
852 0.369437
853 0.368651
854 0.365508
855 0.35479
856 0.359253
857 0.35941
858 0.358782
859 0.36884
860 0.364628
861 0.365162
862 0.34929
863 0.346775
864 0.352684
865 0.347215
866 0.348252
867 0.352338
868 0.35281
869 0.354413
870 0.35193
871 0.35325
872 0.352716
873 0.346461
874 0.346681
875 0.346681
876 0.345392
877 0.343004
878 0.338509
879 0.427772
880 0.428149
881 0.426672
882 0.425163
883 0.424346
884 0.418123
885 0.414383
886 0.412843
887 0.416866
888 0.413503
889 0.415734
890 0.417589
891 0.417211
892 0.417997
893 0.413377
894 0.409888
895 0.40005
896 0.39895
897 0.397473
898 0.397787
899 0.39719
900 0.399076
901 0.398196
902 0.400679
903 0.40093
904 0.415734
905 0.406336
906 0.405645
907 0.406242
908 0.406242
909 0.405991
910 0.404356
911 0.400553
912 0.382763
913 0.385246
914 0.382135
915 0.400962
916 0.398416
917 0.396404
918 0.39125
919 0.391501
920 0.392161
921 0.389772
922 0.388358
923 0.388484
924 0.389741
925 0.390935
926 0.392601
927 0.394204
928 0.401025
929 0.459926
930 0.460334
931 0.457066
932 0.458606
933 0.461277
934 0.473787
935 0.477653
936 0.468538
937 0.466652
938 0.474227
939 0.485636
940 0.471807
941 0.467438
942 0.462566
943 0.475704
944 0.474415
945 0.475075
946 0.470989
947 0.470989
948 0.465426
949 0.47517
950 0.445248
951 0.437453
952 0.441727
953 0.44091
954 0.468758
955 0.463069
956 0.46464
957 0.455714
958 0.448768
959 0.448108
960 0.452162
961 0.438773
962 0.421675
963 0.42114
964 0.411931
965 0.413377
966 0.412088
967 0.410517
968 0.405205
969 0.396373
970 0.396027
971 0.384649
972 0.383392
973 0.382669
974 0.380752
975 0.380595
976 0.385938
977 0.375409
978 0.374309
979 0.397002
980 0.398699
981 0.39697
982 0.398479
983 0.400302
984 0.395996
985 0.392413
986 0.392727
987 0.386724
988 0.382449
989 0.37962
990 0.375094
991 0.375314
992 0.374623
993 0.377954
994 0.375849
995 0.374591
996 0.374434
997 0.37456
998 0.375471
999 0.375471
1000 0.37742
1001 0.377169
1002 0.3772
1003 0.377106
1004 0.35809
1005 0.358687
1006 0.358876
1007 0.361548
1008 0.361076
1009 0.360856
1010 0.346555
1011 0.341118
1012 0.348472
1013 0.348252
1014 0.349258
1015 0.349604
1016 0.341589
1017 0.345801
1018 0.346587
1019 0.345832
1020 0.348692
1021 0.345581
1022 0.346367
1023 0.347435
1024 0.345832
1025 0.345549
1026 0.345769
1027 0.345864
1028 0.345518
1029 0.343569
1030 0.343884
1031 0.341275
1032 0.342281
1033 0.342281
1034 0.341589
1035 0.353816
1036 0.354853
1037 0.35501
1038 0.35281
1039 0.351616
1040 0.354507
1041 0.352778
1042 0.352558
1043 0.350044
1044 0.348755
1045 0.348787
1046 0.348818
1047 0.346367
1048 0.342312
1049 0.33898
1050 0.340646
1051 0.3381
1052 0.337472
1053 0.337472
1054 0.339609
1055 0.335617
1056 0.335963
1057 0.33458
1058 0.33348
1059 0.33458
1060 0.384649
1061 0.381695
1062 0.380469
1063 0.377577
1064 0.375943
1065 0.376006
1066 0.37434
1067 0.374811
1068 0.372674
1069 0.370191
1070 0.372203
1071 0.35677
1072 0.343066
1073 0.344889
1074 0.342249
1075 0.342249
1076 0.340552
1077 0.348001
1078 0.351364
1079 0.349101
1080 0.351364
1081 0.358405
1082 0.361453
1083 0.365979
1084 0.372108
1085 0.401276
1086 0.403068
1087 0.399453
1088 0.390715
1089 0.387604
1090 0.389458
1091 0.417589
1092 0.410485
1093 0.428212
1094 0.432298
1095 0.410988
1096 0.416269
1097 0.418626
1098 0.4108
1099 0.415671
1100 0.408222
1101 0.385184
1102 0.384209
1103 0.372517
1104 0.398542
1105 0.392318
1106 0.405236
1107 0.406116
1108 0.400082
1109 0.390653
1110 0.406431
1111 0.400616
1112 0.407311
1113 0.396059
1114 0.382606
1115 0.383769
1116 0.384744
1117 0.384146
1118 0.374874
1119 0.371731
1120 0.37038
1121 0.357493
1122 0.354916
1123 0.357807
1124 0.356362
1125 0.353941
1126 0.354727
1127 0.356424
1128 0.354413
1129 0.352056
1130 0.352056
1131 0.339515
1132 0.338226
1133 0.35083
1134 0.334989
1135 0.367017
1136 0.356142
1137 0.360165
1138 0.357147
1139 0.367425
1140 0.386661
1141 0.374623
1142 0.376729
1143 0.363716
1144 0.365036
1145 0.37896
1146 0.345235
1147 0.349195
1148 0.356047
1149 0.339703
1150 0.34008
1151 0.335492
1152 0.33084
1153 0.33282
1154 0.308335
1155 0.326251
1156 0.308524
1157 0.309247
1158 0.305161
1159 0.293217
1160 0.277942
1161 0.290263
1162 0.281619
1163 0.278885
1164 0.280111
1165 0.288314
1166 0.334329
1167 0.327194
1168 0.348818
1169 0.347844
1170 0.36095
1171 0.346649
1172 0.356079
1173 0.350547
1174 0.345141
1175 0.328954
1176 0.328703
1177 0.326094
1178 0.334894
1179 0.332789
1180 0.330997
1181 0.346398
1182 0.369091
1183 0.388295
1184 0.382512
1185 0.427898
1186 0.463132
1187 0.473127
1188 0.480104
1189 0.473001
1190 0.47341
1191 0.457631
1192 0.458574
1193 0.466181
1194 0.475641
1195 0.47451
1196 0.472215
1197 0.491294
1198 0.485699
1199 0.500126
1200 0.492802
1201 0.500911
1202 0.508046
1203 0.51933
1204 0.501477
1205 0.460334
1206 0.443456
1207 0.44201
1208 0.423089
1209 0.422146
1210 0.461466
1211 0.458731
1212 0.490445
1213 0.476741
1214 0.467186
1215 0.470172
1216 0.472404
1217 0.462849
1218 0.484505
1219 0.488056
1220 0.508266
1221 0.50528
1222 0.50022
1223 0.51823
1224 0.516155
1225 0.512824
1226 0.538094
1227 0.518073
1228 0.515212
1229 0.512227
1230 0.508926
1231 0.505972
1232 0.488654
1233 0.489879
1234 0.497611
1235 0.444839
1236 0.444808
1237 0.452571
1238 0.44289
1239 0.438962
1240 0.445813
1241 0.442325
1242 0.449239
1243 0.452885
1244 0.467784
1245 0.45716
1246 0.484442
1247 0.484316
1248 0.463855
1249 0.463698
1250 0.468978
1251 0.462032
1252 0.466495
1253 0.473944
1254 0.484159
1255 0.476144
1256 0.47869
1257 0.481959
1258 0.463509
1259 0.468255
1260 0.448956
1261 0.447196
1262 0.462346
1263 0.476993
1264 0.468852
1265 0.493211
1266 0.471932
1267 0.468098
1268 0.47935
1269 0.443456
1270 0.442702
1271 0.453828
1272 0.440124
1273 0.438584
1274 0.423529
1275 0.419694
1276 0.418626
1277 0.412874
1278 0.40093
1279 0.407028
1280 0.411302
1281 0.411994
1282 0.406745
1283 0.403539
1284 0.396781
1285 0.409762
1286 0.401873
1287 0.405016
1288 0.399265
1289 0.397473
1290 0.393136
1291 0.380343
1292 0.376886
1293 0.383549
1294 0.383266
1295 0.385592
1296 0.359976
1297 0.357996
1298 0.366859
1299 0.369782
1300 0.367614
1301 0.373648
1302 0.394361
1303 0.385152
1304 0.40181
1305 0.400207
1306 0.384429
1307 0.372171
1308 0.370003
1309 0.37434
1310 0.414917
1311 0.408442
1312 0.385058
1313 0.388735
1314 0.385341
1315 0.383958
1316 0.391941
1317 0.38971
1318 0.376069
1319 0.379306
1320 0.38949
1321 0.384366
1322 0.360102
1323 0.362145
1324 0.35413
1325 0.338729
1326 0.348064
1327 0.340489
1328 0.342752
1329 0.352558
1330 0.335994
1331 0.320373
1332 0.338037
1333 0.326345
1334 0.3282
1335 0.307455
1336 0.301421
1337 0.285014
1338 0.284197
1339 0.274987
1340 0.267444
1341 0.267193
1342 0.266847
1343 0.263955
1344 0.260655
1345 0.257826
1346 0.260498
1347 0.255123
1348 0.254589
1349 0.255846
1350 0.254777
1351 0.256789
1352 0.251917
1353 0.251257
1354 0.249749
1355 0.250943
1356 0.2522
1357 0.255155
1358 0.25264
1359 0.252829
1360 0.275239
1361 0.272096
1362 0.26911
1363 0.273856
1364 0.274673
1365 0.276559
1366 0.280676
1367 0.284605
1368 0.293626
1369 0.293657
1370 0.29438
1371 0.29328
1372 0.294632
1373 0.304627
1374 0.300603
1375 0.302898
1376 0.297649
1377 0.287151
1378 0.288691
1379 0.289697
1380 0.294946
1381 0.295072
1382 0.298089
1383 0.300603
1384 0.306261
1385 0.293752
1386 0.295166
1387 0.295417
1388 0.298309
1389 0.295009
1390 0.29548
1391 0.298278
1392 0.300069
1393 0.29768
1394 0.304721
1395 0.306764
1396 0.309373
1397 0.313239
1398 0.313239
1399 0.313459
1400 0.313773
1401 0.316287
1402 0.314496
1403 0.318456
1404 0.318865
1405 0.31811
1406 0.317953
1407 0.318205
1408 0.318833
1409 0.321536
1410 0.371763
1411 0.369625
1412 0.374246
1413 0.374403
1414 0.369657
1415 0.375911
1416 0.374749
1417 0.377452
1418 0.37522
1419 0.377734
1420 0.383392
1421 0.384303
1422 0.379463
1423 0.382449
1424 0.383801
1425 0.385938
1426 0.381569
1427 0.383958
1428 0.388107
1429 0.390087
1430 0.397567
1431 0.402313
1432 0.406839
1433 0.407688
1434 0.408977
1435 0.424315
1436 0.421297
1437 0.418657
1438 0.419632
1439 0.421769
1440 0.421517
1441 0.42026
1442 0.419915
1443 0.418154
1444 0.417809
1445 0.421549
1446 0.430821
1447 0.433021
1448 0.449114
1449 0.461969
1450 0.470235
1451 0.483373
1452 0.488716
1453 0.496888
1454 0.509524
1455 0.525396
1456 0.533945
1457 0.544066
1458 0.557833
1459 0.574334
1460 0.595267
1461 0.606016
1462 0.614596
1463 0.632543
1464 0.643827
1465 0.664666
1466 0.686919
1467 0.703168
1468 0.712189
1469 0.730953
1470 0.742394
1471 0.751854
1472 0.761881
1473 0.781274
1474 0.778633
1475 0.788911
1476 0.802175
1477 0.80689
1478 0.807424
1479 0.808713
1480 0.800729
1481 0.786523
1482 0.785454
1483 0.789257
1484 0.796643
1485 0.793846
1486 0.793092
1487 0.785391
1488 0.777785
1489 0.773667
1490 0.778665
1491 0.774925
1492 0.780268
1493 0.804155
1494 0.812484
1495 0.81877
1496 0.823171
1497 0.859568
1498 0.85303
1499 0.874371
1500 0.878709
1501 0.879086
1502 0.885372
1503 0.884869
1504 0.878803
1505 0.888672
1506 0.882638
1507 0.881129
1508 0.886567
1509 0.893198
1510 0.89543
1511 0.879589
1512 0.878143
1513 0.867331
1514 0.847404
1515 0.812296
1516 0.803809
1517 0.783254
1518 0.765998
1519 0.753929
1520 0.726458
1521 0.716463
1522 0.723504
1523 0.738056
1524 0.739848
1525 0.741011
1526 0.7467
1527 0.751477
1528 0.749277
1529 0.750566
1530 0.777502
1531 0.767255
1532 0.743557
1533 0.732242
1534 0.747737
1535 0.736516
1536 0.73287
1537 0.728501
1538 0.726144
1539 0.735825
1540 0.735385
1541 0.730576
1542 0.742928
1543 0.749654
1544 0.734788
1545 0.738654
1546 0.739314
1547 0.746983
1548 0.725453
1549 0.712252
1550 0.694336
1551 0.680255
1552 0.666551
1553 0.648573
1554 0.627609
1555 0.630312
1556 0.615445
1557 0.587063
1558 0.582254
1559 0.572794
1560 0.585523
1561 0.589452
1562 0.582128
1563 0.570656
1564 0.563207
1565 0.568676
1566 0.575685
1567 0.575937
1568 0.581437
1569 0.588383
1570 0.58304
1571 0.578954
1572 0.569745
1573 0.575119
1574 0.566696
1575 0.562704
1576 0.558367
1577 0.560158
1578 0.579677
1579 0.592909
1580 0.597844
1581 0.613025
1582 0.626414
1583 0.637761
1584 0.647284
1585 0.633203
1586 0.649673
1587 0.656431
1588 0.675195
1589 0.681355
1590 0.673906
1591 0.675132
1592 0.695059
1593 0.708511
1594 0.706594
1595 0.743682
1596 0.758203
1597 0.776685
1598 0.772756
1599 0.778225
1600 0.785014
1601 0.797586
1602 0.811573
1603 0.813584
1604 0.811164
1605 0.804909
1606 0.806701
1607 0.796329
1608 0.800289
1609 0.813836
1610 0.807047
1611 0.822574
1612 0.818519
1613 0.816602
1614 0.819713
1615 0.828325
1616 0.86818
1617 0.867582
1618 0.868431
1619 0.866388
1620 0.859285
1621 0.837472
1622 0.825371
1623 0.803244
1624 0.787591
1625 0.781494
1626 0.784511
1627 0.795166
1628 0.789666
1629 0.802615
1630 0.817985
1631 0.843098
1632 0.870631
1633 0.872863
1634 0.874089
1635 0.873397
1636 0.887855
1637 0.887352
1638 0.890715
1639 0.895021
1640 0.895273
1641 0.894173
1642 0.898259
1643 0.902565
1644 0.892853
1645 0.899642
1646 0.888232
1647 0.843255
1648 0.815533
1649 0.821411
1650 0.799158
1651 0.792463
1652 0.776653
1653 0.769236
1654 0.772222
1655 0.781808
1656 0.784417
1657 0.790703
1658 0.769141
1659 0.723724
1660 0.723252
1661 0.7087
1662 0.695059
1663 0.69245
1664 0.696505
1665 0.70672
1666 0.693739
1667 0.704677
1668 0.70892
1669 0.715615
1670 0.739345
1671 0.722278
1672 0.729099
1673 0.740225
1674 0.766501
1675 0.773322
1676 0.782657
1677 0.79438
1678 0.806072
1679 0.817828
1680 0.851396
1681 0.841055
1682 0.81327
1683 0.813176
1684 0.800729
1685 0.706846
1686 0.725484
1687 0.724227
1688 0.71112
1689 0.719795
1690 0.713949
1691 0.737711
1692 0.761378
1693 0.769581
1694 0.785674
1695 0.792746
1696 0.784668
1697 0.78844
1698 0.797523
1699 0.800195
1700 0.804155
1701 0.806638
1702 0.812516
1703 0.802395
1704 0.793752
1705 0.803307
1706 0.805915
1707 0.806827
1708 0.801924
1709 0.81833
1710 0.834737
1711 0.838823
1712 0.849353
1713 0.854476
1714 0.849227
1715 0.852401
1716 0.877892
1717 0.878395
1718 0.87236
1719 0.848535
1720 0.845487
1721 0.823894
1722 0.791457
1723 0.779859
1724 0.763138
1725 0.746228
1726 0.759618
1727 0.763138
1728 0.745034
1729 0.735542
1730 0.729444
1731 0.733185
1732 0.747768
1733 0.728501
1734 0.707349
1735 0.680632
1736 0.686384
1737 0.691507
1738 0.684876
1739 0.655959
1740 0.637855
1741 0.644047
1742 0.649736
1743 0.662623
1744 0.669412
1745 0.663503
1746 0.671549
1747 0.673969
1748 0.725893
1749 0.70694
1750 0.736045
1751 0.745474
1752 0.749371
1753 0.7489
1754 0.727998
1755 0.700025
1756 0.696191
1757 0.678118
1758 0.674943
1759 0.661114
1760 0.630815
1761 0.634932
1762 0.625251
1763 0.630909
1764 0.612868
1765 0.602778
1766 0.597844
1767 0.59973
1768 0.598001
1769 0.610699
1770 0.632292
1771 0.636409
1772 0.642947
1773 0.630375
1774 0.632543
1775 0.644267
1776 0.653005
1777 0.655142
1778 0.656368
1779 0.648133
1780 0.652628
1781 0.673498
1782 0.689873
1783 0.682298
1784 0.68541
1785 0.671958
1786 0.669694
1787 0.690439
1788 0.695122
1789 0.69465
1790 0.68717
1791 0.703828
1792 0.699774
1793 0.698296
1794 0.678401
1795 0.676201
1796 0.656211
1797 0.650962
1798 0.655016
1799 0.647473
1800 0.624371
1801 0.609033
1802 0.596272
1803 0.614816
1804 0.608845
1805 0.634806
1806 0.623931
1807 0.610762
1808 0.618808
1809 0.619185
1810 0.630186
1811 0.625723
1812 0.621417
1813 0.625911
1814 0.638798
1815 0.654891
1816 0.660485
1817 0.654325
1818 0.676546
1819 0.688742
1820 0.691319
1821 0.692859
1822 0.710177
1823 0.727778
1824 0.750754
1825 0.755343
1826 0.751194
1827 0.746983
1828 0.73221
1829 0.687107
1830 0.666394
1831 0.654859
1832 0.626226
1833 0.608279
1834 0.593381
1835 0.582977
1836 0.569556
1837 0.55689
1838 0.573705
1839 0.527156
1840 0.518984
1841 0.532405
1842 0.56437
1843 0.567073
1844 0.561636
1845 0.555821
1846 0.541174
1847 0.572951
1848 0.586089
1849 0.602904
1850 0.614125
1851 0.626446
1852 0.638515
1853 0.665483
1854 0.682172
1855 0.684498
1856 0.679029
1857 0.674158
1858 0.665043
1859 0.643041
1860 0.573139
1861 0.53756
1862 0.477464
1863 0.410894
1864 0.37654
1865 0.31965
1866 0.252263
1867 0.226207
1868 0.177992
1869 0.152816
1870 0.141564
1871 0.123146
1872 0.116734
1873 0.117048
1874 0.124214
1875 0.126572
1876 0.126792
1877 0.118337
1878 0.108656
1879 0.109033
1880 0.108907
1881 0.111673
1882 0.116702
1883 0.122077
1884 0.129777
1885 0.142664
1886 0.15093
1887 0.169726
1888 0.179029
1889 0.199522
1890 0.247674
1891 0.270493
1892 0.321693
1893 0.380469
1894 0.411271
1895 0.461277
1896 0.477967
1897 0.477684
1898 0.466935
1899 0.451534
1900 0.447856
1901 0.440282
1902 0.403445
1903 0.401339
1904 0.391941
1905 0.433744
1906 0.454237
1907 0.51999
1908 0.610793
1909 0.659637
1910 0.712095
1911 0.745443
1912 0.75308
1913 0.743085
1914 0.701471
1915 0.68871
1916 0.655111
1917 0.627829
1918 0.623208
1919 0.630029
1920 0.636126
1921 0.640464
1922 0.655425
1923 0.657657
1924 0.659951
1925 0.659039
1926 0.657342
1927 0.659385
1928 0.6674
1929 0.655614
1930 0.63949
1931 0.631569
1932 0.603973
1933 0.594166
1934 0.580274
1935 0.519393
1936 0.493714
1937 0.494185
1938 0.484285
1939 0.497831
1940 0.536491
1941 0.565627
1942 0.578042
1943 0.614565
1944 0.637038
1945 0.663691
1946 0.676704
1947 0.678181
1948 0.676515
1949 0.685127
1950 0.690533
1951 0.696159
1952 0.707663
1953 0.71134
1954 0.714672
1955 0.701031
1956 0.705871
1957 0.697982
1958 0.670669
1959 0.669192
1960 0.637101
1961 0.625
1962 0.617928
1963 0.633706
1964 0.661617
1965 0.634335
1966 0.64015
1967 0.60479
1968 0.588289
1969 0.572259
1970 0.525019
1971 0.445279
1972 0.409228
1973 0.340992
1974 0.272944
1975 0.243777
1976 0.179752
1977 0.140087
1978 0.120914
1979 0.0905834
1980 0.0755595
1981 0.0746794
1982 0.0761252
1983 0.077351
1984 0.075528
1985 0.0778539
1986 0.0696819
1987 0.0665388
1988 0.0605041
1989 0.0608499
1990 0.0602527
1991 0.0627672
1992 0.0670732
1993 0.0687076
1994 0.0714735
1995 0.0671046
1996 0.0649987
1997 0.0627672
1998 0.0663817
1999 0.0647159
2000 0.0618871
2001 0.0609442
2002 0.0577068
2003 0.0538723
2004 0.0490005
2005 0.0487176
2006 0.0497548
2007 0.0580211
2008 0.0602213
2009 0.0651873
2010 0.060567
2011 0.0620128
2012 0.0677961
2013 0.0620443
2014 0.066476
2015 0.0671675
2016 0.0737679
2017 0.080997
2018 0.112962
2019 0.105041
2020 0.111862
2021 0.105262
2022 0.100233
2023 0.0988811
2024 0.102276
2025 0.0868117
2026 0.0900176
2027 0.149422
2028 0.255029
2029 0.2979
2030 0.39213
2031 0.420512
2032 0.413817
2033 0.416269
2034 0.449617
2035 0.463603
2036 0.452162
2037 0.468726
2038 0.450685
2039 0.464829
2040 0.49362
2041 0.50154
2042 0.515275
2043 0.534165
2044 0.528351
2045 0.533819
2046 0.52241
2047 0.503803
2048 0.500031
2049 0.518167
2050 0.521059
2051 0.507952
2052 0.573642
2053 0.566665
2054 0.539603
2055 0.513672
2056 0.520933
2057 0.512415
2058 0.472844
2059 0.456343
2060 0.425603
2061 0.429249
2062 0.435347
2063 0.390401
2064 0.405425
2065 0.404482
2066 0.375534
2067 0.375126
2068 0.363685
2069 0.312893
2070 0.360573
2071 0.353973
2072 0.379495
2073 0.402753
2074 0.396656
2075 0.383015
2076 0.383329
2077 0.363685
2078 0.318645
2079 0.266878
2080 0.242111
2081 0.193708
2082 0.151276
2083 0.136001
2084 0.101018
2085 0.0952037
2086 0.0967438
2087 0.0986296
2088 0.0998868
2089 0.099384
2090 0.101144
2091 0.103564
2092 0.105922
2093 0.107776
2094 0.107525
2095 0.107462
2096 0.106079
2097 0.103313
2098 0.103407
2099 0.104444
2100 0.103376
2101 0.103627
2102 0.111233
2103 0.115351
2104 0.116137
2105 0.118337
2106 0.123554
2107 0.125849
2108 0.127106
2109 0.126854
2110 0.128017
2111 0.131412
2112 0.128206
2113 0.12654
2114 0.131443
2115 0.12742
2116 0.132638
2117 0.131129
2118 0.135592
2119 0.135372
2120 0.139898
2121 0.146561
2122 0.153413
2123 0.165294
2124 0.171895
2125 0.172178
2126 0.175572
2127 0.18915
2128 0.187484
2129 0.189653
2130 0.191256
2131 0.196473
2132 0.186573
2133 0.202068
2134 0.199899
2135 0.208449
2136 0.225295
2137 0.228093
2138 0.226961
2139 0.241168
2140 0.252923
2141 0.291834
2142 0.324271
2143 0.344732
2144 0.374749
2145 0.390087
2146 0.381538
2147 0.397316
2148 0.408317
2149 0.409825
2150 0.41014
2151 0.397724
2152 0.388044
2153 0.3728
2154 0.365885
2155 0.375471
2156 0.413628
2157 0.421172
2158 0.423749
2159 0.453388
2160 0.479979
2161 0.492017
2162 0.527596
2163 0.564527
2164 0.578388
2165 0.592689
2166 0.609693
2167 0.617897
2168 0.628677
2169 0.655708
2170 0.661868
2171 0.680129
2172 0.701565
2173 0.708071
2174 0.713006
2175 0.719858
2176 0.720329
2177 0.717061
2178 0.696631
2179 0.691979
2180 0.672586
2181 0.655802
2182 0.645084
2183 0.626792
2184 0.601081
2185 0.585209
2186 0.569588
2187 0.54416
2188 0.528979
2189 0.506978
2190 0.477087
2191 0.462912
2192 0.434153
2193 0.413063
2194 0.401465
2195 0.366325
2196 0.320248
2197 0.294789
2198 0.260529
2199 0.23441
2200 0.227841
2201 0.207034
2202 0.176578
2203 0.174598
2204 0.153665
2205 0.158411
2206 0.166143
2207 0.160108
2208 0.149673
2209 0.144456
2210 0.139741
2211 0.117268
2212 0.106016
2213 0.0854287
2214 0.0622014
2215 0.0509806
2216 0.0454488
2217 0.0381255
2218 0.0307707
2219 0.0323736
2220 0.0351396
2221 0.0356739
2222 0.0362082
2223 0.0363025
2224 0.0488748
2225 0.0446945
2226 0.0381569
2227 0.0445059
2228 0.0495663
2229 0.0461717
2230 0.0411743
2231 0.0434373
2232 0.044223
2233 0.045166
2234 0.0503835
2235 0.0424629
2236 0.0452917
2237 0.0467061
2238 0.0468004
2239 0.0522379
2240 0.0561981
2241 0.0552866
2242 0.0543752
2243 0.0461403
2244 0.0495034
2245 0.0526465
2246 0.0589012
2247 0.0580526
2248 0.0506035
2249 0.0629872
2250 0.061007
2251 0.0609756
2252 0.0666646
2253 0.0669789
2254 0.0651873
2255 0.068739
2256 0.068739
2257 0.0741765
2258 0.0780111
2259 0.0744594
2260 0.0758109
2261 0.0778853
2262 0.0759366
2263 0.0767538
2264 0.0775396
2265 0.0724793
2266 0.0713792
2267 0.0736422
2268 0.0827571
2269 0.0823485
2270 0.0826314
2271 0.0793312
2272 0.0793312
2273 0.0736736
2274 0.0723221
2275 0.0720707
2276 0.0718821
2277 0.0679847
2278 0.0667903
2279 0.0611642
2280 0.0590583
2281 0.0605356
2282 0.0579583
2283 0.0495977
2284 0.0440344
2285 0.0338195
2286 0.0247674
2287 0.0217501
2288 0.0176326
2289 0.0136724
2290 0.0100578
2291 0.00625471
2292 0.00216872
2293 0.00110008
2294 0
2295 0
2296 0
2297 0
2298 0
2299 0
2300 0
2301 0.0100893
2302 0.0105922
2303 0.010655
2304 0.0409542
2305 0.0667589
2306 0.12016
2307 0.167589
2308 0.195656
2309 0.254055
2310 0.286145
2311 0.293877
2312 0.294254
2313 0.292589
2314 0.28954
2315 0.2891
2316 0.281305
2317 0.274296
2318 0.265432
2319 0.25264
2320 0.260372
2321 0.250566
2322 0.22451
2323 0.215772
2324 0.186196
2325 0.199522
2326 0.197762
2327 0.199617
2328 0.20452
2329 0.203514
2330 0.212786
2331 0.196128
2332 0.191665
2333 0.195342
2334 0.178369
2335 0.161365
2336 0.142978
2337 0.12258
2338 0.106079
2339 0.0829771
2340 0.0769738
2341 0.080777
2342 0.0908034
2343 0.105639
2344 0.111956
2345 0.127546
2346 0.136221
2347 0.136472
2348 0.129966
2349 0.105513
2350 0.111422
2351 0.0959266
2352 0.0872203
2353 0.088226
2354 0.0852401
2355 0.0786082
2356 0.0736108
2357 0.0642758
2358 0.0466118
2359 0.0398542
2360 0.0241702
2361 0.0128552
2362 0.00974353
2363 0.000754337
2364 0
2365 0
2366 0
2367 0
2368 0
2369 0
2370 0
2371 0
2372 0
2373 0
2374 0
2375 0
2376 0
2377 0.0028602
2378 0.0141753
2379 0.0246103
2380 0.0333794
2381 0.0419915
2382 0.0414886
2383 0.0480262
2384 0.0524265
2385 0.0490319
2386 0.0507606
2387 0.0563239
2388 0.0688333
2389 0.0678589
2390 0.0693048
2391 0.0641501
2392 0.0602213
2393 0.0488433
2394 0.0372768
2395 0.029702
2396 0.0229444
2397 0.0121951
2398 0.00653759
2399 0
2400 0
2401 0
2402 0
2403 0
2404 0
2405 0
2406 0
2407 0
2408 0
2409 0.0561981
2410 0.0901433
2411 0.165891
2412 0.228941
2413 0.236296
2414 0.210177
2415 0.213729
2416 0.217375
2417 0.218569
2418 0.254149
2419 0.266438
2420 0.297555
2421 0.29218
2422 0.29064
2423 0.281431
2424 0.272347
2425 0.26603
2426 0.229696
2427 0.178275
2428 0.156525
2429 0.109568
2430 0.0726993
2431 0.0551609
2432 0.0225673
2433 0.00220015
2434 0
2435 0
2436 0
2437 0
2438 0
2439 0
2440 0
2441 0
2442 0
2443 0
2444 0
2445 0
2446 0
2447 0
2448 0
2449 0
2450 0
2451 0
2452 0
2453 0
2454 0
2455 0
2456 0
2457 0
2458 0.00468318
2459 0.0495348
2460 0.0981267
2461 0.120631
2462 0.16718
2463 0.191947
2464 0.194902
2465 0.196819
2466 0.196222
2467 0.193016
2468 0.176106
2469 0.168154
2470 0.168532
2471 0.164194
2472 0.155676
2473 0.157311
2474 0.157625
2475 0.153508
2476 0.142664
2477 0.111516
2478 0.0854601
2479 0.0700905
2480 0.0405142
2481 0.0166583
2482 0.0035831
2483 0
2484 0
2485 0
2486 0
2487 0
2488 0
2489 0
2490 0
2491 0
2492 0
2493 0
2494 0
2495 0
2496 0
2497 0
2498 0
2499 0
2500 0
2501 0
2502 0
2503 0.00103721
2504 0.0148667
2505 0.0278791
2506 0.0363339
2507 0.0550352
2508 0.0697134
2509 0.0721021
2510 0.073265
2511 0.0804312
2512 0.0826942
2513 0.0836686
2514 0.0845801
2515 0.0837943
2516 0.0818456
2517 0.0721021
2518 0.0758109
2519 0.0600955
2520 0.0449774
2521 0.0384398
2522 0.0255846
2523 0.0119122
2524 0.00647473
2525 0
2526 0
2527 0
2528 0
2529 0
2530 0
2531 0
2532 0
2533 0
2534 0
2535 0.00110008
2536 0.00110008
2537 0.00110008
2538 0.00110008
2539 0.00110008
2540 0.00125723
2541 0.00125723
2542 0.00125723
2543 0.00125723
2544 0.0378112
2545 0.0574554
2546 0.102496
2547 0.163251
2548 0.184247
2549 0.223881
2550 0.266313
2551 0.276779
2552 0.309718
2553 0.324239
2554 0.336717
2555 0.351741
2556 0.375
2557 0.376949
2558 0.375189
2559 0.364911
2560 0.364439
2561 0.35083
2562 0.323705
2563 0.300823
2564 0.257323
2565 0.213226
2566 0.18343
2567 0.137824
2568 0.0953608
2569 0.0771624
2570 0.0452288
2571 0.0224101
2572 0.0195185
2573 0.0111893
2574 0.00198014
2575 0
2576 0
2577 0
2578 0
2579 0
2580 0
2581 0
2582 0
2583 0
2584 0
2585 0
2586 0
2587 0
2588 0
2589 0
2590 0
2591 0
2592 0
2593 0
2594 0
2595 0
2596 0
2597 0
2598 0
2599 0
2600 0
2601 0
2602 0
2603 0
2604 0
2605 0
2606 0
2607 0
2608 0
2609 0
2610 0
2611 0
2612 0
2613 0
2614 0
2615 0
2616 0
2617 0
2618 0
2619 0
2620 0
2621 0
2622 0
2623 0
2624 0
2625 0
2626 0
2627 0
2628 0
2629 0
2630 0
2631 0
2632 0
2633 0
2634 0
2635 0
2636 0
2637 0
2638 0
2639 0
2640 0
2641 0
2642 0
2643 0
2644 0
2645 0
2646 0
2647 0
2648 0
2649 0
2650 0
2651 0
2652 0
2653 0
2654 0
2655 0
2656 0
2657 0.000785768
2658 0.0296706
2659 0.0478061
2660 0.0940722
2661 0.134366
2662 0.155331
2663 0.194336
2664 0.200277
2665 0.207317
2666 0.204583
2667 0.210963
2668 0.211875
2669 0.187861
2670 0.177804
2671 0.169412
2672 0.16652
2673 0.163094
2674 0.168752
2675 0.200874
2676 0.250911
2677 0.274516
2678 0.316036
2679 0.322731
2680 0.321253
2681 0.305538
2682 0.29482
2683 0.302835
2684 0.320279
2685 0.345424
2686 0.367111
2687 0.390653
2688 0.395336
2689 0.386724
2690 0.407405
2691 0.429218
2692 0.427144
2693 0.422178
2694 0.427489
2695 0.435598
2696 0.443016
2697 0.44091
2698 0.44399
2699 0.427269
2700 0.404011
2701 0.388672
2702 0.348692
2703 0.299629
2704 0.271939
2705 0.217218
2706 0.161334
2707 0.132229
2708 0.0812484
2709 0.0345109
2710 0.0241388
2711 0
2712 0
2713 0
2714 0
2715 0
2716 0
2717 0
2718 0
2719 0
2720 0
2721 0
2722 0
2723 0.00257732
2724 0.00308021
2725 0.00289163
2726 0.00452602
2727 0.00653759
2728 0.00700905
2729 0.00864345
2730 0.0131695
2731 0.0153068
2732 0.019047
2733 0.022253
2734 0.0259303
2735 0.0280991
2736 0.0331908
2737 0.0367111
2738 0.0382198
2739 0.0423058
2740 0.043343
2741 0.0462032
2742 0.0446316
2743 0.0504777
2744 0.0520179
2745 0.0534951
2746 0.057644
2747 0.0567325
2748 0.0544066
2749 0.0525836
2750 0.0467061
2751 0.0434687
2752 0.0426201
2753 0.0448516
2754 0.0448202
2755 0.0450088
2756 0.0424943
2757 0.0412057
2758 0.0396027
2759 0.0430915
2760 0.0396656
2761 0.0402942
2762 0.0387227
2763 0.0407342
2764 0.0411428
2765 0.0422115
2766 0.0441916
2767 0.0449145
2768 0.0406714
2769 0.04152
2770 0.0432801
2771 0.0426515
2772 0.0429344
2773 0.0428401
2774 0.0434687
2775 0.0407028
2776 0.0408285
2777 0.0402628
2778 0.0394141
2779 0.0386284
2780 0.0368054
2781 0.0421172
2782 0.045606
2783 0.0508549
2784 0.0604413
2785 0.0566382
2786 0.0577382
2787 0.0602527
2788 0.0629243
2789 0.0680161
2790 0.0643073
2791 0.0657845
2792 0.0619185
2793 0.0606299
2794 0.0634901
2795 0.0588069
2796 0.0586812
2797 0.058524
2798 0.0566696
2799 0.0531808
2800 0.0533379
2801 0.0513578
2802 0.0515464
2803 0.0520179
2804 0.0552238
2805 0.0549409
2806 0.0556324
2807 0.0564182
2808 0.0550666
2809 0.0547523
2810 0.0550981
2811 0.054658
2812 0.0545323
2813 0.0541866
2814 0.0526779
2815 0.051735
2816 0.0502263
2817 0.0508235
2818 0.0491891
2819 0.0511378
2820 0.0496605
2821 0.0491577
2822 0.0471461
2823 0.0476176
2824 0.0484662
2825 0.0480576
2826 0.0470518
2827 0.0468004
2828 0.0458889
2829 0.0454174
2830 0.045166
2831 0.0448831
2832 0.0455431
2833 0.0443802
2834 0.0432801
2835 0.0432801
2836 0.0426829
2837 0.0426201
2838 0.0434373
2839 0.0436258
2840 0.0444116
2841 0.0452602
2842 0.0452602
2843 0.0455746
2844 0.0463603
2845 0.0470518
2846 0.0469261
2847 0.0464546
2848 0.0465803
2849 0.0458889
2850 0.046266
2851 0.0466432
2852 0.0470832
2853 0.0470518
2854 0.0465175
2855 0.0459203
2856 0.0455117
2857 0.0452288
2858 0.0451345
2859 0.046266
2860 0.0424629
2861 0.0424315
2862 0.0421172
2863 0.0415829
2864 0.0424315
2865 0.04218
2866 0.0416771
2867 0.0419286
2868 0.0418343
2869 0.0446002
2870 0.0446945
2871 0.0448202
2872 0.0448516
2873 0.0452602
2874 0.0453231
2875 0.0453231
2876 0.0452602
2877 0.045386
2878 0.045386
2879 0.0455117
2880 0.0456374
2881 0.045606
2882 0.0454488
2883 0.0451974
2884 0.0451345
2885 0.0460146
2886 0.0462032
2887 0.046266
2888 0.046266
2889 0.0462346
2890 0.0462346
2891 0.0459832
2892 0.0459517
2893 0.0459517
2894 0.0458574
2895 0.0458889
2896 0.0459203
2897 0.0456374
2898 0.045606
2899 0.0455117
2900 0.0455431
2901 0.0454803
2902 0.0457317
2903 0.0457003
2904 0.0455117
2905 0.0455117
2906 0.0456688
2907 0.0456374
2908 0.0453545
2909 0.0455431
2910 0.0451345
2911 0.0450717
2912 0.0452288
2913 0.0452288
2914 0.0452288
2915 0.0450717
2916 0.0449459
2917 0.0445373
2918 0.0447259
2919 0.0447574
2920 0.0448202
2921 0.0446316
2922 0.0448202
2923 0.0445688
2924 0.0443802
2925 0.0446002
2926 0.0448202
2927 0.0451345
2928 0.0457003
2929 0.0459517
2930 0.0457631
2931 0.0460774
2932 0.0461717
2933 0.0466118
2934 0.0466118
2935 0.0469889
2936 0.0466432
2937 0.0466432
2938 0.0463289
2939 0.0463289
2940 0.0462032
2941 0.0460774
2942 0.046046
2943 0.0456688
2944 0.0459203
2945 0.0458574
2946 0.0454803
2947 0.0454488
2948 0.0454174
2949 0.045166
2950 0.0451345
2951 0.0449459
2952 0.0445059
2953 0.0444745
2954 0.0444116
2955 0.0438773
2956 0.0441287
2957 0.044443
2958 0.0444116
2959 0.044443
2960 0.0459832
2961 0.046046
2962 0.045826
2963 0.0459832
2964 0.0459517
2965 0.0455431
2966 0.045386
2967 0.0450402
2968 0.0449459
2969 0.0452602
2970 0.0452602
2971 0.0447574
2972 0.0447574
2973 0.0446945
2974 0.0446945
2975 0.0461089
2976 0.045826
2977 0.046266
2978 0.046266
2979 0.0459203
2980 0.0458889
2981 0.0455117
2982 0.0455431
2983 0.0470832
2984 0.0472404
2985 0.0649045
2986 0.0659102
2987 0.0692419
2988 0.0667589
2989 0.0637101
2990 0.064213
2991 0.068079
2992 0.0675132
2993 0.0671675
2994 0.0656902
2995 0.0669789
2996 0.0684876
2997 0.0677646
2998 0.0703734
2999 0.0702791
3000 0.0738622
3001 0.0738622
3002 0.0738308
3003 0.0740508
3004 0.0742394
3005 0.0754023
3006 0.0741765
3007 0.0733593
3008 0.0738308
3009 0.0745851
3010 0.085743
3011 0.0890118
3012 0.0888547
3013 0.0888547
3014 0.0924378
3015 0.092092
3016 0.0942922
3017 0.0980324
3018 0.0986296
3019 0.0943236
3020 0.0959266
3021 0.102244
3022 0.106896
3023 0.112899
3024 0.115099
3025 0.116702
3026 0.118022
3027 0.12082
3028 0.125943
3029 0.127546
3030 0.136378
3031 0.138421
3032 0.14059
3033 0.139521
3034 0.137038
3035 0.182895
3036 0.180318
3037 0.181418
3038 0.18145
3039 0.179155
3040 0.173183
3041 0.184247
3042 0.173215
3043 0.168972
3044 0.167337
3045 0.172335
3046 0.170417
3047 0.180884
3048 0.181135
3049 0.179564
3050 0.18211
3051 0.18409
3052 0.181544
3053 0.182675
3054 0.18629
3055 0.186541
3056 0.186164
3057 0.185787
3058 0.183304
3059 0.179815
3060 0.185441
3061 0.179721
3062 0.177992
3063 0.194462
3064 0.172555
3065 0.174943
3066 0.169915
3067 0.168249
3068 0.165608
3069 0.166269
3070 0.169412
3071 0.188616
3072 0.186667
3073 0.18783
3074 0.195059
3075 0.20716
3076 0.208543
3077 0.211937
3078 0.197542
3079 0.198956
3080 0.200088
3081 0.198359
3082 0.200339
3083 0.200842
3084 0.205054
3085 0.231707
3086 0.223441
3087 0.228753
3088 0.222687
3089 0.216715
3090 0.216212
3091 0.214358
3092 0.211497
3093 0.212346
3094 0.212912
3095 0.208291
3096 0.206343
3097 0.207631
3098 0.207349
3099 0.206626
3100 0.205337
3101 0.2076
3102 0.207977
3103 0.205211
3104 0.209894
3105 0.213037
3106 0.210586
3107 0.211246
3108 0.215741
3109 0.214923
3110 0.247454
3111 0.25088
3112 0.253929
3113 0.254997
3114 0.25132
3115 0.25132
3116 0.248083
3117 0.246291
3118 0.244028
3119 0.25352
3120 0.254243
3121 0.251414
3122 0.246071
3123 0.246291
3124 0.247171
3125 0.24516
3126 0.246448
3127 0.241482
3128 0.237711
3129 0.237679
3130 0.239094
3131 0.239031
3132 0.238339
3133 0.235825
3134 0.236548
3135 0.233216
3136 0.222341
3137 0.227024
3138 0.224887
3139 0.217941
3140 0.227841
3141 0.221838
3142 0.230136
3143 0.235228
3144 0.23309
3145 0.231802
3146 0.233216
3147 0.234127
3148 0.235982
3149 0.228659
3150 0.231959
3151 0.231267
3152 0.22451
3153 0.225421
3154 0.224478
3155 0.224038
3156 0.225453
3157 0.223284
3158 0.222875
3159 0.225704
3160 0.251289
3161 0.24824
3162 0.250503
3163 0.249686
3164 0.243148
3165 0.247266
3166 0.247014
3167 0.241357
3168 0.244091
3169 0.242111
3170 0.239534
3171 0.239628
3172 0.237051
3173 0.236893
3174 0.239251
3175 0.236202
3176 0.250283
3177 0.253615
3178 0.252169
3179 0.252797
3180 0.250157
3181 0.231362
3182 0.231267
3183 0.231896
3184 0.233153
3185 0.251446
3186 0.252609
3187 0.245977
3188 0.249183
3189 0.2511
3190 0.245505
3191 0.245851
3192 0.246857
3193 0.239345
3194 0.241294
3195 0.234379
3196 0.237113
3197 0.236956
3198 0.227936
3199 0.228627
3200 0.226176
3201 0.229256
3202 0.223252
3203 0.22275
3204 0.218475
3205 0.218726
3206 0.224007
3207 0.216463
3208 0.219072
3209 0.217218
3210 0.223378
3211 0.22385
3212 0.226553
3213 0.225955
3214 0.225955
3215 0.22473
3216 0.224195
3217 0.223095
3218 0.22517
3219 0.224101
3220 0.220832
3221 0.234725
3222 0.235605
3223 0.233027
3224 0.215678
3225 0.215898
3226 0.214546
3227 0.216055
3228 0.232556
3229 0.232273
3230 0.23375
3231 0.229319
3232 0.227684
3233 0.22407
3234 0.223032
3235 0.204583
3236 0.200779
3237 0.20232
3238 0.199114
3239 0.205494
3240 0.199459
3241 0.204394
3242 0.201062
3243 0.206311
3244 0.204425
3245 0.204928
3246 0.203483
3247 0.205023
3248 0.202162
3249 0.20298
3250 0.199208
3251 0.195059
3252 0.196379
3253 0.198422
3254 0.194588
3255 0.194619
3256 0.194493
3257 0.191916
3258 0.189244
3259 0.188301
3260 0.207506
3261 0.210932
3262 0.212786
3263 0.221461
3264 0.216526
3265 0.211026
3266 0.212377
3267 0.211686
3268 0.208103
3269 0.208103
3270 0.204488
3271 0.206688
3272 0.205557
3273 0.204834
3274 0.204143
3275 0.204457
3276 0.220832
3277 0.219512
3278 0.217155
3279 0.217878
3280 0.215332
3281 0.220927
3282 0.230419
3283 0.23463
3284 0.236705
3285 0.262007
3286 0.259524
3287 0.254369
3288 0.252012
3289 0.250849
3290 0.244122
3291 0.250786
3292 0.250943
3293 0.248271
3294 0.251572
3295 0.252954
3296 0.250503
3297 0.253709
3298 0.254526
3299 0.256695
3300 0.25726
3301 0.242299
3302 0.245411
3303 0.254086
3304 0.253803
3305 0.253143
3306 0.253017
3307 0.251509
3308 0.247863
3309 0.24714
3310 0.263767
3311 0.265778
3312 0.265967
3313 0.261535
3314 0.258329
3315 0.252892
3316 0.2511
3317 0.254463
3318 0.252389
3319 0.258518
3320 0.252452
3321 0.240759
3322 0.245631
3323 0.237648
3324 0.231896
3325 0.234945
3326 0.235982
3327 0.232587
3328 0.232336
3329 0.229759
3330 0.226553
3331 0.229319
3332 0.230482
3333 0.228156
3334 0.228407
3335 0.228784
3336 0.227558
3337 0.213069
3338 0.21178
3339 0.205526
3340 0.202225
3341 0.199711
3342 0.196128
3343 0.20672
3344 0.206908
3345 0.205934
3346 0.203954
3347 0.201314
3348 0.198265
3349 0.200434
3350 0.199522
3351 0.198579
3352 0.197574
3353 0.197008
3354 0.196536
3355 0.195468
3356 0.198296
3357 0.197322
3358 0.195656
3359 0.195782
3360 0.215018
3361 0.216558
3362 0.215238
3363 0.214546
3364 0.213572
3365 0.213572
3366 0.213855
3367 0.203671
3368 0.202037
3369 0.203042
3370 0.202005
3371 0.200591
3372 0.200748
3373 0.199459
3374 0.199994
3375 0.199711
3376 0.199428
3377 0.199522
3378 0.199271
3379 0.199239
3380 0.199554
3381 0.198234
3382 0.197542
3383 0.201188
3384 0.201691
3385 0.198579
3386 0.196191
3387 0.194965
3388 0.191822
3389 0.194965
3390 0.197762
3391 0.198831
3392 0.199397
3393 0.196568
3394 0.200905
3395 0.200371
3396 0.193488
3397 0.202665
3398 0.202697
3399 0.202854
3400 0.206751
3401 0.206814
3402 0.206814
3403 0.199397
3404 0.199899
3405 0.199617
3406 0.199742
3407 0.197699
3408 0.197165
3409 0.194242
3410 0.201911
3411 0.200811
3412 0.196033
3413 0.193676
3414 0.190313
3415 0.189464
3416 0.187893
3417 0.187956
3418 0.188176
3419 0.187296
3420 0.186887
3421 0.18651
3422 0.188396
3423 0.188521
3424 0.190124
3425 0.19091
3426 0.190124
3427 0.187013
3428 0.190093
3429 0.187013
3430 0.18541
3431 0.18541
3432 0.196631
3433 0.197165
3434 0.198736
3435 0.232493
3436 0.224824
3437 0.224353
3438 0.238748
3439 0.238654
3440 0.237585
3441 0.246825
3442 0.247108
3443 0.243211
3444 0.245191
3445 0.241765
3446 0.246574
3447 0.244468
3448 0.244468
3449 0.245348
3450 0.244342
3451 0.244185
3452 0.243934
3453 0.242519
3454 0.241482
3455 0.239251
3456 0.238559
3457 0.238559
3458 0.238402
3459 0.238339
3460 0.285045
3461 0.284228
3462 0.283411
3463 0.282939
3464 0.283254
3465 0.283254
3466 0.282437
3467 0.281525
3468 0.279136
3469 0.279671
3470 0.278005
3471 0.279608
3472 0.27461
3473 0.274485
3474 0.269864
3475 0.268481
3476 0.268513
3477 0.267758
3478 0.267758
3479 0.26757
3480 0.267758
3481 0.26691
3482 0.268701
3483 0.255909
3484 0.256255
3485 0.346304
3486 0.338729
3487 0.338446
3488 0.339483
3489 0.339829
3490 0.34907
3491 0.365885
3492 0.376194
3493 0.399422
3494 0.41894
3495 0.452477
3496 0.426484
3497 0.420449
3498 0.407311
3499 0.406745
3500 0.39367
3501 0.413943
3502 0.413
3503 0.44421
3504 0.443865
3505 0.417809
3506 0.408505
3507 0.425258
3508 0.412685
3509 0.41014
3510 0.400396
3511 0.388421
3512 0.394456
3513 0.38006
3514 0.374309
3515 0.374497
3516 0.35215
3517 0.341275
3518 0.342438
3519 0.343726
3520 0.330746
3521 0.327885
3522 0.329488
3523 0.331248
3524 0.323359
3525 0.320908
3526 0.320216
3527 0.325999
3528 0.330934
3529 0.329551
3530 0.342029
3531 0.335052
3532 0.335649
3533 0.335806
3534 0.333449
3535 0.327791
3536 0.325497
3537 0.323359
3538 0.323579
3539 0.323076
3540 0.319053
3541 0.31833
3542 0.317733
3543 0.316539
3544 0.317105
3545 0.316822
3546 0.320719
3547 0.319902
3548 0.317419
3549 0.316633
3550 0.314747
3551 0.314779
3552 0.31503
3553 0.308775
3554 0.310221
3555 0.313867
3556 0.313867
3557 0.310944
3558 0.312579
3559 0.309624
3560 0.285328
3561 0.285045
3562 0.281745
3563 0.281368
3564 0.282185
3565 0.282688
3566 0.282657
3567 0.286617
3568 0.283254
3569 0.265653
3570 0.262227
3571 0.260498
3572 0.279733
3573 0.280488
3574 0.269267
3575 0.281022
3576 0.277753
3577 0.277376
3578 0.279828
3579 0.290829
3580 0.292149
3581 0.280771
3582 0.292966
3583 0.279388
3584 0.277062
3585 0.277345
3586 0.277502
3587 0.277942
3588 0.280079
3589 0.278005
3590 0.278005
3591 0.278005
3592 0.276873
3593 0.280331
3594 0.26757
3595 0.263735
3596 0.26625
3597 0.266344
3598 0.263892
3599 0.259178
3600 0.258392
3601 0.257135
3602 0.257575
3603 0.257575
3604 0.256286
3605 0.254432
3606 0.253929
3607 0.252672
3608 0.252043
3609 0.249843
3610 0.249529
3611 0.25352
3612 0.254212
3613 0.257135
3614 0.256883
3615 0.258046
3616 0.258581
3617 0.258706
3618 0.258581
3619 0.274327
3620 0.273102
3621 0.277502
3622 0.269267
3623 0.270053
3624 0.267664
3625 0.269361
3626 0.274233
3627 0.273919
3628 0.279702
3629 0.284259
3630 0.287748
3631 0.287497
3632 0.290766
3633 0.2891
3634 0.29042
3635 0.29262
3636 0.293217
3637 0.295983
3638 0.297272
3639 0.300383
3640 0.302772
3641 0.301546
3642 0.302741
3643 0.305255
3644 0.329268
3645 0.331751
3646 0.338069
3647 0.316319
3648 0.31789
3649 0.319619
3650 0.320216
3651 0.317513
3652 0.327068
3653 0.332506
3654 0.328703
3655 0.326534
3656 0.33018
3657 0.329488
3658 0.337126
3659 0.342626
3660 0.341715
3661 0.348001
3662 0.343664
3663 0.355324
3664 0.354476
3665 0.358782
3666 0.362648
3667 0.364565
3668 0.366828
3669 0.369185
3670 0.353627
3671 0.351867
3672 0.352904
3673 0.353187
3674 0.357587
3675 0.355702
3676 0.355419
3677 0.358405
3678 0.361139
3679 0.363591
3680 0.367425
3681 0.364911
3682 0.372988
3683 0.368714
3684 0.372486
3685 0.372863
3686 0.373868
3687 0.374937
3688 0.381255
3689 0.373334
3690 0.371888
3691 0.37082
3692 0.368997
3693 0.366671
3694 0.375503
3695 0.377483
3696 0.374686
3697 0.372548
3698 0.370663
3699 0.367331
3700 0.360573
3701 0.360353
3702 0.359442
3703 0.354507
3704 0.354036
3705 0.354539
3706 0.352936
3707 0.353847
3708 0.349698
3709 0.347655
3710 0.338477
3711 0.339766
3712 0.341055
3713 0.340866
3714 0.339232
3715 0.339106
3716 0.338949
3717 0.339295
3718 0.338949
3719 0.327917
3720 0.326345
3721 0.323391
3722 0.321033
3723 0.319525
3724 0.321348
3725 0.319902
3726 0.321222
3727 0.318205
3728 0.316099
3729 0.320185
3730 0.31481
3731 0.321065
3732 0.321065
3733 0.322919
3734 0.323108
3735 0.327037
3736 0.323045
3737 0.321253
3738 0.324648
3739 0.325308
3740 0.325214
3741 0.327068
3742 0.325622
3743 0.325497
3744 0.320688
3745 0.320625
3746 0.320028
3747 0.319399
3748 0.31767
3749 0.317702
3750 0.312956
3751 0.31239
3752 0.310724
3753 0.305538
3754 0.304029
3755 0.306261
3756 0.301169
3757 0.296392
3758 0.292211
3759 0.2935
3760 0.288786
3761 0.286617
3762 0.279828
3763 0.275647
3764 0.271593
3765 0.263767
3766 0.256506
3767 0.247894
3768 0.242205
3769 0.245631
3770 0.241734
3771 0.237051
3772 0.236642
3773 0.235353
3774 0.238151
3775 0.237176
3776 0.236422
3777 0.236768
3778 0.23639
3779 0.236013
3780 0.231676
3781 0.233059
3782 0.230764
3783 0.23045
3784 0.230262
3785 0.230167
3786 0.23177
3787 0.230576
3788 0.231079
3789 0.231079
3790 0.231142
3791 0.230544
3792 0.230764
3793 0.230136
3794 0.234819
3795 0.230953
3796 0.230827
3797 0.230827
3798 0.229507
3799 0.228816
3800 0.226018
3801 0.226018
3802 0.226521
3803 0.224353
3804 0.223692
3805 0.22275
3806 0.22407
3807 0.222592
3808 0.245348
3809 0.277345
3810 0.299818
3811 0.325937
3812 0.356173
3813 0.369185
3814 0.374843
3815 0.531305
3816 0.595172
3817 0.736076
3818 0.786491
3819 0.848944
3820 0.850641
3821 0.851396
3822 0.851364
3823 0.850578
3824 0.861799
3825 0.861799
3826 0.852778
3827 0.929124
3828 0.937704
3829 0.937547
3830 0.93959
3831 0.939182
3832 0.939653
3833 0.930067
3834 0.940879
3835 0.947825
3836 0.947825
3837 0.947731
3838 0.947856
3839 0.947856
3840 0.95254
3841 0.95254
3842 0.952037
3843 0.952037
3844 0.94311
3845 0.944745
3846 0.944368
3847 0.944368
3848 0.944368
3849 0.93123
3850 0.93123
3851 0.931261
3852 0.931261
3853 0.931261
3854 0.931261
3855 0.934184
3856 0.933461
3857 0.93233
3858 0.930821
3859 0.930475
3860 0.928118
3861 0.927081
3862 0.930978
3863 0.925792
3864 0.922492
3865 0.93915
3866 0.931355
3867 0.934876
3868 0.93167
3869 0.945279
3870 0.945719
3871 0.944619
3872 0.944619
3873 0.94377
3874 0.943582
3875 0.943582
3876 0.944179
3877 0.943708
3878 0.943708
3879 0.941916
3880 0.94157
3881 0.943048
3882 0.943456
3883 0.94333
3884 0.943236
3885 0.943299
3886 0.94377
3887 0.946599
3888 0.946128
3889 0.94443
3890 0.945625
3891 0.945939
3892 0.944933
3893 0.944933
3894 0.960209
3895 0.960334
3896 0.960209
3897 0.960334
3898 0.960052
3899 0.961875
3900 0.962597
3901 0.953137
3902 0.949239
3903 0.954331
3904 0.959171
3905 0.936667
3906 0.943488
3907 0.952634
3908 0.944525
3909 0.94289
3910 0.929407
3911 0.903696
3912 0.905896
3913 0.89917
3914 0.87082
3915 0.869154
3916 0.840898
3917 0.841275
3918 0.836875
3919 0.839326
3920 0.833386
3921 0.83568
3922 0.843035
3923 0.841149
3924 0.855199
3925 0.854664
3926 0.849447
3927 0.847655
3928 0.838855
3929 0.839075
3930 0.840175
3931 0.850453
3932 0.883455
3933 0.881569
3934 0.905456
3935 0.944368
3936 0.946976
3937 0.947794
3938 0.959423
3939 0.958071
3940 0.962283
3941 0.949208
3942 0.951565
3943 0.950528
3944 0.97891
3945 0.979821
3946 0.977904
3947 0.97693
3948 0.970549
3949 0.975578
3950 0.976427
3951 0.979727
3952 0.979727
3953 0.979727
3954 0.97627
3955 0.982399
3956 0.982399
3957 0.976113
3958 0.975924
3959 0.968726
3960 0.970424
3961 0.951345
3962 0.957223
3963 0.940313
3964 0.973912
3965 0.95496
3966 0.966118
3967 0.966526
3968 0.973441
3969 0.980733
3970 0.972215
3971 0.979507
3972 0.979287
3973 0.979476
3974 0.979381
3975 0.98001
3976 0.981267
3977 0.97429
3978 0.962315
3979 0.981864
3980 0.969921
3981 0.968129
3982 0.969198
3983 0.970141
3984 0.980639
3985 0.969418
3986 0.968789
3987 0.968035
3988 0.967784
3989 0.966809
3990 0.98001
3991 0.980041
3992 0.979193
3993 0.979507
3994 0.968255
3995 0.966118
3996 0.9565
3997 0.957128
3998 0.955243
3999 0.941382
4000 0.899327
4001 0.892633
4002 0.884524
4003 0.913408
4004 0.917714
4005 0.937924
4006 0.958511
4007 0.971744
4008 0.969858
4009 0.971461
4010 0.972624
4011 0.97517
4012 0.974353
4013 0.979727
4014 0.979759
4015 0.977841
4016 0.979507
4017 0.980387
4018 0.980387
4019 0.969418
4020 0.968349
4021 0.969764
4022 0.970927
4023 0.967878
4024 0.967846
4025 0.967312
4026 0.969072
4027 0.969041
4028 0.971304
4029 0.98221
4030 0.968821
4031 0.967909
4032 0.980576
4033 0.983059
4034 0.98001
4035 0.983845
4036 0.983845
4037 0.965992
4038 0.983499
4039 0.958889
4040 0.975075
4041 0.939622
4042 0.904356
4043 0.887604
4044 0.856204
4045 0.844764
4046 0.836592
4047 0.851427
4048 0.879055
4049 0.88993
4050 0.875629
4051 0.899705
4052 0.883549
4053 0.879715
4054 0.8805
4055 0.877703
4056 0.868305
4057 0.871543
4058 0.884744
4059 0.90093
4060 0.922618
4061 0.924221
4062 0.923812
4063 0.949302
4064 0.941036
4065 0.945939
4066 0.958731
4067 0.960146
4068 0.960146
4069 0.968852
4070 0.968695
4071 0.970047
4072 0.970047
4073 0.970015
4074 0.970267
4075 0.970267
4076 0.970204
4077 0.970204
4078 0.970204
4079 0.973315
4080 0.984913
4081 0.984913
4082 0.984913
4083 0.984913
4084 0.984913
4085 0.984913
4086 0.984913
4087 0.984913
4088 0.972184
4089 0.971367
4090 0.971272
4091 0.971272
4092 0.972184
4093 0.972058
4094 0.97275
4095 0.971744
4096 0.972404
4097 0.972184
4098 0.97275
4099 0.964609
4100 0.962032
4101 0.961497
4102 0.957003
4103 0.945153
4104 0.944085
4105 0.968726
4106 0.968192
4107 0.967878
4108 0.979319
4109 0.979256
4110 0.977904
4111 0.977653
4112 0.980733
4113 0.981896
4114 0.982305
4115 0.981236
4116 0.95914
4117 0.961026
4118 0.935033
4119 0.961214
4120 0.962252
4121 0.961309
4122 0.960837
4123 0.961812
4124 0.960774
4125 0.960397
4126 0.961749
4127 0.967658
4128 0.966715
4129 0.966495
4130 0.965395
4131 0.968255
4132 0.966589
4133 0.968821
4134 0.967972
4135 0.98155
4136 0.967972
4137 0.980953
4138 0.980984
4139 0.966746
4140 0.966778
4141 0.962849
4142 0.964043
4143 0.96508
4144 0.98221
4145 0.982902
4146 0.981047
4147 0.981236
4148 0.981676
4149 0.981676
4150 0.980544
4151 0.980544
4152 0.97979
4153 0.979413
4154 0.979099
4155 0.978407
4156 0.976647
4157 0.948296
4158 0.975201
4159 0.976867
4160 0.977024
4161 0.976081
4162 0.974573
4163 0.972781
4164 0.976741
4165 0.978124
4166 0.977213
4167 0.976113
4168 0.971492
4169 0.935756
4170 0.934153
4171 0.929658
4172 0.953357
4173 0.920795
4174 0.9196
4175 0.914006
4176 0.911114
4177 0.901433
4178 0.890527
4179 0.891847
4180 0.899862
4181 0.9152
4182 0.905582
4183 0.916614
4184 0.913408
4185 0.927364
4186 0.920575
4187 0.922398
4188 0.946442
4189 0.945468
4190 0.947919
4191 0.942293
4192 0.939527
4193 0.935504
4194 0.881192
4195 0.897253
4196 0.896813
4197 0.918154
4198 0.92334
4199 0.923246
4200 0.923906
4201 0.929124
4202 0.926452
4203 0.925163
4204 0.913911
4205 0.913251
4206 0.905614
4207 0.900553
4208 0.893041
4209 0.876666
4210 0.858782
4211 0.844449
4212 0.830274
4213 0.822196
4214 0.814402
4215 0.810756
4216 0.783945
4217 0.810661
4218 0.779325
4219 0.746574
4220 0.772662
4221 0.764144
4222 0.746008
4223 0.758172
4224 0.77747
4225 0.796015
4226 0.808838
4227 0.817482
4228 0.816067
4229 0.831971
4230 0.843632
4231 0.846398
4232 0.853659
4233 0.875189
4234 0.895524
4235 0.907845
4236 0.933241
4237 0.943676
4238 0.949208
4239 0.962597
4240 0.971964
4241 0.973347
4242 0.971555
4243 0.967721
4244 0.891375
4245 0.903445
4246 0.885844
4247 0.892318
4248 0.849478
4249 0.841621
4250 0.83964
4251 0.821536
4252 0.816539
4253 0.815407
4254 0.813364
4255 0.7924
4256 0.783662
4257 0.77109
4258 0.7566
4259 0.759021
4260 0.73397
4261 0.737082
4262 0.736893
4263 0.751037
4264 0.75462
4265 0.753269
4266 0.76845
4267 0.773416
4268 0.780519
4269 0.806355
4270 0.833857
4271 0.852936
4272 0.884366
4273 0.90181
4274 0.899799
4275 0.917306
4276 0.93387
4277 0.938301
4278 0.953891
4279 0.965269
4280 0.973378
4281 0.977558
4282 0.982305
4283 0.984253
4284 0.990256
4285 0.973472
4286 0.963383
4287 0.967343
4288 0.976804
4289 0.961969
4290 0.962095
4291 0.954331
4292 0.946285
4293 0.944588
4294 0.93827
4295 0.936667
4296 0.932833
4297 0.936384
4298 0.940093
4299 0.938333
4300 0.932047
4301 0.931198
4302 0.927395
4303 0.924975
4304 0.919003
4305 0.913471
4306 0.920512
4307 0.91058
4308 0.909448
4309 0.892444
4310 0.888704
4311 0.873586
4312 0.852056
4313 0.841746
4314 0.822982
4315 0.80975
4316 0.802866
4317 0.780865
4318 0.75
4319 0.723064
4320 0.705746
4321 0.721524
4322 0.717281
4323 0.706657
4324 0.699114
4325 0.710334
4326 0.733185
4327 0.736359
4328 0.734379
4329 0.723504
4330 0.699522
4331 0.707223
4332 0.665608
4333 0.665734
4334 0.669915
4335 0.673058
4336 0.664791
4337 0.668374
4338 0.676106
4339 0.689873
4340 0.701565
4341 0.711403
4342 0.708983
4343 0.717752
4344 0.723755
4345 0.749089
4346 0.761378
4347 0.772064
4348 0.799818
4349 0.811856
4350 0.834549
4351 0.851018
4352 0.840143
4353 0.845675
4354 0.840835
4355 0.846775
4356 0.857305
4357 0.821505
4358 0.815816
4359 0.797083
4360 0.804658
4361 0.822291
4362 0.796706
4363 0.782751
4364 0.778791
4365 0.77747
4366 0.770147
4367 0.766533
4368 0.766847
4369 0.74912
4370 0.760466
4371 0.782751
4372 0.787591
4373 0.78646
4374 0.763892
4375 0.766187
4376 0.757072
4377 0.757292
4378 0.771216
4379 0.75066
4380 0.754589
4381 0.767916
4382 0.772347
4383 0.77087
4384 0.779356
4385 0.788188
4386 0.804501
4387 0.823076
4388 0.82732
4389 0.83502
4390 0.833669
4391 0.830903
4392 0.8326
4393 0.834737
4394 0.811981
4395 0.804941
4396 0.810536
4397 0.812076
4398 0.825308
4399 0.838195
4400 0.844355
4401 0.85083
4402 0.858216
4403 0.85237
4404 0.849447
4405 0.858719
4406 0.856267
4407 0.868305
4408 0.888892
4409 0.889238
4410 0.898573
4411 0.896027
4412 0.894236
4413 0.890778
4414 0.896373
4415 0.907562
4416 0.907405
4417 0.908034
4418 0.915294
4419 0.935316
4420 0.950151
4421 0.96024
4422 0.954771
4423 0.943582
4424 0.94069
4425 0.935913
4426 0.911994
4427 0.904765
4428 0.884083
4429 0.878772
4430 0.870223
4431 0.869625
4432 0.857116
4433 0.833731
4434 0.763672
4435 0.714232
4436 0.688867
4437 0.632292
4438 0.615571
4439 0.601301
4440 0.665954
4441 0.612113
4442 0.61073
4443 0.625911
4444 0.64257
4445 0.64279
4446 0.66674
4447 0.694053
4448 0.713195
4449 0.733279
4450 0.752986
4451 0.7566
4452 0.773604
4453 0.78844
4454 0.779419
4455 0.754432
4456 0.740885
4457 0.733405
4458 0.764898
4459 0.744877
4460 0.737648
4461 0.707349
4462 0.706626
4463 0.744311
4464 0.772504
4465 0.766878
4466 0.773353
4467 0.759083
4468 0.770556
4469 0.770556
4470 0.781242
4471 0.766438
4472 0.777848
4473 0.76361
4474 0.786648
4475 0.787308
4476 0.773102
4477 0.795417
4478 0.773982
4479 0.763075
4480 0.763861
4481 0.744154
4482 0.703985
4483 0.660045
4484 0.628237
4485 0.595989
4486 0.578231
4487 0.566507
4488 0.566759
4489 0.554249
4490 0.572448
4491 0.581123
4492 0.567325
4493 0.563396
4494 0.562579
4495 0.599667
4496 0.609002
4497 0.613905
4498 0.565879
4499 0.555664
4500 0.533097
4501 0.537465
4502 0.520996
4503 0.502797
4504 0.517853
4505 0.52307
4506 0.548058
4507 0.526748
4508 0.512667
4509 0.506035
4510 0.538125
4511 0.556072
4512 0.613025
4513 0.596618
4514 0.60567
4515 0.636567
4516 0.663628
4517 0.674095
4518 0.66322
4519 0.666834
4520 0.678778
4521 0.678684
4522 0.687516
4523 0.692953
4524 0.722624
4525 0.73287
4526 0.732619
4527 0.730073
4528 0.77109
4529 0.785045
4530 0.825371
4531 0.857965
4532 0.862522
4533 0.897756
4534 0.907248
4535 0.912811
4536 0.911302
4537 0.917149
4538 0.917149
4539 0.920292
4540 0.928621
4541 0.935504
4542 0.963352
4543 0.968192
4544 0.949868
4545 0.962943
4546 0.981864
4547 0.991954
4548 0.996888
4549 0.997863
4550 0.997517
4551 0.998743
4552 0.998428
4553 0.99824
4554 0.992677
4555 0.980324
4556 0.970298
4557 0.929941
4558 0.885215
4559 0.868462
4560 0.81349
4561 0.749434
4562 0.718506
4563 0.657437
4564 0.569116
4565 0.564496
4566 0.542683
4567 0.520964
4568 0.531116
4569 0.526276
4570 0.54196
4571 0.586372
4572 0.652062
4573 0.712566
4574 0.754306
4575 0.772819
4576 0.780928
4577 0.788157
4578 0.76581
4579 0.7478
4580 0.73529
4581 0.718632
4582 0.724667
4583 0.713792
4584 0.703483
4585 0.691319
4586 0.699868
4587 0.672303
4588 0.673278
4589 0.669317
4590 0.68761
4591 0.713729
4592 0.729821
4593 0.747611
4594 0.747203
4595 0.750597
4596 0.750503
4597 0.753489
4598 0.747548
4599 0.736296
4600 0.713509
4601 0.703954
4602 0.687013
4603 0.690282
4604 0.692136
4605 0.69157
4606 0.667589
4607 0.661397
4608 0.639332
4609 0.632009
4610 0.623617
4611 0.638767
4612 0.662403
4613 0.661334
4614 0.675509
4615 0.692796
4616 0.699899
4617 0.727527
4618 0.755312
4619 0.740225
4620 0.766218
4621 0.764772
4622 0.77461
4623 0.70782
4624 0.709297
4625 0.689402
4626 0.651685
4627 0.614408
4628 0.596964
4629 0.53756
4630 0.504715
4631 0.491042
4632 0.459926
4633 0.436196
4634 0.425761
4635 0.41652
4636 0.413786
4637 0.402848
4638 0.4229
4639 0.429847
4640 0.442356
4641 0.438742
4642 0.43607
4643 0.43409
4644 0.400207
4645 0.416991
4646 0.423529
4647 0.42246
4648 0.453923
4649 0.463603
4650 0.474761
4651 0.493494
4652 0.493965
4653 0.523982
4654 0.571631
4655 0.588603
4656 0.61862
4657 0.617928
4658 0.611799
4659 0.613622
4660 0.613654
4661 0.614314
4662 0.613874
4663 0.626949
4664 0.629337
4665 0.680381
4666 0.703042
4667 0.727118
4668 0.744971
4669 0.789163
4670 0.790168
4671 0.760781
4672 0.74384
4673 0.74538
4674 0.745631
4675 0.740162
4676 0.745128
4677 0.724101
4678 0.733782
4679 0.720518
4680 0.722687
4681 0.697668
4682 0.674503
4683 0.613842
4684 0.525019
4685 0.467721
4686 0.406274
4687 0.362711
4688 0.336717
4689 0.290326
4690 0.287151
4691 0.284542
4692 0.293469
4693 0.294789
4694 0.291489
4695 0.281745
4696 0.278319
4697 0.263861
4698 0.262918
4699 0.240036
4700 0.232619
4701 0.245285
4702 0.259932
4703 0.259272
4704 0.291614
4705 0.321379
4706 0.33414
4707 0.352747
4708 0.388672
4709 0.406934
4710 0.407782
4711 0.4174
4712 0.406305
4713 0.42356
4714 0.413503
4715 0.404733
4716 0.367142
4717 0.350013
4718 0.331406
4719 0.345675
4720 0.31239
4721 0.308493
4722 0.30601
4723 0.302238
4724 0.303369
4725 0.329048
4726 0.368494
4727 0.387478
4728 0.432267
4729 0.462472
4730 0.478281
4731 0.500094
4732 0.542463
4733 0.559781
4734 0.589892
4735 0.622266
4736 0.636252
4737 0.649705
4738 0.663723
4739 0.676358
4740 0.681858
4741 0.684058
4742 0.644361
4743 0.632449
4744 0.612962
4745 0.605576
4746 0.586466
4747 0.566036
4748 0.561038
4749 0.579488
4750 0.604696
4751 0.615445
4752 0.645619
4753 0.671895
4754 0.690093
4755 0.7021
4756 0.718758
4757 0.709014
4758 0.687987
4759 0.687327
4760 0.683304
4761 0.700591
4762 0.706846
4763 0.715175
4764 0.705054
4765 0.708794
4766 0.702697
4767 0.679469
4768 0.686541
4769 0.612396
4770 0.628049
4771 0.649453
4772 0.650207
4773 0.656556
4774 0.654262
4775 0.65049
4776 0.610793
4777 0.590646
4778 0.58502
4779 0.577162
4780 0.56305
4781 0.560127
4782 0.549346
4783 0.564024
4784 0.55733
4785 0.554375
4786 0.529733
4787 0.510372
4788 0.469261
4789 0.435096
4790 0.416991
4791 0.377923
4792 0.335209
4793 0.293689
4794 0.221744
4795 0.176452
4796 0.155236
4797 0.116577
4798 0.08304
4799 0.0678589
4800 0.0399485
4801 0.0146781
4802 0.000754337
4803 0
4804 0
4805 0
4806 0
4807 0
4808 0
4809 0
4810 0
4811 0
4812 0
4813 0
4814 0
4815 0
4816 0
4817 0
4818 0
4819 0
4820 0
4821 0
4822 0
4823 0
4824 0
4825 0
4826 0
4827 0
4828 0
4829 0
4830 0
4831 0
4832 0
4833 0
4834 0
4835 0
4836 0
4837 0
4838 0
4839 0
4840 0
4841 0
4842 0
4843 0
4844 0
4845 0
4846 0
4847 0
4848 0
4849 0
4850 0
4851 0
4852 0
4853 0
4854 0
4855 0
4856 0
4857 0
4858 0
4859 0
4860 0
4861 0
4862 0
4863 0
4864 0
4865 0
4866 0
4867 0
4868 0
4869 0
4870 0
4871 0
4872 0
4873 0
4874 0
4875 0
4876 0
4877 0
4878 0
4879 0
4880 0
4881 0
4882 0
4883 0
4884 0
4885 0
4886 0
4887 0
4888 0
4889 0
4890 0
4891 0
4892 0
4893 0
4894 0
4895 0
4896 0
4897 0
4898 0
4899 0
4900 0
4901 0
4902 0
4903 0
4904 0
4905 0
4906 0
4907 0
4908 0
4909 0
4910 0
4911 0
4912 0
4913 0
4914 0
4915 0
4916 0
4917 0
4918 0
4919 0
4920 0
4921 0
4922 0
4923 0
4924 0
4925 0
4926 0
4927 0
4928 0
4929 0
4930 0
4931 0
4932 0
4933 0
4934 0
4935 0
4936 0
4937 0
4938 0
4939 0
4940 0
4941 0
4942 0
4943 0
4944 0.0347938
4945 0.0540608
4946 0.0989439
4947 0.141533
4948 0.160768
4949 0.18519
4950 0.183115
4951 0.192607
4952 0.19069
4953 0.18849
4954 0.185724
4955 0.184656
4956 0.174315
4957 0.169443
4958 0.177458
4959 0.235479
4960 0.257009
4961 0.301798
4962 0.346398
4963 0.376477
4964 0.38226
4965 0.35963
4966 0.345612
4967 0.322259
4968 0.300949
4969 0.293029
4970 0.278665
4971 0.275302
4972 0.275459
4973 0.266564
4974 0.259775
4975 0.258863
4976 0.241954
4977 0.203357
4978 0.185316
4979 0.142695
4980 0.107902
4981 0.0898919
4982 0.0565124
4983 0.0277219
4984 0.0146153
4985 0
4986 0
4987 0
4988 0
4989 0
4990 0
4991 0
4992 0
4993 0
4994 0
4995 0.0096178
4996 0.0283505
4997 0.0717878
4998 0.112459
4999 0.134398
5000 0.180727
5001 0.188301
5002 0.18519
5003 0.18453
5004 0.185976
5005 0.186416
5006 0.204205
5007 0.232525
5008 0.263107
5009 0.328294
5010 0.365445
5011 0.383643
5012 0.395116
5013 0.417431
5014 0.418752
5015 0.400145
5016 0.367802
5017 0.361956
5018 0.335303
5019 0.306701
5020 0.294663
5021 0.264332
5022 0.237176
5023 0.238245
5024 0.218915
5025 0.181544
5026 0.16014
5027 0.126634
5028 0.0944179
5029 0.0767853
5030 0.0494405
5031 0.023133
5032 0.0123523
5033 0
5034 0
5035 0
5036 0
5037 0
5038 0
5039 0
5040 0
5041 0
5042 0
5043 0
5044 0
5045 0
5046 0
5047 0
5048 0.00386598
5049 0.0147096
5050 0.0196128
5051 0.0405142
5052 0.0636472
5053 0.0688962
5054 0.0790168
5055 0.0838572
5056 0.0879117
5057 0.0873146
5058 0.0821599
5059 0.0809656
5060 0.0822228
5061 0.0810913
5062 0.078954
5063 0.0647159
5064 0.0505406
5065 0.0424315
5066 0.0338195
5067 0.0203985
5068 0.0152753
5069 0.00449459
5070 0.00125723
5071 0.000785768
5072 0.000785768
5073 0.0093035
5074 0.0267475
5075 0.0656588
5076 0.118242
5077 0.155299
5078 0.192828
5079 0.214546
5080 0.219449
5081 0.245945
5082 0.267067
5083 0.260812
5084 0.282059
5085 0.284322
5086 0.284134
5087 0.284794
5088 0.322196
5089 0.316602
5090 0.306575
5091 0.2935
5092 0.27461
5093 0.24802
5094 0.253552
5095 0.259335
5096 0.298152
5097 0.38006
5098 0.384272
5099 0.413251
5100 0.452634
5101 0.471147
5102 0.465458
5103 0.455651
5104 0.439276
5105 0.411145
5106 0.384052
5107 0.35237
5108 0.310913
5109 0.284825
5110 0.2891
5111 0.320091
5112 0.321191
5113 0.326251
5114 0.321222
5115 0.370285
5116 0.371637
5117 0.396561
5118 0.386567
5119 0.387478
5120 0.379526
5121 0.372014
5122 0.365917
5123 0.338949
5124 0.254997
5125 0.226836
5126 0.162654
5127 0.114722
5128 0.0915891
5129 0.0438773
5130 0.00242017
5131 0.000785768
5132 0
5133 0
5134 0
5135 0
5136 0
5137 0
5138 0
5139 0
5140 0
5141 0
5142 0
5143 0
5144 0
5145 0
5146 0
5147 0
5148 0
5149 0
5150 0
5151 0
5152 0
5153 0
5154 0
5155 0
5156 0
5157 0
5158 0
5159 0
5160 0
5161 0
5162 0
5163 0
5164 0
5165 0
5166 0
5167 0
5168 0
5169 0
5170 0
5171 0
5172 0
5173 0
5174 0
5175 0
5176 0
5177 0
5178 0
5179 0
5180 0
5181 0
5182 0
5183 0
5184 0
5185 0
5186 0
5187 0
5188 0
5189 0
5190 0
5191 0
5192 0
5193 0
5194 0
5195 0
5196 0
5197 0
5198 0
5199 0
5200 0
5201 0
5202 0
5203 0
5204 0
5205 0
5206 0
5207 0
5208 0
5209 0
5210 0
5211 0
5212 0
5213 0
5214 0
5215 0
5216 0
5217 0
5218 0
5219 0
5220 0
5221 0
5222 0
5223 0
5224 0
5225 0
5226 0
5227 0
5228 0
5229 0
5230 0
5231 0
5232 0
5233 0
5234 0
5235 0
5236 0
5237 0
5238 0
5239 0
5240 0
5241 0
5242 0
5243 0
5244 0
5245 0
5246 0
5247 0
5248 0
5249 0
5250 0
5251 0
5252 0
5253 0
5254 0
5255 0
5256 0
5257 0
5258 0
5259 0
5260 0
5261 0
5262 0
5263 0
5264 0
5265 0
5266 0
5267 0
5268 0
5269 0
5270 0
5271 0
5272 0
5273 0
5274 0
5275 0
5276 0
5277 0
5278 0
5279 0
5280 0
5281 0
5282 0
5283 0
5284 0
5285 0
5286 0
5287 0
5288 0
5289 0
5290 0
5291 0
5292 0
5293 0
5294 0.00298592
5295 0
5296 0
5297 0
5298 0
5299 0
5300 0
5301 0
5302 0.000785768
5303 0.000785768
5304 0.000785768
5305 0.000785768
5306 0.000785768
5307 0.000785768
5308 0.000785768
5309 0.000785768
5310 0
5311 0
5312 0
5313 0
5314 0
5315 0
5316 0
5317 0
5318 0
5319 0.00546895
5320 0.00421172
5321 0.00301735
5322 0.00301735
5323 0.00301735
5324 0.00301735
5325 0.00301735
5326 0.00264018
5327 0.00128866
5328 0.000785768
5329 0.000785768
5330 0.000942922
5331 0.000785768
5332 0.000942922
5333 0.000785768
5334 0.000942922
5335 0.000942922
5336 0.000942922
5337 0.000942922
5338 0.000942922
5339 0.000942922
5340 0.000942922
5341 0.000942922
5342 0.000942922
5343 0.000942922
5344 0.00597184
5345 0.00597184
5346 0.00502892
5347 0.00487176
5348 0.00484033
5349 0.00339452
5350 0.00339452
5351 0.00484033
5352 0.00452602
5353 0.00289163
5354 0.000785768
5355 0.000785768
5356 0.000785768
5357 0.000785768
5358 0.000785768
5359 0.000785768
5360 0.000785768
5361 0.000785768
5362 0
5363 0
5364 0
5365 0
5366 0
5367 0
5368 0
5369 0
5370 0
5371 0
5372 0
5373 0
5374 0
5375 0
5376 0
5377 0
5378 0.00128866
5379 0.00110008
5380 0.00289163
5381 0.00518607
5382 0.00631758
5383 0.00669474
5384 0.00672618
5385 0.00870631
5386 0.0088006
5387 0.0101207
5388 0.00744908
5389 0.00355167
5390 0.00468318
5391 0
5392 0
5393 0
5394 0.000942922
5395 0
5396 0
5397 0.000785768
5398 0
5399 0
5400 0
5401 0
5402 0
5403 0
5404 0
5405 0
5406 0
5407 0
5408 0
5409 0
5410 0
5411 0
5412 0
5413 0
5414 0
5415 0
5416 0
5417 0
5418 0
5419 0.00110008
5420 0.00110008
5421 0.00110008
5422 0.00110008
5423 0
5424 0.000471461
5425 0.0035831
5426 0.00490319
5427 0.00814056
5428 0.0101207
5429 0.0106864
5430 0.0136409
5431 0.0154639
5432 0.018167
5433 0.0191413
5434 0.0248303
5435 0.026559
5436 0.0352653
5437 0.039477
5438 0.0440344
5439 0.0492519
5440 0.0519236
5441 0.0556638
5442 0.0614785
5443 0.0638987
5444 0.0647787
5445 0.067356
5446 0.0731707
5447 0.0716935
5448 0.0736736
5449 0.0767538
5450 0.0789854
5451 0.0821914
5452 0.0788911
5453 0.0812799
5454 0.0790797
5455 0.0821599
5456 0.0835429
5457 0.0852716
5458 0.087566
5459 0.0894833
5460 0.0910862
5461 0.0914006
5462 0.0965238
5463 0.0964295
5464 0.0953608
5465 0.0947636
5466 0.0937893
5467 0.0899233
5468 0.090269
5469 0.0960837
5470 0.0971838
5471 0.0925635
5472 0.0920292
5473 0.0941665
5474 0.0953294
5475 0.0943865
5476 0.0962723
5477 0.0948579
5478 0.0950465
5479 0.0944808
5480 0.0941036
5481 0.0910862
5482 0.102653
5483 0.101144
5484 0.105796
5485 0.103156
5486 0.102527
5487 0.10413
5488 0.102998
5489 0.105733
5490 0.105387
5491 0.10523
5492 0.103501
5493 0.104319
5494 0.121794
5495 0.119468
5496 0.122926
5497 0.125691
5498 0.124906
5499 0.124843
5500 0.127452
5501 0.127106
5502 0.12676
5503 0.126383
5504 0.126949
5505 0.127766
5506 0.12786
5507 0.12852
5508 0.128552
5509 0.128552
5510 0.128552
5511 0.128552
5512 0.128552
5513 0.128552
5514 0.128552
5515 0.128992
5516 0.128992
5517 0.128772
5518 0.128772
5519 0.150585
5520 0.14279
5521 0.143701
5522 0.142947
5523 0.142413
5524 0.143167
5525 0.143167
5526 0.14499
5527 0.145147
5528 0.144801
5529 0.144613
5530 0.144833
5531 0.144298
5532 0.144424
5533 0.147064
5534 0.148919
5535 0.149673
5536 0.152219
5537 0.149925
5538 0.14939
5539 0.152879
5540 0.154545
5541 0.153005
5542 0.153005
5543 0.152659
5544 0.184844
5545 0.182644
5546 0.182172
5547 0.178244
5548 0.175635
5549 0.173498
5550 0.164194
5551 0.165263
5552 0.162403
5553 0.161302
5554 0.160297
5555 0.159354
5556 0.157342
5557 0.152973
5558 0.151213
5559 0.150773
5560 0.15159
5561 0.151433
5562 0.154262
5563 0.154733
5564 0.153099
5565 0.14873
5566 0.148667
5567 0.149359
5568 0.148636
5569 0.162214
5570 0.161397
5571 0.161648
5572 0.16212
5573 0.161334
5574 0.160737
5575 0.159291
5576 0.159291
5577 0.157719
5578 0.159102
5579 0.155865
5580 0.155488
5581 0.153602
5582 0.150427
5583 0.15269
5584 0.152533
5585 0.152533
5586 0.15137
5587 0.151496
5588 0.152848
5589 0.153068
5590 0.159825
5591 0.163566
5592 0.161963
5593 0.159794
5594 0.190187
5595 0.188333
5596 0.18651
5597 0.18717
5598 0.187233
5599 0.185881
5600 0.189339
5601 0.189842
5602 0.188616
5603 0.18959
5604 0.187704
5605 0.191382
5606 0.191727
5607 0.19135
5608 0.188647
5609 0.189747
5610 0.189087
5611 0.191067
5612 0.187453
5613 0.188239
5614 0.18827
5615 0.188962
5616 0.188333
5617 0.18761
5618 0.186038
5619 0.198705
5620 0.2032
5621 0.200465
5622 0.200434
5623 0.200151
5624 0.2032
5625 0.20276
5626 0.203011
5627 0.201471
5628 0.203294
5629 0.200119
5630 0.200245
5631 0.200559
5632 0.198171
5633 0.198988
5634 0.196725
5635 0.205903
5636 0.210837
5637 0.213195
5638 0.220707
5639 0.225264
5640 0.220298
5641 0.23177
5642 0.25286
5643 0.268858
5644 0.49736
5645 0.493651
5646 0.50088
5647 0.514961
5648 0.496794
5649 0.543186
5650 0.544223
5651 0.54504
5652 0.660674
5653 0.68035
5654 0.686887
5655 0.764301
5656 0.755186
5657 0.765558
5658 0.763138
5659 0.761944
5660 0.789414
5661 0.828765
5662 0.817325
5663 0.808461
5664 0.79878
5665 0.78844
5666 0.804155
5667 0.796863
5668 0.833574
5669 0.796455
5670 0.787937
5671 0.795543
5672 0.783285
5673 0.794443
5674 0.779891
5675 0.776119
5676 0.801326
5677 0.794915
5678 0.768513
5679 0.81327
5680 0.81217
5681 0.809938
5682 0.805632
5683 0.816633
5684 0.804784
5685 0.804092
5686 0.812579
5687 0.81745
5688 0.828357
5689 0.819619
5690 0.83986
5691 0.828137
5692 0.831248
5693 0.811981
5694 0.942545
5695 0.941225
5696 0.933493
5697 0.915137
5698 0.924441
5699 0.92312
5700 0.994311
5701 0.9945
5702 0.996291
5703 0.999434
5704 0.998711
5705 0.999434
5706 0.998868
5707 0.998774
5708 1
5709 1
5710 1
5711 1
5712 1
5713 1
5714 1
5715 1
5716 1
5717 1
5718 1
5719 1
5720 1
5721 1
5722 1
5723 1
5724 1
5725 1
5726 1
5727 1
5728 1
5729 1
5730 1
5731 1
5732 1
5733 1
5734 1
5735 1
5736 1
8 , runtime: 396
