0 0.171311
1 0.137401
2 0.120139
3 0.0856695
4 0.0614123
5 0.0484024
6 0.0274187
7 0.0123104
8 0.00374909
9 0.00097924
10 0.00097924
11 0.00097924
12 0.00097924
13 0.00097924
14 0.00097924
15 0.00097924
16 0.000699457
17 0.000699457
18 0.000699457
19 0.000839349
20 0.000839349
21 0.000839349
22 0
23 0
24 0
25 0
26 0
27 0
28 0
29 0
30 0
31 0
32 0
33 0
34 0
35 0
36 0
37 0
38 0
39 0
40 0
41 0
42 0
43 0
44 0.00181859
45 0.00181859
46 0.00111913
47 0.001287
48 0.001287
49 0.001287
50 0.001287
51 0.001287
52 0.001287
53 0.001287
54 0.001287
55 0.001287
56 0.001287
57 0.001287
58 0.001287
59 0.00148285
60 0.00145487
61 0.00145487
62 0.00145487
63 0.00148285
64 0.00145487
65 0.00145487
66 0.00145487
67 0.00145487
68 0.00145487
69 0.000699457
70 0.000699457
71 0.000699457
72 0
73 0.000699457
74 0.000699457
75 0.00377707
76 0.00363718
77 0.00679872
78 0.00942868
79 0.0139612
80 0.0153601
81 0.0211796
82 0.02837
83 0.0315595
84 0.0365396
85 0.0423871
86 0.0459404
87 0.0524593
88 0.0573275
89 0.0584466
90 0.0525992
91 0.047703
92 0.0462481
93 0.0435062
94 0.0495775
95 0.0486263
96 0.050249
97 0.0479268
98 0.045129
99 0.0436461
100 0.0447093
101 0.0430026
102 0.0454927
103 0.0448772
104 0.0452409
105 0.0429187
106 0.0417716
107 0.0387779
108 0.0371552
109 0.0365396
110 0.0380505
111 0.0371272
112 0.0362319
113 0.0359801
114 0.0353925
115 0.0349169
116 0.0344133
117 0.0349729
118 0.0342734
119 0.0329864
120 0.0336579
121 0.0319232
122 0.0329864
123 0.0319792
124 0.029629
125 0.0316155
126 0.0311398
127 0.0317554
128 0.033518
129 0.0322869
130 0.0337138
131 0.0346091
132 0.0356443
133 0.0342174
134 0.0313916
135 0.0300487
136 0.0308321
137 0.0329864
138 0.0376588
139 0.0405405
140 0.043758
141 0.0452968
142 0.0473393
143 0.0484304
144 0.046416
145 0.0481227
146 0.0487662
147 0.0465559
148 0.0433104
149 0.0431985
150 0.0413799
151 0.039897
152 0.0384422
153 0.0374629
154 0.0349169
155 0.0336299
156 0.033462
157 0.0325947
158 0.0324828
159 0.0337418
160 0.0337698
161 0.0329304
162 0.0310839
163 0.0306922
164 0.0306082
165 0.0295451
166 0.0298249
167 0.0297969
168 0.0287337
169 0.0273907
170 0.027027
171 0.0274747
172 0.0280342
173 0.0272788
174 0.0268312
175 0.0269711
176 0.0265514
177 0.0268032
178 0.0262157
179 0.0262157
180 0.0259918
181 0.0260478
182 0.027055
183 0.027055
184 0.027055
185 0.027111
186 0.0274467
187 0.0278104
188 0.0276705
189 0.0278664
190 0.0278384
191 0.0278384
192 0.0278384
193 0.0272509
194 0.0273068
195 0.0271949
196 0.026999
197 0.0266074
198 0.0261317
199 0.0259079
200 0.0256001
201 0.0253483
202 0.0259079
203 0.0259079
204 0.025824
205 0.0249846
206 0.0251525
207 0.0251525
208 0.0251525
209 0.0247328
210 0.0247888
211 0.0243131
212 0.0246769
213 0.0235577
214 0.0235857
215 0.0250685
216 0.0240893
217 0.0240893
218 0.0240613
219 0.0267193
220 0.0272788
221 0.0250406
222 0.0252924
223 0.0254602
224 0.0255722
225 0.0256281
226 0.0259639
227 0.0263835
228 0.025712
229 0.0259079
230 0.0258799
231 0.025824
232 0.025796
233 0.0254602
234 0.0249846
235 0.0250406
236 0.0250406
237 0.0252644
238 0.025712
239 0.0259359
240 0.0276985
241 0.0276705
242 0.0279223
243 0.0276705
244 0.0299647
245 0.0278104
246 0.0265234
247 0.0264954
248 0.0252644
249 0.0253763
250 0.025824
251 0.0264675
252 0.0264395
253 0.0264675
254 0.0264115
255 0.0265514
256 0.0263555
257 0.0254602
258 0.0256841
259 0.0252924
260 0.0251525
261 0.0246489
262 0.0247888
263 0.0243131
264 0.0246209
265 0.0236976
266 0.0238095
267 0.0238095
268 0.0241732
269 0.024425
270 0.0250126
271 0.0247608
272 0.0239494
273 0.0239774
274 0.0239494
275 0.0238095
276 0.0235018
277 0.0235018
278 0.0233339
279 0.0233339
280 0.0232779
281 0.0235297
282 0.0242292
283 0.024481
284 0.0248727
285 0.0248727
286 0.0247048
287 0.0238095
288 0.0240893
289 0.0237815
290 0.0238375
291 0.0240334
292 0.0237536
293 0.0238095
294 0.0250126
295 0.0250126
296 0.0247048
297 0.0251525
298 0.0247048
299 0.0247048
300 0.0246769
301 0.0247608
302 0.0248727
303 0.0248447
304 0.0249846
305 0.0245929
306 0.0243411
307 0.0243411
308 0.024481
309 0.024537
310 0.0246769
311 0.0248167
312 0.0248447
313 0.0253763
314 0.0259359
315 0.0259079
316 0.0263276
317 0.0264395
318 0.0262716
319 0.0255162
320 0.0252084
321 0.023166
322 0.0221588
323 0.021907
324 0.021879
325 0.0226904
326 0.0222148
327 0.0223267
328 0.0222148
329 0.0222427
330 0.0229702
331 0.023138
332 0.023138
333 0.0237256
334 0.0241173
335 0.0241173
336 0.0243131
337 0.0241173
338 0.0243131
339 0.0248447
340 0.0252644
341 0.0256001
342 0.0254602
343 0.0254323
344 0.0285099
345 0.0300207
346 0.0288176
347 0.0290415
348 0.0275586
349 0.0273068
350 0.0277265
351 0.0276425
352 0.028314
353 0.0267472
354 0.0269431
355 0.0266633
356 0.0263276
357 0.0266353
358 0.0271949
359 0.0269431
360 0.0269431
361 0.027111
362 0.027083
363 0.0268592
364 0.0265794
365 0.0265794
366 0.0267752
367 0.0260478
368 0.0261597
369 0.0265234
370 0.0262157
371 0.0262157
372 0.0264675
373 0.0255442
374 0.0248447
375 0.0248447
376 0.0247048
377 0.0245929
378 0.0243691
379 0.0249846
380 0.0251245
381 0.0253763
382 0.025824
383 0.0262436
384 0.0265514
385 0.026999
386 0.026999
387 0.027027
388 0.0272229
389 0.0271389
390 0.0269431
391 0.0261597
392 0.0271389
393 0.0268032
394 0.0272229
395 0.0273907
396 0.0278664
397 0.0280063
398 0.0280063
399 0.0275866
400 0.0278104
401 0.0264675
402 0.0267752
403 0.0267472
404 0.0267752
405 0.0267193
406 0.0266633
407 0.0266074
408 0.0269431
409 0.0262157
410 0.027055
411 0.0271389
412 0.0258519
413 0.0255442
414 0.0269151
415 0.0268032
416 0.0265794
417 0.0268312
418 0.0267472
419 0.0338258
420 0.033546
421 0.0328185
422 0.0304963
423 0.0306362
424 0.0286777
425 0.0293212
426 0.0297969
427 0.0311958
428 0.0311398
429 0.0281462
430 0.0279783
431 0.0284259
432 0.0287897
433 0.028342
434 0.0275586
435 0.0272229
436 0.0274187
437 0.0279503
438 0.0280063
439 0.0281182
440 0.0285099
441 0.0278384
442 0.0286218
443 0.0284819
444 0.0327626
445 0.0301046
446 0.0301606
447 0.0300767
448 0.0289855
449 0.0293492
450 0.0286498
451 0.0276705
452 0.027027
453 0.027055
454 0.027055
455 0.0273907
456 0.0269431
457 0.0279223
458 0.027055
459 0.027083
460 0.027055
461 0.027083
462 0.0275306
463 0.027111
464 0.0269431
465 0.0276705
466 0.027083
467 0.0273068
468 0.0254043
469 0.0256841
470 0.0256281
471 0.0260478
472 0.0262716
473 0.0265514
474 0.0289016
475 0.0287617
476 0.0287337
477 0.0288176
478 0.0295171
479 0.0287617
480 0.0295731
481 0.0295171
482 0.0292933
483 0.0286498
484 0.0290974
485 0.0308041
486 0.0329864
487 0.0331263
488 0.034749
489 0.034833
490 0.0349729
491 0.0362039
492 0.0380785
493 0.0385541
494 0.0367075
495 0.0366516
496 0.0380785
497 0.0382463
498 0.0393655
499 0.0406525
500 0.0409043
501 0.0427508
502 0.0416877
503 0.0419395
504 0.0423032
505 0.0421633
506 0.0418275
507 0.0410441
508 0.0408483
509 0.0408203
510 0.04124
511 0.0410721
512 0.0414638
513 0.0415757
514 0.0415757
515 0.0415478
516 0.0413519
517 0.041212
518 0.0415757
519 0.0419954
520 0.0419395
521 0.0421353
522 0.0426669
523 0.0437301
524 0.0456046
525 0.0453248
526 0.0453528
527 0.0453808
528 0.0455207
529 0.0452409
530 0.0457725
531 0.0455207
532 0.0446533
533 0.0454927
534 0.0456046
535 0.0452129
536 0.0452689
537 0.0452409
538 0.0452968
539 0.0445414
540 0.043842
541 0.0445694
542 0.0452129
543 0.0445135
544 0.0414918
545 0.0419954
546 0.0416877
547 0.042471
548 0.0426109
549 0.0428627
550 0.0417996
551 0.0432544
552 0.043786
553 0.0430586
554 0.0433943
555 0.0430586
556 0.0430586
557 0.0431705
558 0.0432265
559 0.0419954
560 0.0426949
561 0.0428348
562 0.042555
563 0.0423032
564 0.0409322
565 0.0408483
566 0.0404006
567 0.0397571
568 0.0371831
569 0.0395613
570 0.0392815
571 0.0393375
572 0.0392256
573 0.0375748
574 0.0356443
575 0.0341615
576 0.030972
577 0.0287057
578 0.0286498
579 0.026999
580 0.0273907
581 0.0254882
582 0.0250126
583 0.0245929
584 0.024481
585 0.0229702
586 0.0223547
587 0.0213195
588 0.0210677
589 0.0208998
590 0.0200604
591 0.0200325
592 0.0188014
593 0.0190252
594 0.021851
595 0.0189693
596 0.0192211
597 0.0207319
598 0.0207039
599 0.020648
600 0.0202843
601 0.0200604
602 0.0201444
603 0.0203962
604 0.0203962
605 0.0203962
606 0.0202563
607 0.0202563
608 0.0211796
609 0.0211796
610 0.0210956
611 0.0207319
612 0.0207319
613 0.0205361
614 0.0208998
615 0.0208998
616 0.0208998
617 0.021879
618 0.0221588
619 0.0280342
620 0.0248447
621 0.0248727
622 0.0251525
623 0.0248727
624 0.0245649
625 0.0245649
626 0.024481
627 0.024481
628 0.0251805
629 0.025712
630 0.0277545
631 0.0280902
632 0.0282021
633 0.0284819
634 0.0274467
635 0.0269711
636 0.0286218
637 0.0294052
638 0.0282021
639 0.028342
640 0.0282581
641 0.0272509
642 0.027027
643 0.0271949
644 0.034777
645 0.0369034
646 0.0383023
647 0.0388898
648 0.0404006
649 0.039897
650 0.0408763
651 0.0402328
652 0.0405126
653 0.0394774
654 0.0397851
655 0.0397292
656 0.039981
657 0.0387779
658 0.0380505
659 0.0381344
660 0.0381344
661 0.0391696
662 0.0394494
663 0.0394494
664 0.0394494
665 0.0385541
666 0.0385541
667 0.0385541
668 0.0385261
669 0.0345812
670 0.0314756
671 0.0333221
672 0.0336019
673 0.0316714
674 0.0314476
675 0.0343294
676 0.0339936
677 0.0330983
678 0.0323429
679 0.0327346
680 0.0327346
681 0.0324828
682 0.0333501
683 0.0329304
684 0.0335739
685 0.0329304
686 0.0329584
687 0.0332382
688 0.0343294
689 0.0336019
690 0.0339377
691 0.033546
692 0.0336579
693 0.0339656
694 0.0433663
695 0.0420234
696 0.0435622
697 0.0404286
698 0.0388618
699 0.0353086
700 0.0348609
701 0.0365676
702 0.03861
703 0.0389178
704 0.0388618
705 0.0395613
706 0.0388059
707 0.0389738
708 0.0387779
709 0.0392535
710 0.0409882
711 0.0427228
712 0.0418275
713 0.0406804
714 0.0443176
715 0.0444295
716 0.0440938
717 0.0471154
718 0.0464719
719 0.0677075
720 0.0700576
721 0.0702535
722 0.0713726
723 0.0746181
724 0.0743383
725 0.0736389
726 0.0731632
727 0.0737787
728 0.0732192
729 0.0720721
730 0.0719602
731 0.073471
732 0.0776398
733 0.0765206
734 0.0778356
735 0.0765486
736 0.0851939
737 0.0959376
738 0.0998545
739 0.102121
740 0.109815
741 0.109955
742 0.112165
743 0.111158
744 0.141738
745 0.157546
746 0.160959
747 0.172122
748 0.16717
749 0.173298
750 0.158945
751 0.170668
752 0.176179
753 0.18239
754 0.189189
755 0.189189
756 0.181971
757 0.165911
758 0.16026
759 0.171087
760 0.18863
761 0.199205
762 0.192714
763 0.191735
764 0.183062
765 0.168094
766 0.178194
767 0.19042
768 0.204661
769 0.235829
770 0.236417
771 0.225953
772 0.219238
773 0.211516
774 0.229198
775 0.228778
776 0.228806
777 0.223099
778 0.203066
779 0.199821
780 0.194169
781 0.210593
782 0.218231
783 0.220917
784 0.219574
785 0.209026
786 0.199401
787 0.198282
788 0.194757
789 0.20136
790 0.209725
791 0.211068
792 0.203542
793 0.193442
794 0.183873
795 0.179537
796 0.186196
797 0.192379
798 0.200912
799 0.202087
800 0.195876
801 0.19126
802 0.188881
803 0.180712
804 0.180376
805 0.176375
806 0.174501
807 0.177131
808 0.177159
809 0.179229
810 0.183817
811 0.187622
812 0.193358
813 0.20343
814 0.203206
815 0.20662
816 0.210984
817 0.212327
818 0.212271
819 0.224945
820 0.2264
821 0.225729
822 0.23152
823 0.2628
824 0.261793
825 0.279755
826 0.283924
827 0.292037
828 0.302725
829 0.309076
830 0.319904
831 0.321778
832 0.335851
833 0.343433
834 0.345616
835 0.34598
836 0.347294
837 0.34251
838 0.343573
839 0.344888
840 0.344693
841 0.345028
842 0.340943
843 0.342398
844 0.368502
845 0.365816
846 0.372419
847 0.370628
848 0.368922
849 0.367271
850 0.353757
851 0.354009
852 0.354009
853 0.352638
854 0.351351
855 0.341279
856 0.343825
857 0.342986
858 0.34279
859 0.351911
860 0.347099
861 0.34791
862 0.338258
863 0.335404
864 0.340216
865 0.333949
866 0.335152
867 0.338621
868 0.340076
869 0.365033
870 0.362375
871 0.361731
872 0.361312
873 0.358206
874 0.35843
875 0.356807
876 0.352918
877 0.35096
878 0.345616
879 0.437133
880 0.434223
881 0.436433
882 0.434895
883 0.433635
884 0.427844
885 0.424459
886 0.422948
887 0.425242
888 0.418108
889 0.422192
890 0.424487
891 0.425326
892 0.424822
893 0.416429
894 0.408735
895 0.396564
896 0.396145
897 0.394158
898 0.394886
899 0.392843
900 0.396284
901 0.395081
902 0.400593
903 0.399446
904 0.406329
905 0.393738
906 0.389877
907 0.390381
908 0.390045
909 0.389626
910 0.387667
911 0.382911
912 0.370489
913 0.372867
914 0.369817
915 0.384673
916 0.381932
917 0.380309
918 0.375776
919 0.376056
920 0.376616
921 0.375581
922 0.372671
923 0.373538
924 0.372671
925 0.372727
926 0.372503
927 0.373063
928 0.378518
929 0.435398
930 0.43551
931 0.430838
932 0.433216
933 0.43621
934 0.444827
935 0.44589
936 0.434391
937 0.434643
938 0.448996
939 0.450506
940 0.44547
941 0.44382
942 0.441581
943 0.453192
944 0.451877
945 0.452437
946 0.448604
947 0.447513
948 0.441609
949 0.452465
950 0.423675
951 0.417464
952 0.421017
953 0.420402
954 0.481758
955 0.472889
956 0.471966
957 0.45918
958 0.452045
959 0.453836
960 0.457949
961 0.444379
962 0.423423
963 0.423871
964 0.415729
965 0.416541
966 0.414247
967 0.413155
968 0.408231
969 0.398607
970 0.399222
971 0.382519
972 0.3814
973 0.381708
974 0.379749
975 0.379861
976 0.384757
977 0.37628
978 0.375385
979 0.378183
980 0.378994
981 0.377791
982 0.379274
983 0.385569
984 0.383554
985 0.378854
986 0.378742
987 0.373594
988 0.373202
989 0.368978
990 0.366795
991 0.363998
992 0.366991
993 0.36576
994 0.367243
995 0.364781
996 0.365117
997 0.365536
998 0.366404
999 0.362599
1000 0.359997
1001 0.359549
1002 0.359241
1003 0.358766
1004 0.35608
1005 0.364753
1006 0.363998
1007 0.366096
1008 0.365229
1009 0.35871
1010 0.333641
1011 0.328241
1012 0.335739
1013 0.333669
1014 0.334648
1015 0.335488
1016 0.328325
1017 0.333585
1018 0.334117
1019 0.330675
1020 0.335376
1021 0.332858
1022 0.333473
1023 0.334201
1024 0.331319
1025 0.331403
1026 0.331627
1027 0.331823
1028 0.331487
1029 0.329221
1030 0.329304
1031 0.327682
1032 0.329109
1033 0.329109
1034 0.328045
1035 0.348861
1036 0.347658
1037 0.349085
1038 0.348693
1039 0.347658
1040 0.346567
1041 0.346483
1042 0.345028
1043 0.344245
1044 0.342734
1045 0.34279
1046 0.343573
1047 0.340943
1048 0.338537
1049 0.334285
1050 0.335404
1051 0.334452
1052 0.332662
1053 0.332662
1054 0.335516
1055 0.332354
1056 0.33241
1057 0.33213
1058 0.332242
1059 0.332438
1060 0.374965
1061 0.372531
1062 0.37102
1063 0.366739
1064 0.365145
1065 0.366152
1066 0.364221
1067 0.364641
1068 0.36299
1069 0.359353
1070 0.362151
1071 0.345392
1072 0.331795
1073 0.335767
1074 0.329864
1075 0.328269
1076 0.328633
1077 0.334313
1078 0.338453
1079 0.33546
1080 0.337026
1081 0.342119
1082 0.34293
1083 0.348917
1084 0.351351
1085 0.38182
1086 0.386128
1087 0.382939
1088 0.373258
1089 0.366432
1090 0.368838
1091 0.395417
1092 0.392116
1093 0.406972
1094 0.405042
1095 0.387947
1096 0.391808
1097 0.398803
1098 0.391612
1099 0.395921
1100 0.390213
1101 0.367523
1102 0.366655
1103 0.35622
1104 0.378238
1105 0.369453
1106 0.383582
1107 0.385345
1108 0.379637
1109 0.367159
1110 0.393655
1111 0.391081
1112 0.394242
1113 0.389849
1114 0.380001
1115 0.380896
1116 0.383554
1117 0.382967
1118 0.374489
1119 0.371104
1120 0.369313
1121 0.359549
1122 0.357143
1123 0.361563
1124 0.359493
1125 0.355548
1126 0.357479
1127 0.360053
1128 0.360472
1129 0.359633
1130 0.362487
1131 0.351379
1132 0.352554
1133 0.364893
1134 0.355408
1135 0.372419
1136 0.363438
1137 0.365117
1138 0.363998
1139 0.371915
1140 0.393011
1141 0.376644
1142 0.375105
1143 0.359661
1144 0.361228
1145 0.371831
1146 0.341223
1147 0.343461
1148 0.350204
1149 0.330284
1150 0.328801
1151 0.327402
1152 0.326311
1153 0.32743
1154 0.302054
1155 0.316546
1156 0.301774
1157 0.302977
1158 0.299619
1159 0.287785
1160 0.277489
1161 0.284092
1162 0.275894
1163 0.27346
1164 0.271809
1165 0.280286
1166 0.320212
1167 0.314868
1168 0.33809
1169 0.334592
1170 0.341475
1171 0.329808
1172 0.338369
1173 0.329053
1174 0.327906
1175 0.318505
1176 0.316686
1177 0.309888
1178 0.321023
1179 0.318813
1180 0.3194
1181 0.331627
1182 0.350764
1183 0.370936
1184 0.366432
1185 0.426389
1186 0.471154
1187 0.46444
1188 0.469224
1189 0.460299
1190 0.4535
1191 0.442896
1192 0.440434
1193 0.447289
1194 0.44824
1195 0.450758
1196 0.45101
1197 0.469336
1198 0.464356
1199 0.488137
1200 0.475183
1201 0.475379
1202 0.488445
1203 0.495971
1204 0.47731
1205 0.439175
1206 0.421549
1207 0.425941
1208 0.410022
1209 0.410525
1210 0.437832
1211 0.436098
1212 0.445442
1213 0.456522
1214 0.447233
1215 0.451486
1216 0.453892
1217 0.442812
1218 0.469476
1219 0.475071
1220 0.490991
1221 0.483073
1222 0.479324
1223 0.492754
1224 0.49225
1225 0.488333
1226 0.507246
1227 0.48713
1228 0.487494
1229 0.484836
1230 0.483968
1231 0.482793
1232 0.467909
1233 0.468664
1234 0.471938
1235 0.426529
1236 0.426417
1237 0.435762
1238 0.427984
1239 0.424906
1240 0.43011
1241 0.423591
1242 0.44063
1243 0.433831
1244 0.451598
1245 0.444659
1246 0.468916
1247 0.468916
1248 0.449919
1249 0.450618
1250 0.452577
1251 0.449443
1252 0.453276
1253 0.459376
1254 0.454815
1255 0.454899
1256 0.456746
1257 0.460579
1258 0.445163
1259 0.44838
1260 0.446114
1261 0.442225
1262 0.452549
1263 0.465335
1264 0.460691
1265 0.483465
1266 0.4542
1267 0.447541
1268 0.459348
1269 0.425018
1270 0.42499
1271 0.435902
1272 0.418164
1273 0.417156
1274 0.400677
1275 0.397348
1276 0.395053
1277 0.392535
1278 0.377399
1279 0.382995
1280 0.388395
1281 0.388926
1282 0.385317
1283 0.382016
1284 0.376392
1285 0.395277
1286 0.387527
1287 0.391108
1288 0.38168
1289 0.381316
1290 0.377819
1291 0.365816
1292 0.363942
1293 0.371216
1294 0.369957
1295 0.370265
1296 0.348106
1297 0.346287
1298 0.353534
1299 0.354849
1300 0.355688
1301 0.363914
1302 0.379274
1303 0.376896
1304 0.392172
1305 0.394298
1306 0.379162
1307 0.366767
1308 0.360137
1309 0.366851
1310 0.392591
1311 0.384925
1312 0.36299
1313 0.371943
1314 0.367047
1315 0.363298
1316 0.362822
1317 0.364669
1318 0.350288
1319 0.354877
1320 0.364613
1321 0.359157
1322 0.333333
1323 0.334956
1324 0.324128
1325 0.316378
1326 0.32522
1327 0.319232
1328 0.320128
1329 0.329388
1330 0.314196
1331 0.301298
1332 0.307649
1333 0.300095
1334 0.300095
1335 0.29436
1336 0.283392
1337 0.267668
1338 0.268312
1339 0.260814
1340 0.254379
1341 0.255246
1342 0.254938
1343 0.253483
1344 0.25284
1345 0.24979
1346 0.255078
1347 0.249035
1348 0.246293
1349 0.247608
1350 0.24758
1351 0.249986
1352 0.244139
1353 0.244614
1354 0.242656
1355 0.243215
1356 0.246713
1357 0.250965
1358 0.2473
1359 0.248223
1360 0.268899
1361 0.266773
1362 0.265514
1363 0.269515
1364 0.269235
1365 0.268731
1366 0.269739
1367 0.275614
1368 0.284987
1369 0.284875
1370 0.28633
1371 0.284539
1372 0.282357
1373 0.292485
1374 0.292205
1375 0.294863
1376 0.289184
1377 0.280314
1378 0.281154
1379 0.283308
1380 0.286666
1381 0.286889
1382 0.288596
1383 0.29145
1384 0.295339
1385 0.284511
1386 0.285714
1387 0.289072
1388 0.291114
1389 0.287141
1390 0.292625
1391 0.292821
1392 0.293352
1393 0.294975
1394 0.302753
1395 0.303145
1396 0.3046
1397 0.307593
1398 0.307621
1399 0.30874
1400 0.308964
1401 0.310783
1402 0.308573
1403 0.31207
1404 0.313525
1405 0.312965
1406 0.312853
1407 0.315483
1408 0.316966
1409 0.318113
1410 0.375329
1411 0.373202
1412 0.376364
1413 0.379973
1414 0.379945
1415 0.385849
1416 0.387108
1417 0.389262
1418 0.389514
1419 0.393151
1420 0.40009
1421 0.403027
1422 0.400257
1423 0.400677
1424 0.404146
1425 0.397991
1426 0.394858
1427 0.399502
1428 0.40409
1429 0.40686
1430 0.41184
1431 0.416009
1432 0.420402
1433 0.421633
1434 0.421717
1435 0.438867
1436 0.43551
1437 0.434167
1438 0.440182
1439 0.436881
1440 0.44063
1441 0.438112
1442 0.441441
1443 0.443344
1444 0.443232
1445 0.452773
1446 0.465643
1447 0.472609
1448 0.483101
1449 0.496251
1450 0.502462
1451 0.514996
1452 0.519081
1453 0.530804
1454 0.546836
1455 0.5519
1456 0.559258
1457 0.57182
1458 0.587712
1459 0.597281
1460 0.620922
1461 0.628113
1462 0.63701
1463 0.654664
1464 0.662722
1465 0.67769
1466 0.69624
1467 0.708382
1468 0.721308
1469 0.733535
1470 0.744866
1471 0.751749
1472 0.758519
1473 0.777125
1474 0.773376
1475 0.782553
1476 0.791086
1477 0.786442
1478 0.781853
1479 0.788484
1480 0.779811
1481 0.783756
1482 0.790974
1483 0.794695
1484 0.794052
1485 0.851967
1486 0.850568
1487 0.823709
1488 0.829109
1489 0.792457
1490 0.835348
1491 0.804264
1492 0.800179
1493 0.829696
1494 0.835432
1495 0.837558
1496 0.833697
1497 0.861675
1498 0.87144
1499 0.8814
1500 0.889821
1501 0.891836
1502 0.904062
1503 0.910693
1504 0.905377
1505 0.903951
1506 0.89371
1507 0.886128
1508 0.880561
1509 0.890605
1510 0.89178
1511 0.871859
1512 0.8713
1513 0.855604
1514 0.859549
1515 0.849337
1516 0.795758
1517 0.774047
1518 0.764395
1519 0.756533
1520 0.746517
1521 0.742152
1522 0.741928
1523 0.752252
1524 0.750378
1525 0.746013
1526 0.748139
1527 0.742236
1528 0.746097
1529 0.744055
1530 0.75063
1531 0.7426
1532 0.731996
1533 0.728387
1534 0.741481
1535 0.753371
1536 0.74246
1537 0.752476
1538 0.745062
1539 0.753204
1540 0.754994
1541 0.75463
1542 0.761289
1543 0.773796
1544 0.761457
1545 0.755246
1546 0.738795
1547 0.755778
1548 0.731436
1549 0.712971
1550 0.681048
1551 0.672234
1552 0.653461
1553 0.63382
1554 0.617845
1555 0.622377
1556 0.611689
1557 0.614179
1558 0.590454
1559 0.582816
1560 0.592888
1561 0.595154
1562 0.585586
1563 0.569246
1564 0.570002
1565 0.572464
1566 0.576884
1567 0.579962
1568 0.587068
1569 0.577276
1570 0.573527
1571 0.567875
1572 0.562895
1573 0.565889
1574 0.565609
1575 0.58248
1576 0.578787
1577 0.584327
1578 0.596133
1579 0.596441
1580 0.606066
1581 0.612725
1582 0.632757
1583 0.63133
1584 0.641738
1585 0.628812
1586 0.642214
1587 0.663253
1588 0.676039
1589 0.696547
1590 0.70371
1591 0.69873
1592 0.720973
1593 0.732304
1594 0.732863
1595 0.756981
1596 0.769879
1597 0.774831
1598 0.78563
1599 0.780398
1600 0.78314
1601 0.799815
1602 0.807202
1603 0.805887
1604 0.801298
1605 0.793968
1606 0.796234
1607 0.803173
1608 0.822422
1609 0.831823
1610 0.82536
1611 0.822002
1612 0.81705
1613 0.81179
1614 0.825779
1615 0.83297
1616 0.83974
1617 0.867495
1618 0.870181
1619 0.867775
1620 0.848693
1621 0.850876
1622 0.836411
1623 0.820631
1624 0.809356
1625 0.800851
1626 0.818029
1627 0.827738
1628 0.82687
1629 0.828829
1630 0.829137
1631 0.859185
1632 0.886968
1633 0.894774
1634 0.878994
1635 0.889849
1636 0.903419
1637 0.906133
1638 0.911113
1639 0.919171
1640 0.923116
1641 0.918527
1642 0.919087
1643 0.916065
1644 0.909658
1645 0.916849
1646 0.899474
1647 0.856751
1648 0.836355
1649 0.836439
1650 0.805355
1651 0.797045
1652 0.785155
1653 0.779895
1654 0.783812
1655 0.780147
1656 0.763192
1657 0.759023
1658 0.740417
1659 0.702367
1660 0.710704
1661 0.702339
1662 0.702731
1663 0.707739
1664 0.706256
1665 0.715293
1666 0.709837
1667 0.722064
1668 0.727799
1669 0.735409
1670 0.748783
1671 0.735857
1672 0.740613
1673 0.757568
1674 0.767249
1675 0.774327
1676 0.788568
1677 0.803369
1678 0.81151
1679 0.805775
1680 0.819064
1681 0.820743
1682 0.78896
1683 0.833165
1684 0.803313
1685 0.692658
1686 0.729394
1687 0.736137
1688 0.726204
1689 0.738543
1690 0.730233
1691 0.729786
1692 0.748
1693 0.751833
1694 0.7574
1695 0.772061
1696 0.76792
1697 0.786218
1698 0.811286
1699 0.816155
1700 0.816854
1701 0.813944
1702 0.817246
1703 0.799647
1704 0.791114
1705 0.791338
1706 0.792569
1707 0.81761
1708 0.813105
1709 0.836467
1710 0.833221
1711 0.832606
1712 0.846959
1713 0.843126
1714 0.849169
1715 0.849001
1716 0.875049
1717 0.872083
1718 0.864221
1719 0.852415
1720 0.8457
1721 0.825975
1722 0.797745
1723 0.785602
1724 0.769655
1725 0.754714
1726 0.759303
1727 0.764143
1728 0.753707
1729 0.741481
1730 0.736752
1731 0.733199
1732 0.734626
1733 0.719462
1734 0.718175
1735 0.69582
1736 0.695344
1737 0.686811
1738 0.671451
1739 0.645291
1740 0.628504
1741 0.632253
1742 0.655979
1743 0.664988
1744 0.671227
1745 0.667422
1746 0.683034
1747 0.689945
1748 0.732164
1749 0.715825
1750 0.744195
1751 0.746097
1752 0.749147
1753 0.750965
1754 0.73457
1755 0.71451
1756 0.708103
1757 0.683929
1758 0.667226
1759 0.646802
1760 0.623216
1761 0.633177
1762 0.625874
1763 0.62898
1764 0.615746
1765 0.609395
1766 0.607996
1767 0.612137
1768 0.609283
1769 0.612697
1770 0.626798
1771 0.626714
1772 0.636226
1773 0.628504
1774 0.626238
1775 0.637681
1776 0.645235
1777 0.642885
1778 0.657798
1779 0.66703
1780 0.676347
1781 0.685972
1782 0.689693
1783 0.697723
1784 0.705249
1785 0.692351
1786 0.693554
1787 0.70357
1788 0.688294
1789 0.684573
1790 0.678893
1791 0.693302
1792 0.687035
1793 0.681411
1794 0.658553
1795 0.660763
1796 0.648677
1797 0.639304
1798 0.635723
1799 0.630882
1800 0.616306
1801 0.612585
1802 0.627441
1803 0.630938
1804 0.613956
1805 0.617313
1806 0.600554
1807 0.594539
1808 0.608108
1809 0.613088
1810 0.618068
1811 0.636142
1812 0.644256
1813 0.654636
1814 0.662862
1815 0.677942
1816 0.69042
1817 0.674053
1818 0.686251
1819 0.702703
1820 0.701024
1821 0.705333
1822 0.711684
1823 0.722399
1824 0.732528
1825 0.730569
1826 0.728862
1827 0.744446
1828 0.722539
1829 0.673829
1830 0.649012
1831 0.642242
1832 0.62109
1833 0.606401
1834 0.58013
1835 0.548486
1836 0.525292
1837 0.535001
1838 0.548151
1839 0.539701
1840 0.542835
1841 0.549913
1842 0.570645
1843 0.57515
1844 0.576045
1845 0.571009
1846 0.552543
1847 0.591405
1848 0.612892
1849 0.635639
1850 0.634492
1851 0.655168
1852 0.662554
1853 0.691819
1854 0.696911
1855 0.696715
1856 0.687399
1857 0.652761
1858 0.632785
1859 0.582592
1860 0.5054
1861 0.469979
1862 0.413659
1863 0.354569
1864 0.337782
1865 0.292177
1866 0.23401
1867 0.2109
1868 0.168849
1869 0.142801
1870 0.127973
1871 0.106066
1872 0.0996027
1873 0.0989033
1874 0.1031
1875 0.10268
1876 0.101393
1877 0.0988193
1878 0.102065
1879 0.103967
1880 0.102848
1881 0.104107
1882 0.108752
1883 0.111466
1884 0.119355
1885 0.132449
1886 0.148145
1887 0.169996
1888 0.178921
1889 0.215741
1890 0.264367
1891 0.289156
1892 0.339349
1893 0.385289
1894 0.405098
1895 0.434727
1896 0.446645
1897 0.45101
1898 0.449275
1899 0.446086
1900 0.440434
1901 0.415366
1902 0.408735
1903 0.404762
1904 0.421017
1905 0.46346
1906 0.486123
1907 0.554166
1908 0.641766
1909 0.684377
1910 0.734262
1911 0.752504
1912 0.760674
1913 0.733926
1914 0.709138
1915 0.693526
1916 0.661631
1917 0.653601
1918 0.649124
1919 0.650775
1920 0.655168
1921 0.657182
1922 0.670332
1923 0.677047
1924 0.664484
1925 0.636534
1926 0.630155
1927 0.636954
1928 0.6233
1929 0.619971
1930 0.604247
1931 0.594595
1932 0.576073
1933 0.583879
1934 0.568323
1935 0.496447
1936 0.481283
1937 0.505568
1938 0.510884
1939 0.532958
1940 0.553075
1941 0.585558
1942 0.595686
1943 0.619999
1944 0.643641
1945 0.662078
1946 0.660763
1947 0.671283
1948 0.677159
1949 0.702787
1950 0.695792
1951 0.70606
1952 0.729394
1953 0.70301
1954 0.695596
1955 0.684349
1956 0.691819
1957 0.671451
1958 0.679257
1959 0.667114
1960 0.637457
1961 0.628336
1962 0.619803
1963 0.628141
1964 0.630211
1965 0.60089
1966 0.609955
1967 0.574702
1968 0.554138
1969 0.529097
1970 0.467713
1971 0.394718
1972 0.364893
1973 0.302249
1974 0.245817
1975 0.221812
1976 0.165967
1977 0.132086
1978 0.117145
1979 0.0906776
1980 0.0771361
1981 0.0761849
1982 0.0769963
1983 0.0756253
1984 0.0740026
1985 0.0761009
1986 0.0676515
1987 0.0647138
1988 0.059286
1989 0.0587824
1990 0.0583907
1991 0.0613004
1992 0.0650775
1993 0.0660288
1994 0.0673158
1995 0.0609927
1996 0.0596777
1997 0.0577752
1998 0.0596777
1999 0.0581669
2000 0.0529349
2001 0.0509764
2002 0.0452968
2003 0.0419115
2004 0.0395053
2005 0.0387499
2006 0.0427228
2007 0.0507526
2008 0.0523194
2009 0.0569078
2010 0.0518438
2011 0.0543338
2012 0.0607409
2013 0.0568799
2014 0.060517
2015 0.0617481
2016 0.0680432
2017 0.0732472
2018 0.102764
2019 0.0957137
2020 0.100694
2021 0.0935874
2022 0.0907895
2023 0.0889989
2024 0.0910973
2025 0.0815287
2026 0.108947
2027 0.181999
2028 0.271949
2029 0.310839
2030 0.396536
2031 0.418835
2032 0.411505
2033 0.426361
2034 0.458117
2035 0.457165
2036 0.466426
2037 0.474064
2038 0.466062
2039 0.475463
2040 0.50554
2041 0.51743
2042 0.513793
2043 0.534637
2044 0.534777
2045 0.538554
2046 0.510016
2047 0.496727
2048 0.52283
2049 0.541268
2050 0.537687
2051 0.543254
2052 0.591209
2053 0.588523
2054 0.520172
2055 0.523921
2056 0.539561
2057 0.488949
2058 0.490431
2059 0.474008
2060 0.445414
2061 0.446561
2062 0.433188
2063 0.376728
2064 0.392507
2065 0.388646
2066 0.38859
2067 0.37351
2068 0.361116
2069 0.345588
2070 0.370936
2071 0.371524
2072 0.390353
2073 0.409434
2074 0.40479
2075 0.382323
2076 0.357087
2077 0.338733
2078 0.298668
2079 0.25063
2080 0.229226
2081 0.186671
2082 0.148649
2083 0.135023
2084 0.104527
2085 0.0986794
2086 0.0999384
2087 0.101617
2088 0.104303
2089 0.103352
2090 0.104919
2091 0.107772
2092 0.109871
2093 0.111326
2094 0.107241
2095 0.107465
2096 0.106345
2097 0.104331
2098 0.104275
2099 0.103576
2100 0.104639
2101 0.103352
2102 0.108696
2103 0.110878
2104 0.111102
2105 0.112081
2106 0.117145
2107 0.120782
2108 0.121454
2109 0.122013
2110 0.124363
2111 0.124811
2112 0.124951
2113 0.123328
2114 0.128448
2115 0.12386
2116 0.128141
2117 0.126098
2118 0.132281
2119 0.132113
2120 0.135723
2121 0.13964
2122 0.145347
2123 0.156259
2124 0.17022
2125 0.171535
2126 0.167226
2127 0.182894
2128 0.182446
2129 0.184321
2130 0.18074
2131 0.189357
2132 0.18337
2133 0.199233
2134 0.19845
2135 0.208186
2136 0.226316
2137 0.228695
2138 0.227128
2139 0.248615
2140 0.26017
2141 0.300711
2142 0.331655
2143 0.353618
2144 0.374377
2145 0.385373
2146 0.378826
2147 0.426949
2148 0.410945
2149 0.409127
2150 0.41296
2151 0.409015
2152 0.393599
2153 0.389849
2154 0.380001
2155 0.384366
2156 0.415925
2157 0.444575
2158 0.442337
2159 0.475043
2160 0.496363
2161 0.505232
2162 0.545157
2163 0.580494
2164 0.594567
2165 0.607465
2166 0.618236
2167 0.622125
2168 0.642437
2169 0.670779
2170 0.67741
2171 0.693666
2172 0.712915
2173 0.719602
2174 0.724078
2175 0.732248
2176 0.732975
2177 0.734234
2178 0.703934
2179 0.69789
2180 0.680264
2181 0.660791
2182 0.650131
2183 0.632729
2184 0.60822
2185 0.580494
2186 0.56477
2187 0.534665
2188 0.52118
2189 0.500727
2190 0.476107
2191 0.461614
2192 0.435286
2193 0.405377
2194 0.387108
2195 0.342958
2196 0.298332
2197 0.278999
2198 0.254854
2199 0.227911
2200 0.225169
2201 0.209781
2202 0.183789
2203 0.180908
2204 0.161715
2205 0.157294
2206 0.15721
2207 0.146382
2208 0.131806
2209 0.116641
2210 0.109003
2211 0.0885233
2212 0.0754854
2213 0.0625595
2214 0.0538582
2215 0.0435342
2216 0.0388059
2217 0.0353366
2218 0.0308321
2219 0.0349449
2220 0.0330144
2221 0.0354485
2222 0.0324548
2223 0.0357003
2224 0.046388
2225 0.042471
2226 0.0387499
2227 0.0432544
2228 0.0506687
2229 0.0423871
2230 0.043814
2231 0.0423032
2232 0.0435342
2233 0.0475911
2234 0.0505568
2235 0.0393655
2236 0.0416877
2237 0.0423871
2238 0.0423032
2239 0.0479548
2240 0.0501931
2241 0.0499133
2242 0.0510044
2243 0.0441777
2244 0.045045
2245 0.0480947
2246 0.052879
2247 0.0512282
2248 0.047675
2249 0.0588943
2250 0.0533546
2251 0.0539701
2252 0.0587544
2253 0.0642102
2254 0.0619999
2255 0.0653013
2256 0.0636786
2257 0.0675116
2258 0.0711208
2259 0.07473
2260 0.0687427
2261 0.0731912
2262 0.0748979
2263 0.0748419
2264 0.0748419
2265 0.0717923
2266 0.0718203
2267 0.0736389
2268 0.0771641
2269 0.0783392
2270 0.0806334
2271 0.0783672
2272 0.079906
2273 0.0755414
2274 0.074702
2275 0.0749538
2276 0.0754295
2277 0.0718203
2278 0.0698338
2279 0.0653293
2280 0.0639584
2281 0.0649936
2282 0.0626993
2283 0.0557048
2284 0.0511163
2285 0.0428068
2286 0.0330983
2287 0.0298808
2288 0.0250126
2289 0.0203122
2290 0.0164792
2291 0.0113312
2292 0.00626714
2293 0.00475631
2294 0.00249007
2295 0.00139891
2296 0.000755414
2297 0
2298 0
2299 0
2300 0.00705053
2301 0.00976442
2302 0.00942868
2303 0.0263555
2304 0.0677914
2305 0.0938112
2306 0.144956
2307 0.188406
2308 0.213362
2309 0.265094
2310 0.291478
2311 0.294527
2312 0.297689
2313 0.294947
2314 0.292737
2315 0.290834
2316 0.282133
2317 0.275894
2318 0.254658
2319 0.244866
2320 0.251021
2321 0.230793
2322 0.244027
2323 0.211824
2324 0.202675
2325 0.203626
2326 0.20164
2327 0.199373
2328 0.20578
2329 0.202395
2330 0.200828
2331 0.18807
2332 0.186951
2333 0.186559
2334 0.171087
2335 0.152314
2336 0.136954
2337 0.120698
2338 0.105338
2339 0.0860612
2340 0.0858933
2341 0.0901181
2342 0.0994908
2343 0.106038
2344 0.117173
2345 0.119271
2346 0.124336
2347 0.121202
2348 0.115606
2349 0.107521
2350 0.107437
2351 0.0939791
2352 0.0905377
2353 0.0872083
2354 0.0851379
2355 0.0756253
2356 0.0686307
2357 0.054082
2358 0.0414358
2359 0.0354205
2360 0.0211236
2361 0.011583
2362 0.00878518
2363 0.00097924
2364 0
2365 0
2366 0
2367 0
2368 0
2369 0
2370 0
2371 0
2372 0
2373 0
2374 0
2375 0
2376 0.00453248
2377 0.00892507
2378 0.0143808
2379 0.0338537
2380 0.0367355
2381 0.0403447
2382 0.0449331
2383 0.0535504
2384 0.0527671
2385 0.0520676
2386 0.0557887
2387 0.059342
2388 0.0712047
2389 0.0710089
2390 0.0667562
2391 0.057943
2392 0.0538302
2393 0.0422752
2394 0.0325667
2395 0.0285379
2396 0.0202283
2397 0.0105478
2398 0.0059314
2399 0
2400 0
2401 0
2402 0
2403 0
2404 0
2405 0
2406 0
2407 0
2408 0.0237815
2409 0.0812769
2410 0.114151
2411 0.184545
2412 0.220049
2413 0.228527
2414 0.212299
2415 0.228611
2416 0.227799
2417 0.232639
2418 0.263779
2419 0.27553
2420 0.296598
2421 0.293716
2422 0.289911
2423 0.280398
2424 0.263667
2425 0.245202
2426 0.198954
2427 0.154216
2428 0.131974
2429 0.0912932
2430 0.059314
2431 0.043814
2432 0.0174025
2433 0.00109115
2434 0
2435 0
2436 0.000419674
2437 0
2438 0
2439 0
2440 0
2441 0
2442 0
2443 0
2444 0
2445 0
2446 0
2447 0
2448 0
2449 0
2450 0
2451 0
2452 0
2453 0
2454 0
2455 0
2456 0
2457 0.00679872
2458 0.0256001
2459 0.0686867
2460 0.112669
2461 0.1334
2462 0.173633
2463 0.195149
2464 0.196156
2465 0.200408
2466 0.193414
2467 0.188462
2468 0.174249
2469 0.166275
2470 0.167198
2471 0.171731
2472 0.165128
2473 0.162582
2474 0.150439
2475 0.138437
2476 0.125259
2477 0.0990991
2478 0.0740865
2479 0.063147
2480 0.03612
2481 0.0145767
2482 0.00310559
2483 0
2484 0
2485 0
2486 0
2487 0
2488 0
2489 0
2490 0
2491 0
2492 0
2493 0
2494 0
2495 0
2496 0
2497 0
2498 0
2499 0
2500 0
2501 0
2502 0.00221028
2503 0.00856136
2504 0.0214034
2505 0.0318113
2506 0.0400649
2507 0.0594259
2508 0.0737228
2509 0.0759051
2510 0.0753176
2511 0.0836551
2512 0.0848582
2513 0.0835711
2514 0.0828157
2515 0.081193
2516 0.0827038
2517 0.0726037
2518 0.0663645
2519 0.052879
2520 0.0379945
2521 0.0304124
2522 0.0158357
2523 0.00556768
2524 0.00137094
2525 0
2526 0
2527 0
2528 0
2529 0
2530 0
2531 0
2532 0
2533 0
2534 0
2535 0.00139891
2536 0.00097924
2537 0.00097924
2538 0.00097924
2539 0.00097924
2540 0.00111913
2541 0.00111913
2542 0.00111913
2543 0.0237256
2544 0.060545
2545 0.0800179
2546 0.132953
2547 0.171983
2548 0.189021
2549 0.241285
2550 0.287337
2551 0.299424
2552 0.322925
2553 0.330424
2554 0.338341
2555 0.360388
2556 0.378966
2557 0.378602
2558 0.375049
2559 0.363242
2560 0.359493
2561 0.334173
2562 0.291338
2563 0.266381
2564 0.226708
2565 0.180656
2566 0.155112
2567 0.116558
2568 0.0788428
2569 0.0628113
2570 0.037351
2571 0.0198646
2572 0.0171787
2573 0.00998825
2574 0.00159476
2575 0
2576 0
2577 0
2578 0
2579 0
2580 0
2581 0
2582 0
2583 0
2584 0
2585 0.000419674
2586 0
2587 0
2588 0
2589 0
2590 0
2591 0
2592 0
2593 0
2594 0
2595 0
2596 0
2597 0
2598 0
2599 0
2600 0
2601 0
2602 0
2603 0
2604 0
2605 0
2606 0
2607 0
2608 0
2609 0
2610 0
2611 0
2612 0
2613 0
2614 0
2615 0
2616 0
2617 0
2618 0
2619 0
2620 0
2621 0
2622 0
2623 0
2624 0
2625 0
2626 0
2627 0
2628 0
2629 0
2630 0
2631 0
2632 0
2633 0
2634 0
2635 0
2636 0
2637 0
2638 0
2639 0
2640 0
2641 0
2642 0
2643 0
2644 0
2645 0
2646 0
2647 0
2648 0
2649 0
2650 0
2651 0
2652 0
2653 0
2654 0
2655 0
2656 0
2657 0.0177103
2658 0.051508
2659 0.0705053
2660 0.111466
2661 0.14725
2662 0.164065
2663 0.199121
2664 0.210033
2665 0.212131
2666 0.21132
2667 0.204717
2668 0.195624
2669 0.1806
2670 0.179649
2671 0.176795
2672 0.181775
2673 0.180488
2674 0.192267
2675 0.233647
2676 0.275446
2677 0.288428
2678 0.31747
2679 0.33006
2680 0.316434
2681 0.312294
2682 0.331431
2683 0.336551
2684 0.354625
2685 0.385177
2686 0.388562
2687 0.398803
2688 0.416289
2689 0.405769
2690 0.42748
2691 0.446925
2692 0.443456
2693 0.437972
2694 0.440938
2695 0.447233
2696 0.445666
2697 0.437385
2698 0.427173
2699 0.408315
2700 0.385065
2701 0.36534
2702 0.310419
2703 0.263024
2704 0.23762
2705 0.192966
2706 0.141542
2707 0.116418
2708 0.0726037
2709 0.0305243
2710 0.0214034
2711 0
2712 0
2713 0
2714 0
2715 0
2716 0
2717 0
2718 0
2719 0
2720 0
2721 0
2722 0
2723 0
2724 0
2725 0
2726 0
2727 0.000419674
2728 0.00106317
2729 0.00148285
2730 0.00327346
2731 0.00551172
2732 0.0081137
2733 0.011611
2734 0.0163953
2735 0.0186615
2736 0.0203682
2737 0.0235577
2738 0.0276425
2739 0.0358122
2740 0.0401209
2741 0.0480107
2742 0.0505288
2743 0.0546136
2744 0.0577752
2745 0.0545856
2746 0.0570757
2747 0.0567959
2748 0.0595658
2749 0.060601
2750 0.0542779
2751 0.051508
2752 0.0509205
2753 0.0506407
2754 0.0499972
2755 0.0497734
2756 0.0477589
2757 0.0475071
2758 0.0475351
2759 0.0487941
2760 0.0440938
2761 0.0453808
2762 0.0473672
2763 0.0479548
2764 0.0482625
2765 0.0484584
2766 0.050249
2767 0.0524873
2768 0.0500532
2769 0.0472833
2770 0.0466958
2771 0.0475631
2772 0.0487382
2773 0.0478429
2774 0.0443736
2775 0.0468636
2776 0.0481227
2777 0.0440098
2778 0.0436182
2779 0.0427228
2780 0.0417156
2781 0.0454088
2782 0.0461642
2783 0.0474232
2784 0.0549494
2785 0.0535225
2786 0.0636226
2787 0.0711208
2788 0.0726316
2789 0.0748699
2790 0.072212
2791 0.0735269
2792 0.0737787
2793 0.0712887
2794 0.0735269
2795 0.0677354
2796 0.0674277
2797 0.0672878
2798 0.0656091
2799 0.0630631
2800 0.0632309
2801 0.063175
2802 0.0641542
2803 0.0637345
2804 0.063175
2805 0.0656371
2806 0.0654692
2807 0.0654692
2808 0.0637066
2809 0.0646858
2810 0.0648817
2811 0.0634548
2812 0.0627273
2813 0.0625874
2814 0.0612165
2815 0.060545
2816 0.0594539
2817 0.0591741
2818 0.0575793
2819 0.0575513
2820 0.0569638
2821 0.0557328
2822 0.0546976
2823 0.0550613
2824 0.0596497
2825 0.0553411
2826 0.0572436
2827 0.0537743
2828 0.0520116
2829 0.0526272
2830 0.0524873
2831 0.0524593
2832 0.052795
2833 0.051564
2834 0.0510044
2835 0.0501651
2836 0.0495216
2837 0.0487382
2838 0.0485423
2839 0.0483745
2840 0.0481227
2841 0.0484864
2842 0.0493817
2843 0.0512842
2844 0.0537183
2845 0.0549494
2846 0.05411
2847 0.0542499
2848 0.0541939
2849 0.0535784
2850 0.0536344
2851 0.0539981
2852 0.0545577
2853 0.0547815
2854 0.0542499
2855 0.0532986
2856 0.0529069
2857 0.0530189
2858 0.0519277
2859 0.0537463
2860 0.0499133
2861 0.04899
2862 0.0498853
2863 0.0498293
2864 0.0493257
2865 0.0494097
2866 0.0484864
2867 0.0491019
2868 0.0492418
2869 0.0516479
2870 0.0510044
2871 0.0504449
2872 0.0504169
2873 0.0503609
2874 0.050305
2875 0.0496615
2876 0.0486542
2877 0.0491858
2878 0.049018
2879 0.048934
2880 0.0492698
2881 0.0486263
2882 0.0496894
2883 0.0496615
2884 0.048962
2885 0.0485983
2886 0.0488501
2887 0.0492138
2888 0.0497174
2889 0.0501931
2890 0.0486542
2891 0.0487102
2892 0.0485983
2893 0.0486822
2894 0.0487382
2895 0.0487662
2896 0.0499972
2897 0.0494376
2898 0.0493817
2899 0.0494376
2900 0.0496894
2901 0.0500252
2902 0.050249
2903 0.0501091
2904 0.0499133
2905 0.0499133
2906 0.0497734
2907 0.0496055
2908 0.0493537
2909 0.0495495
2910 0.0483185
2911 0.0482346
2912 0.0484584
2913 0.0484024
2914 0.0483745
2915 0.0478709
2916 0.0481506
2917 0.0484584
2918 0.0488501
2919 0.0493817
2920 0.0493817
2921 0.049018
2922 0.0491858
2923 0.0488501
2924 0.0487382
2925 0.0492977
2926 0.0492698
2927 0.0492418
2928 0.0497174
2929 0.0497734
2930 0.0494097
2931 0.0496055
2932 0.0498573
2933 0.0506407
2934 0.0506407
2935 0.0492698
2936 0.0488221
2937 0.0497454
2938 0.0493537
2939 0.0492698
2940 0.0495495
2941 0.0501371
2942 0.0499692
2943 0.0495775
2944 0.0500252
2945 0.050221
2946 0.0499412
2947 0.0498293
2948 0.0500811
2949 0.0501091
2950 0.0500811
2951 0.0496894
2952 0.0487382
2953 0.0486822
2954 0.0485423
2955 0.0480947
2956 0.0484024
2957 0.0490739
2958 0.0490739
2959 0.0490459
2960 0.0491299
2961 0.0491579
2962 0.049018
2963 0.0491858
2964 0.0494376
2965 0.0494376
2966 0.0491858
2967 0.0484024
2968 0.0483465
2969 0.0504449
2970 0.0504449
2971 0.0500532
2972 0.0506407
2973 0.0506407
2974 0.0506407
2975 0.051508
2976 0.0512562
2977 0.051564
2978 0.051564
2979 0.0509205
2980 0.0508925
2981 0.0509485
2982 0.0510044
2983 0.0522914
2984 0.0521236
2985 0.0710928
2986 0.0730793
2987 0.0749538
2988 0.0736109
2989 0.070869
2990 0.0714565
2991 0.0748699
2992 0.0743663
2993 0.0741704
2994 0.0725477
2995 0.0737508
2996 0.0756813
2997 0.0744222
2998 0.0768843
2999 0.0766885
3000 0.0799619
3001 0.0800459
3002 0.0801298
3003 0.0799619
3004 0.0801298
3005 0.0813329
3006 0.0808013
3007 0.0796542
3008 0.0826199
3009 0.0810811
3010 0.091517
3011 0.0965531
3012 0.0959376
3013 0.0958256
3014 0.100582
3015 0.100106
3016 0.101953
3017 0.107353
3018 0.109115
3019 0.10517
3020 0.107968
3021 0.114291
3022 0.119551
3023 0.125623
3024 0.127329
3025 0.1294
3026 0.131246
3027 0.134743
3028 0.137821
3029 0.141962
3030 0.147837
3031 0.148844
3032 0.151558
3033 0.149768
3034 0.150243
3035 0.190336
3036 0.204913
3037 0.205305
3038 0.203458
3039 0.190168
3040 0.184964
3041 0.194253
3042 0.181075
3043 0.177382
3044 0.175032
3045 0.181159
3046 0.181663
3047 0.19126
3048 0.192966
3049 0.192742
3050 0.193498
3051 0.195484
3052 0.192938
3053 0.193358
3054 0.197275
3055 0.197555
3056 0.196128
3057 0.196715
3058 0.196408
3059 0.193973
3060 0.212075
3061 0.20939
3062 0.206843
3063 0.208438
3064 0.186
3065 0.199653
3066 0.186671
3067 0.186531
3068 0.182055
3069 0.179649
3070 0.183342
3071 0.202535
3072 0.201947
3073 0.202255
3074 0.207263
3075 0.213838
3076 0.216636
3077 0.219853
3078 0.220497
3079 0.220469
3080 0.220805
3081 0.21963
3082 0.22156
3083 0.219238
3084 0.222623
3085 0.230289
3086 0.222315
3087 0.227519
3088 0.224274
3089 0.220861
3090 0.218343
3091 0.215321
3092 0.212971
3093 0.213698
3094 0.213418
3095 0.209026
3096 0.207067
3097 0.208242
3098 0.208047
3099 0.207571
3100 0.206508
3101 0.209921
3102 0.209222
3103 0.204717
3104 0.209362
3105 0.212243
3106 0.210816
3107 0.217447
3108 0.219238
3109 0.21367
3110 0.249147
3111 0.248251
3112 0.249846
3113 0.252056
3114 0.25063
3115 0.251245
3116 0.247776
3117 0.244306
3118 0.242544
3119 0.25561
3120 0.256393
3121 0.251385
3122 0.245202
3123 0.246181
3124 0.24702
3125 0.246293
3126 0.246573
3127 0.242488
3128 0.242432
3129 0.242572
3130 0.240417
3131 0.239578
3132 0.240166
3133 0.236389
3134 0.236976
3135 0.239466
3136 0.228862
3137 0.230877
3138 0.230625
3139 0.225197
3140 0.228946
3141 0.226736
3142 0.232248
3143 0.236193
3144 0.233843
3145 0.233591
3146 0.236864
3147 0.235437
3148 0.235745
3149 0.22903
3150 0.23194
3151 0.232304
3152 0.22668
3153 0.228527
3154 0.225589
3155 0.224917
3156 0.226065
3157 0.224162
3158 0.224666
3159 0.227687
3160 0.248559
3161 0.246573
3162 0.247272
3163 0.245957
3164 0.238123
3165 0.241648
3166 0.240501
3167 0.235493
3168 0.237368
3169 0.235437
3170 0.234598
3171 0.233087
3172 0.230345
3173 0.231352
3174 0.230289
3175 0.229898
3176 0.244698
3177 0.244111
3178 0.244222
3179 0.243355
3180 0.240753
3181 0.225813
3182 0.226093
3183 0.225505
3184 0.227827
3185 0.243747
3186 0.24716
3187 0.240641
3188 0.243215
3189 0.244866
3190 0.238599
3191 0.240557
3192 0.243999
3193 0.23762
3194 0.239774
3195 0.2325
3196 0.235605
3197 0.233311
3198 0.224106
3199 0.225869
3200 0.22142
3201 0.225141
3202 0.223099
3203 0.222288
3204 0.218315
3205 0.218035
3206 0.223211
3207 0.216496
3208 0.220525
3209 0.218175
3210 0.224722
3211 0.225561
3212 0.227827
3213 0.227911
3214 0.227827
3215 0.226232
3216 0.238319
3217 0.236808
3218 0.238963
3219 0.237648
3220 0.234766
3221 0.221056
3222 0.223239
3223 0.221784
3224 0.217923
3225 0.21879
3226 0.216636
3227 0.218706
3228 0.231744
3229 0.23001
3230 0.231716
3231 0.228667
3232 0.223658
3233 0.225449
3234 0.221644
3235 0.20813
3236 0.20634
3237 0.204885
3238 0.202143
3239 0.203486
3240 0.202815
3241 0.202955
3242 0.201304
3243 0.209082
3244 0.207459
3245 0.207487
3246 0.205724
3247 0.206732
3248 0.207151
3249 0.208047
3250 0.205221
3251 0.202955
3252 0.202675
3253 0.204018
3254 0.198394
3255 0.199933
3256 0.199877
3257 0.197303
3258 0.195288
3259 0.195232
3260 0.211628
3261 0.215293
3262 0.217839
3263 0.228135
3264 0.22475
3265 0.219126
3266 0.219658
3267 0.217167
3268 0.217
3269 0.216888
3270 0.213642
3271 0.214482
3272 0.215265
3273 0.214733
3274 0.215377
3275 0.222371
3276 0.237899
3277 0.236948
3278 0.235605
3279 0.235885
3280 0.234458
3281 0.236417
3282 0.242796
3283 0.245006
3284 0.246293
3285 0.264367
3286 0.260002
3287 0.256057
3288 0.253092
3289 0.252056
3290 0.248475
3291 0.252896
3292 0.255358
3293 0.25796
3294 0.257568
3295 0.256953
3296 0.25256
3297 0.254742
3298 0.254323
3299 0.259247
3300 0.261541
3301 0.246964
3302 0.248923
3303 0.256477
3304 0.255889
3305 0.254155
3306 0.255722
3307 0.254938
3308 0.252952
3309 0.252084
3310 0.259387
3311 0.25824
3312 0.257876
3313 0.251693
3314 0.249622
3315 0.245482
3316 0.243299
3317 0.248363
3318 0.241509
3319 0.24937
3320 0.246517
3321 0.238011
3322 0.242152
3323 0.236389
3324 0.232444
3325 0.233171
3326 0.233703
3327 0.230989
3328 0.231241
3329 0.233059
3330 0.228555
3331 0.229198
3332 0.229954
3333 0.228695
3334 0.228331
3335 0.232919
3336 0.23166
3337 0.230401
3338 0.229562
3339 0.211264
3340 0.208186
3341 0.207179
3342 0.206004
3343 0.216412
3344 0.215685
3345 0.213782
3346 0.211348
3347 0.209334
3348 0.21076
3349 0.209194
3350 0.208047
3351 0.20648
3352 0.204913
3353 0.20094
3354 0.199373
3355 0.198534
3356 0.200353
3357 0.199261
3358 0.197779
3359 0.198338
3360 0.21451
3361 0.214034
3362 0.212943
3363 0.212159
3364 0.210844
3365 0.206732
3366 0.207095
3367 0.203486
3368 0.201779
3369 0.202311
3370 0.201192
3371 0.200828
3372 0.201248
3373 0.199989
3374 0.199821
3375 0.199569
3376 0.199149
3377 0.199261
3378 0.199038
3379 0.199513
3380 0.199345
3381 0.198646
3382 0.197051
3383 0.200241
3384 0.200688
3385 0.202955
3386 0.200604
3387 0.199793
3388 0.19596
3389 0.199261
3390 0.201919
3391 0.202703
3392 0.203234
3393 0.200632
3394 0.203822
3395 0.204186
3396 0.197807
3397 0.197611
3398 0.197499
3399 0.197779
3400 0.200436
3401 0.200576
3402 0.200576
3403 0.200716
3404 0.201108
3405 0.201024
3406 0.201164
3407 0.199345
3408 0.198394
3409 0.195792
3410 0.194337
3411 0.191987
3412 0.19014
3413 0.189777
3414 0.186615
3415 0.18586
3416 0.184321
3417 0.183622
3418 0.182978
3419 0.181887
3420 0.181663
3421 0.181048
3422 0.181048
3423 0.181159
3424 0.180992
3425 0.182027
3426 0.180852
3427 0.180068
3428 0.180796
3429 0.180292
3430 0.178865
3431 0.178865
3432 0.18877
3433 0.189357
3434 0.191623
3435 0.238655
3436 0.232667
3437 0.233843
3438 0.234066
3439 0.233675
3440 0.233171
3441 0.241425
3442 0.243663
3443 0.242124
3444 0.243887
3445 0.240585
3446 0.243439
3447 0.241565
3448 0.241453
3449 0.24176
3450 0.240949
3451 0.240809
3452 0.240585
3453 0.238795
3454 0.237228
3455 0.235549
3456 0.234934
3457 0.235241
3458 0.23457
3459 0.23457
3460 0.269571
3461 0.266409
3462 0.266409
3463 0.266493
3464 0.266297
3465 0.266297
3466 0.265262
3467 0.26487
3468 0.26501
3469 0.265234
3470 0.263835
3471 0.265318
3472 0.261009
3473 0.261037
3474 0.25768
3475 0.256533
3476 0.256589
3477 0.25533
3478 0.256281
3479 0.255106
3480 0.256365
3481 0.255526
3482 0.255442
3483 0.245509
3484 0.244782
3485 0.333026
3486 0.323849
3487 0.322394
3488 0.322786
3489 0.322422
3490 0.327458
3491 0.341699
3492 0.350596
3493 0.374238
3494 0.386688
3495 0.405573
3496 0.396201
3497 0.391304
3498 0.384506
3499 0.383778
3500 0.369146
3501 0.38943
3502 0.392675
3503 0.400929
3504 0.397879
3505 0.39441
3506 0.379525
3507 0.397823
3508 0.384981
3509 0.379106
3510 0.390941
3511 0.380561
3512 0.384002
3513 0.366544
3514 0.360081
3515 0.361759
3516 0.343042
3517 0.333977
3518 0.336327
3519 0.338789
3520 0.3248
3521 0.322142
3522 0.323905
3523 0.324296
3524 0.31705
3525 0.314084
3526 0.323849
3527 0.326283
3528 0.330256
3529 0.331347
3530 0.329444
3531 0.323541
3532 0.323597
3533 0.323261
3534 0.321079
3535 0.318169
3536 0.316574
3537 0.315371
3538 0.314644
3539 0.315064
3540 0.309496
3541 0.308852
3542 0.307789
3543 0.306726
3544 0.305159
3545 0.304348
3546 0.304012
3547 0.303676
3548 0.299228
3549 0.298584
3550 0.297073
3551 0.29587
3552 0.296234
3553 0.291142
3554 0.289156
3555 0.293968
3556 0.293968
3557 0.292065
3558 0.2938
3559 0.29103
3560 0.269095
3561 0.27027
3562 0.265962
3563 0.267249
3564 0.268032
3565 0.268396
3566 0.268815
3567 0.27276
3568 0.271557
3569 0.246377
3570 0.244754
3571 0.243943
3572 0.261289
3573 0.264059
3574 0.253903
3575 0.264479
3576 0.26059
3577 0.260478
3578 0.263164
3579 0.273096
3580 0.271921
3581 0.261821
3582 0.272397
3583 0.260981
3584 0.259359
3585 0.259611
3586 0.260142
3587 0.261849
3588 0.263891
3589 0.260534
3590 0.260534
3591 0.260534
3592 0.259974
3593 0.263975
3594 0.26031
3595 0.256029
3596 0.257512
3597 0.255078
3598 0.252336
3599 0.249007
3600 0.248307
3601 0.247356
3602 0.247944
3603 0.247944
3604 0.247496
3605 0.244362
3606 0.244614
3607 0.244502
3608 0.245509
3609 0.242124
3610 0.244222
3611 0.248699
3612 0.248559
3613 0.251497
3614 0.251721
3615 0.252084
3616 0.252588
3617 0.253875
3618 0.253539
3619 0.265598
3620 0.262129
3621 0.264982
3622 0.260366
3623 0.260142
3624 0.258268
3625 0.258743
3626 0.263835
3627 0.266129
3628 0.274887
3629 0.280426
3630 0.284287
3631 0.284539
3632 0.28826
3633 0.28633
3634 0.287813
3635 0.286889
3636 0.286861
3637 0.28826
3638 0.289827
3639 0.29408
3640 0.295367
3641 0.293492
3642 0.295059
3643 0.296486
3644 0.323037
3645 0.32424
3646 0.333193
3647 0.315539
3648 0.316518
3649 0.318925
3650 0.320463
3651 0.318561
3652 0.327094
3653 0.334033
3654 0.33034
3655 0.329081
3656 0.330536
3657 0.329808
3658 0.334257
3659 0.342314
3660 0.341727
3661 0.347658
3662 0.343825
3663 0.353897
3664 0.35373
3665 0.356136
3666 0.360612
3667 0.362291
3668 0.366572
3669 0.381036
3670 0.370489
3671 0.370321
3672 0.372055
3673 0.35801
3674 0.360584
3675 0.360808
3676 0.358961
3677 0.361116
3678 0.36355
3679 0.364277
3680 0.364193
3681 0.361256
3682 0.366348
3683 0.362878
3684 0.363802
3685 0.36092
3686 0.363074
3687 0.364641
3688 0.370544
3689 0.362095
3690 0.361675
3691 0.360025
3692 0.358402
3693 0.356499
3694 0.352974
3695 0.35247
3696 0.350484
3697 0.347155
3698 0.346539
3699 0.341671
3700 0.341699
3701 0.339377
3702 0.342063
3703 0.333949
3704 0.335068
3705 0.335208
3706 0.333781
3707 0.336411
3708 0.33034
3709 0.328437
3710 0.3194
3711 0.320547
3712 0.323065
3713 0.322254
3714 0.320883
3715 0.319876
3716 0.319736
3717 0.320239
3718 0.319736
3719 0.30183
3720 0.299284
3721 0.297801
3722 0.295059
3723 0.294499
3724 0.295982
3725 0.294695
3726 0.295451
3727 0.292457
3728 0.290331
3729 0.296318
3730 0.293464
3731 0.298137
3732 0.300487
3733 0.301382
3734 0.301606
3735 0.304823
3736 0.301858
3737 0.301102
3738 0.30348
3739 0.304068
3740 0.301746
3741 0.303592
3742 0.301494
3743 0.301494
3744 0.299368
3745 0.297605
3746 0.298808
3747 0.297241
3748 0.29436
3749 0.295003
3750 0.292429
3751 0.292009
3752 0.291226
3753 0.286274
3754 0.283812
3755 0.287001
3756 0.282133
3757 0.277237
3758 0.274047
3759 0.274831
3760 0.270074
3761 0.26792
3762 0.260366
3763 0.261541
3764 0.253455
3765 0.251413
3766 0.240837
3767 0.235857
3768 0.228611
3769 0.239074
3770 0.235605
3771 0.231241
3772 0.23138
3773 0.230485
3774 0.23001
3775 0.229394
3776 0.230177
3777 0.230681
3778 0.230149
3779 0.229702
3780 0.225225
3781 0.226372
3782 0.22405
3783 0.223491
3784 0.223491
3785 0.22363
3786 0.224806
3787 0.223826
3788 0.224274
3789 0.224274
3790 0.224134
3791 0.223658
3792 0.223854
3793 0.223295
3794 0.22738
3795 0.224694
3796 0.22405
3797 0.22405
3798 0.221056
3799 0.220245
3800 0.218091
3801 0.218091
3802 0.221364
3803 0.21949
3804 0.219686
3805 0.215237
3806 0.215992
3807 0.215209
3808 0.233423
3809 0.262408
3810 0.285546
3811 0.321163
3812 0.351631
3813 0.367635
3814 0.372307
3815 0.537491
3816 0.596609
3817 0.754295
3818 0.798305
3819 0.861312
3820 0.862711
3821 0.862711
3822 0.877735
3823 0.863886
3824 0.873706
3825 0.873706
3826 0.87379
3827 0.928124
3828 0.942896
3829 0.942896
3830 0.944603
3831 0.942784
3832 0.942728
3833 0.933468
3834 0.943036
3835 0.951542
3836 0.951542
3837 0.951318
3838 0.951318
3839 0.951318
3840 0.953416
3841 0.953416
3842 0.953416
3843 0.953556
3844 0.951849
3845 0.951849
3846 0.951905
3847 0.951905
3848 0.951905
3849 0.951933
3850 0.939315
3851 0.939343
3852 0.939343
3853 0.939343
3854 0.939343
3855 0.940182
3856 0.940182
3857 0.939791
3858 0.939595
3859 0.939595
3860 0.937664
3861 0.934167
3862 0.937832
3863 0.934223
3864 0.934195
3865 0.933887
3866 0.932628
3867 0.93316
3868 0.92818
3869 0.951318
3870 0.951234
3871 0.950786
3872 0.950786
3873 0.942477
3874 0.942477
3875 0.942477
3876 0.942085
3877 0.942477
3878 0.942561
3879 0.942645
3880 0.942505
3881 0.949947
3882 0.950031
3883 0.949919
3884 0.951905
3885 0.951877
3886 0.952353
3887 0.9535
3888 0.953696
3889 0.953024
3890 0.953696
3891 0.953976
3892 0.95308
3893 0.95308
3894 0.957025
3895 0.957249
3896 0.957137
3897 0.957109
3898 0.956606
3899 0.959404
3900 0.959124
3901 0.970679
3902 0.956774
3903 0.958648
3904 0.966678
3905 0.948016
3906 0.949107
3907 0.957333
3908 0.954339
3909 0.951626
3910 0.948492
3911 0.927424
3912 0.926361
3913 0.908595
3914 0.883666
3915 0.881008
3916 0.858094
3917 0.846343
3918 0.843853
3919 0.849309
3920 0.844105
3921 0.846511
3922 0.854317
3923 0.851659
3924 0.861955
3925 0.861591
3926 0.86092
3927 0.861507
3928 0.85082
3929 0.854065
3930 0.850848
3931 0.870544
3932 0.896201
3933 0.888339
3934 0.916765
3935 0.94645
3936 0.961334
3937 0.961474
3938 0.975855
3939 0.974959
3940 0.976554
3941 0.967461
3942 0.967825
3943 0.967741
3944 0.972162
3945 0.973561
3946 0.976778
3947 0.970455
3948 0.969839
3949 0.969532
3950 0.967293
3951 0.96665
3952 0.967853
3953 0.970175
3954 0.969951
3955 0.976638
3956 0.978429
3957 0.978093
3958 0.974232
3959 0.973616
3960 0.973616
3961 0.962901
3962 0.966902
3963 0.949891
3964 0.973197
3965 0.967657
3966 0.963013
3967 0.962873
3968 0.969364
3969 0.983605
3970 0.983745
3971 0.983745
3972 0.983745
3973 0.983577
3974 0.983577
3975 0.983717
3976 0.983745
3977 0.983577
3978 0.966846
3979 0.978401
3980 0.979604
3981 0.980191
3982 0.975267
3983 0.961754
3984 0.974232
3985 0.966398
3986 0.967853
3987 0.96609
3988 0.963796
3989 0.962761
3990 0.97675
3991 0.977002
3992 0.976274
3993 0.97426
3994 0.970091
3995 0.966902
3996 0.972357
3997 0.975575
3998 0.960495
3999 0.946254
4000 0.912176
4001 0.912988
4002 0.906832
4003 0.936098
4004 0.939875
4005 0.947093
4006 0.963992
4007 0.979072
4008 0.976722
4009 0.977813
4010 0.977366
4011 0.978317
4012 0.977533
4013 0.979296
4014 0.979576
4015 0.978541
4016 0.978737
4017 0.9798
4018 0.9798
4019 0.957501
4020 0.957613
4021 0.964524
4022 0.982625
4023 0.981087
4024 0.966118
4025 0.980947
4026 0.967349
4027 0.967153
4028 0.966566
4029 0.977449
4030 0.967098
4031 0.960131
4032 0.977589
4033 0.967377
4034 0.97163
4035 0.965671
4036 0.970763
4037 0.965866
4038 0.962957
4039 0.960103
4040 0.971098
4041 0.939371
4042 0.908287
4043 0.875916
4044 0.856751
4045 0.850792
4046 0.826786
4047 0.847015
4048 0.876979
4049 0.872839
4050 0.874629
4051 0.894074
4052 0.877707
4053 0.874266
4054 0.862263
4055 0.872251
4056 0.867131
4057 0.865201
4058 0.881456
4059 0.89718
4060 0.915841
4061 0.92292
4062 0.921661
4063 0.946673
4064 0.942617
4065 0.952745
4066 0.962033
4067 0.964943
4068 0.964859
4069 0.966482
4070 0.96637
4071 0.967993
4072 0.967825
4073 0.967797
4074 0.968021
4075 0.967993
4076 0.967937
4077 0.967517
4078 0.966286
4079 0.970707
4080 0.981031
4081 0.981031
4082 0.981031
4083 0.981031
4084 0.981031
4085 0.981031
4086 0.981059
4087 0.981115
4088 0.969783
4089 0.969028
4090 0.965978
4091 0.966706
4092 0.969839
4093 0.966874
4094 0.963572
4095 0.96332
4096 0.962929
4097 0.962761
4098 0.975743
4099 0.960998
4100 0.962425
4101 0.964915
4102 0.964663
4103 0.961586
4104 0.958676
4105 0.981143
4106 0.979968
4107 0.981814
4108 0.984024
4109 0.984024
4110 0.980667
4111 0.983801
4112 0.983465
4113 0.983689
4114 0.983465
4115 0.98159
4116 0.980779
4117 0.979688
4118 0.942617
4119 0.963768
4120 0.963824
4121 0.963628
4122 0.964132
4123 0.964076
4124 0.964076
4125 0.964076
4126 0.96332
4127 0.969616
4128 0.968888
4129 0.967237
4130 0.968664
4131 0.968664
4132 0.968468
4133 0.968748
4134 0.968133
4135 0.980275
4136 0.967993
4137 0.979548
4138 0.979576
4139 0.967014
4140 0.967042
4141 0.963097
4142 0.96388
4143 0.964859
4144 0.977981
4145 0.978792
4146 0.977366
4147 0.977394
4148 0.977533
4149 0.977533
4150 0.976526
4151 0.976526
4152 0.975827
4153 0.975631
4154 0.975267
4155 0.974568
4156 0.972889
4157 0.947653
4158 0.97135
4159 0.972889
4160 0.973113
4161 0.97205
4162 0.971098
4163 0.970175
4164 0.969392
4165 0.968664
4166 0.968524
4167 0.969224
4168 0.967741
4169 0.96195
4170 0.95904
4171 0.952577
4172 0.946478
4173 0.943596
4174 0.967265
4175 0.960103
4176 0.954563
4177 0.944939
4178 0.943036
4179 0.919087
4180 0.924571
4181 0.93523
4182 0.932936
4183 0.943372
4184 0.937832
4185 0.941889
4186 0.938392
4187 0.936937
4188 0.930306
4189 0.928711
4190 0.930558
4191 0.928208
4192 0.92983
4193 0.924626
4194 0.900537
4195 0.923535
4196 0.923116
4197 0.947401
4198 0.951933
4199 0.947988
4200 0.956326
4201 0.957165
4202 0.953892
4203 0.946338
4204 0.927648
4205 0.925186
4206 0.919115
4207 0.904538
4208 0.892787
4209 0.877427
4210 0.86299
4211 0.861647
4212 0.85303
4213 0.840524
4214 0.828969
4215 0.820267
4216 0.800823
4217 0.795255
4218 0.788344
4219 0.767724
4220 0.766493
4221 0.770634
4222 0.771305
4223 0.787421
4224 0.808237
4225 0.823429
4226 0.831739
4227 0.840832
4228 0.840887
4229 0.849673
4230 0.857898
4231 0.866236
4232 0.871384
4233 0.890381
4234 0.897544
4235 0.907
4236 0.937916
4237 0.945862
4238 0.95129
4239 0.962201
4240 0.970595
4241 0.970231
4242 0.96914
4243 0.962425
4244 0.891192
4245 0.89911
4246 0.898187
4247 0.892983
4248 0.847071
4249 0.833893
4250 0.831039
4251 0.823681
4252 0.818085
4253 0.812014
4254 0.797969
4255 0.780035
4256 0.776342
4257 0.765906
4258 0.762324
4259 0.754211
4260 0.745062
4261 0.756085
4262 0.761093
4263 0.774859
4264 0.776006
4265 0.769319
4266 0.784623
4267 0.791953
4268 0.795703
4269 0.825751
4270 0.853114
4271 0.8666
4272 0.893627
4273 0.904454
4274 0.904482
4275 0.922052
4276 0.937608
4277 0.947625
4278 0.957473
4279 0.968413
4280 0.970007
4281 0.976386
4282 0.977366
4283 0.975295
4284 0.967853
4285 0.960551
4286 0.966818
4287 0.966958
4288 0.966118
4289 0.954927
4290 0.96083
4291 0.959264
4292 0.956997
4293 0.95143
4294 0.944351
4295 0.945191
4296 0.943288
4297 0.942505
4298 0.940714
4299 0.936433
4300 0.937832
4301 0.939679
4302 0.924571
4303 0.916429
4304 0.914526
4305 0.908455
4306 0.913687
4307 0.903083
4308 0.890157
4309 0.875888
4310 0.869789
4311 0.850288
4312 0.829892
4313 0.823457
4314 0.815203
4315 0.795115
4316 0.795423
4317 0.768564
4318 0.763919
4319 0.730485
4320 0.740361
4321 0.757568
4322 0.751301
4323 0.735549
4324 0.723826
4325 0.720833
4326 0.72931
4327 0.716804
4328 0.704661
4329 0.690308
4330 0.675032
4331 0.68558
4332 0.658889
4333 0.664372
4334 0.666863
4335 0.685104
4336 0.685468
4337 0.689245
4338 0.698394
4339 0.707655
4340 0.712747
4341 0.717531
4342 0.72226
4343 0.732136
4344 0.754211
4345 0.782161
4346 0.793856
4347 0.804656
4348 0.816938
4349 0.825807
4350 0.822562
4351 0.827262
4352 0.825192
4353 0.838845
4354 0.837726
4355 0.845112
4356 0.843322
4357 0.835404
4358 0.832326
4359 0.813273
4360 0.798305
4361 0.805159
4362 0.796066
4363 0.784148
4364 0.771781
4365 0.77262
4366 0.773488
4367 0.773292
4368 0.780342
4369 0.750014
4370 0.753176
4371 0.782077
4372 0.787393
4373 0.784987
4374 0.781294
4375 0.765346
4376 0.757848
4377 0.768731
4378 0.781462
4379 0.765738
4380 0.777796
4381 0.781601
4382 0.780454
4383 0.780958
4384 0.789631
4385 0.788288
4386 0.801046
4387 0.816714
4388 0.818057
4389 0.82273
4390 0.825332
4391 0.82273
4392 0.81691
4393 0.825807
4394 0.812713
4395 0.821275
4396 0.832662
4397 0.827738
4398 0.843937
4399 0.857618
4400 0.849449
4401 0.857003
4402 0.851995
4403 0.847322
4404 0.866907
4405 0.853478
4406 0.851799
4407 0.863998
4408 0.888702
4409 0.884897
4410 0.900705
4411 0.908819
4412 0.904314
4413 0.900257
4414 0.884981
4415 0.895977
4416 0.896956
4417 0.899474
4418 0.913491
4419 0.945442
4420 0.94354
4421 0.945023
4422 0.929243
4423 0.918583
4424 0.917968
4425 0.910162
4426 0.895389
4427 0.892815
4428 0.887527
4429 0.874629
4430 0.865089
4431 0.855828
4432 0.827206
4433 0.796962
4434 0.72626
4435 0.690224
4436 0.668597
4437 0.632785
4438 0.621146
4439 0.614431
4440 0.634324
4441 0.645795
4442 0.646858
4443 0.656259
4444 0.647641
4445 0.654216
4446 0.674137
4447 0.694169
4448 0.70869
4449 0.735717
4450 0.767724
4451 0.774495
4452 0.777824
4453 0.766213
4454 0.764619
4455 0.732891
4456 0.743551
4457 0.744978
4458 0.742544
4459 0.73734
4460 0.733003
4461 0.730345
4462 0.74232
4463 0.750238
4464 0.776845
4465 0.775474
4466 0.777964
4467 0.778999
4468 0.771361
4469 0.780231
4470 0.770074
4471 0.784567
4472 0.796206
4473 0.79836
4474 0.817973
4475 0.824073
4476 0.805159
4477 0.808936
4478 0.782049
4479 0.767584
4480 0.751833
4481 0.730485
4482 0.684657
4483 0.648145
4484 0.636702
4485 0.601533
4486 0.569806
4487 0.553187
4488 0.549829
4489 0.552403
4490 0.570841
4491 0.589922
4492 0.574031
4493 0.573051
4494 0.566392
4495 0.596105
4496 0.601785
4497 0.570281
4498 0.550948
4499 0.551844
4500 0.53861
4501 0.540009
4502 0.522327
4503 0.503357
4504 0.519277
4505 0.531532
4506 0.537519
4507 0.519557
4508 0.505847
4509 0.52809
4510 0.571624
4511 0.568519
4512 0.606234
4513 0.590034
4514 0.598847
4515 0.620363
4516 0.650355
4517 0.669464
4518 0.678781
4519 0.684685
4520 0.695065
4521 0.699317
4522 0.720413
4523 0.720189
4524 0.737815
4525 0.741704
4526 0.736277
4527 0.743635
4528 0.792065
4529 0.80418
4530 0.83739
4531 0.876392
4532 0.885037
4533 0.916709
4534 0.9225
4535 0.933999
4536 0.925018
4537 0.938588
4538 0.938923
4539 0.936489
4540 0.960103
4541 0.952045
4542 0.975967
4543 0.98201
4544 0.966594
4545 0.968972
4546 0.986179
4547 0.996027
4548 1
4549 1
4550 1
4551 1
4552 0.993957
4553 0.988389
4554 0.973057
4555 0.945219
4556 0.931705
4557 0.888898
4558 0.84805
4559 0.824884
4560 0.766913
4561 0.714062
4562 0.681971
4563 0.661715
4564 0.57473
4565 0.571429
4566 0.556992
4567 0.591517
4568 0.591209
4569 0.559258
4570 0.581445
4571 0.620251
4572 0.677298
4573 0.716916
4574 0.743411
4575 0.768396
4576 0.758603
4577 0.755106
4578 0.76764
4579 0.72973
4580 0.715517
4581 0.70883
4582 0.72128
4583 0.716132
4584 0.73166
4585 0.706536
4586 0.710453
4587 0.686615
4588 0.670556
4589 0.67285
4590 0.710425
4591 0.748
4592 0.748531
4593 0.751133
4594 0.753679
4595 0.759023
4596 0.754574
4597 0.744167
4598 0.73664
4599 0.717056
4600 0.694813
4601 0.691092
4602 0.677326
4603 0.689553
4604 0.691092
4605 0.683146
4606 0.651978
4607 0.646522
4608 0.631778
4609 0.61902
4610 0.618796
4611 0.648537
4612 0.672346
4613 0.677466
4614 0.695848
4615 0.709278
4616 0.722819
4617 0.753287
4618 0.781014
4619 0.770634
4620 0.768899
4621 0.759974
4622 0.766969
4623 0.699541
4624 0.688881
4625 0.664932
4626 0.628784
4627 0.592636
4628 0.576772
4629 0.518662
4630 0.502518
4631 0.478009
4632 0.444659
4633 0.410609
4634 0.401908
4635 0.40202
4636 0.403195
4637 0.397935
4638 0.42541
4639 0.429719
4640 0.433691
4641 0.436182
4642 0.434139
4643 0.435538
4644 0.398998
4645 0.406189
4646 0.420849
4647 0.441889
4648 0.461222
4649 0.470035
4650 0.478653
4651 0.505568
4652 0.513625
4653 0.544877
4654 0.579962
4655 0.583851
4656 0.610542
4657 0.617733
4658 0.611326
4659 0.606849
4660 0.605366
4661 0.605562
4662 0.615271
4663 0.631302
4664 0.629567
4665 0.6752
4666 0.692015
4667 0.71644
4668 0.72889
4669 0.756785
4670 0.763024
4671 0.751833
4672 0.744978
4673 0.744139
4674 0.737396
4675 0.724722
4676 0.737396
4677 0.736696
4678 0.732891
4679 0.715405
4680 0.689441
4681 0.644704
4682 0.631022
4683 0.573751
4684 0.465615
4685 0.418583
4686 0.367859
4687 0.342342
4688 0.324212
4689 0.297913
4690 0.297997
4691 0.293464
4692 0.300431
4693 0.290163
4694 0.283616
4695 0.283672
4696 0.279671
4697 0.265066
4698 0.248531
4699 0.246545
4700 0.246713
4701 0.247636
4702 0.26045
4703 0.261793
4704 0.295786
4705 0.323205
4706 0.335152
4707 0.369901
4708 0.400901
4709 0.411533
4710 0.411085
4711 0.415673
4712 0.405741
4713 0.394997
4714 0.382687
4715 0.372587
4716 0.337502
4717 0.324772
4718 0.309552
4719 0.328213
4720 0.321303
4721 0.315119
4722 0.304823
4723 0.309244
4724 0.308936
4725 0.338397
4726 0.367663
4727 0.390465
4728 0.445191
4729 0.476694
4730 0.494376
4731 0.509597
4732 0.553578
4733 0.573723
4734 0.593671
4735 0.618152
4736 0.638856
4737 0.661323
4738 0.684013
4739 0.695596
4740 0.694757
4741 0.676795
4742 0.659113
4743 0.62344
4744 0.592888
4745 0.589279
4746 0.574059
4747 0.550976
4748 0.559426
4749 0.577892
4750 0.609227
4751 0.634324
4752 0.665436
4753 0.68502
4754 0.70108
4755 0.710537
4756 0.717223
4757 0.709362
4758 0.683286
4759 0.70925
4760 0.704269
4761 0.711768
4762 0.700241
4763 0.695177
4764 0.692323
4765 0.703318
4766 0.707459
4767 0.689385
4768 0.695736
4769 0.623552
4770 0.632505
4771 0.640507
4772 0.649152
4773 0.644956
4774 0.638157
4775 0.655363
4776 0.619691
4777 0.604667
4778 0.60061
4779 0.596637
4780 0.584466
4781 0.580522
4782 0.553271
4783 0.548067
4784 0.541072
4785 0.531392
4786 0.499916
4787 0.48229
4788 0.44368
4789 0.412484
4790 0.393571
4791 0.346315
4792 0.290135
4793 0.256197
4794 0.193582
4795 0.156902
4796 0.136478
4797 0.103548
4798 0.0742264
4799 0.060601
4800 0.0355884
4801 0.0133736
4802 0.000419674
4803 0
4804 0
4805 0
4806 0
4807 0
4808 0
4809 0
4810 0
4811 0
4812 0
4813 0
4814 0
4815 0
4816 0
4817 0
4818 0
4819 0
4820 0
4821 0
4822 0
4823 0
4824 0
4825 0
4826 0
4827 0
4828 0
4829 0
4830 0
4831 0
4832 0
4833 0
4834 0
4835 0
4836 0
4837 0
4838 0
4839 0
4840 0
4841 0
4842 0
4843 0
4844 0
4845 0
4846 0
4847 0
4848 0
4849 0
4850 0
4851 0
4852 0
4853 0
4854 0
4855 0
4856 0
4857 0
4858 0
4859 0
4860 0
4861 0
4862 0
4863 0
4864 0
4865 0
4866 0
4867 0
4868 0
4869 0
4870 0
4871 0
4872 0
4873 0
4874 0
4875 0
4876 0
4877 0
4878 0
4879 0
4880 0
4881 0
4882 0
4883 0
4884 0
4885 0
4886 0
4887 0
4888 0
4889 0
4890 0
4891 0
4892 0
4893 0
4894 0
4895 0
4896 0
4897 0
4898 0
4899 0
4900 0
4901 0
4902 0
4903 0
4904 0
4905 0
4906 0
4907 0
4908 0
4909 0
4910 0
4911 0
4912 0
4913 0
4914 0
4915 0
4916 0
4917 0
4918 0
4919 0
4920 0
4921 0
4922 0
4923 0
4924 0
4925 0
4926 0
4927 0
4928 0
4929 0
4930 0
4931 0
4932 0
4933 0
4934 0
4935 0
4936 0
4937 0
4938 0
4939 0
4940 0
4941 0
4942 0
4943 0.0190812
4944 0.0530468
4945 0.0732472
4946 0.112585
4947 0.150523
4948 0.16787
4949 0.183566
4950 0.193973
4951 0.194729
4952 0.193442
4953 0.183929
4954 0.181635
4955 0.177214
4956 0.175788
4957 0.182418
4958 0.20883
4959 0.262632
4960 0.281098
4961 0.323065
4962 0.357451
4963 0.360332
4964 0.358989
4965 0.340608
4966 0.331515
4967 0.317917
4968 0.292513
4969 0.290135
4970 0.278468
4971 0.275502
4972 0.273991
4973 0.266857
4974 0.258324
4975 0.252392
4976 0.215629
4977 0.179229
4978 0.163729
4979 0.127133
4980 0.0960495
4981 0.0801578
4982 0.051592
4983 0.0246209
4984 0.0131218
4985 0
4986 0
4987 0
4988 0
4989 0
4990 0
4991 0
4992 0
4993 0
4994 0
4995 0.0303005
4996 0.0492418
4997 0.0894746
4998 0.132281
4999 0.152426
5000 0.176515
5001 0.180376
5002 0.1806
5003 0.19126
5004 0.198338
5005 0.209362
5006 0.220245
5007 0.26834
5008 0.291953
5009 0.342426
5010 0.375804
5011 0.393207
5012 0.396368
5013 0.412764
5014 0.409966
5015 0.369201
5016 0.341363
5017 0.332662
5018 0.313553
5019 0.300962
5020 0.289491
5021 0.256393
5022 0.232556
5023 0.222651
5024 0.186251
5025 0.155056
5026 0.14227
5027 0.112725
5028 0.0845504
5029 0.0694701
5030 0.0441218
5031 0.0207039
5032 0.0108276
5033 0
5034 0
5035 0
5036 0
5037 0
5038 0
5039 0
5040 0
5041 0
5042 0
5043 0
5044 0
5045 0
5046 0
5047 0.00111913
5048 0.010296
5049 0.019361
5050 0.0285938
5051 0.0509485
5052 0.0658049
5053 0.0717084
5054 0.078647
5055 0.0862291
5056 0.0902859
5057 0.0893067
5058 0.0844944
5059 0.082424
5060 0.083795
5061 0.0727995
5062 0.0691903
5063 0.0583347
5064 0.0466118
5065 0.0385261
5066 0.0301886
5067 0.0181579
5068 0.014213
5069 0.00408483
5070 0.00111913
5071 0.000699457
5072 0.000699457
5073 0.024537
5074 0.0411281
5075 0.0763807
5076 0.133233
5077 0.166415
5078 0.205668
5079 0.22917
5080 0.23194
5081 0.256925
5082 0.277097
5083 0.26557
5084 0.297437
5085 0.299787
5086 0.297381
5087 0.311482
5088 0.329556
5089 0.329249
5090 0.308377
5091 0.287169
5092 0.271501
5093 0.260478
5094 0.275474
5095 0.280706
5096 0.34058
5097 0.385625
5098 0.398719
5099 0.423759
5100 0.455067
5101 0.46125
5102 0.459264
5103 0.436265
5104 0.425606
5105 0.398998
5106 0.373762
5107 0.344609
5108 0.311119
5109 0.293408
5110 0.31456
5111 0.330116
5112 0.333501
5113 0.329976
5114 0.34293
5115 0.384282
5116 0.382295
5117 0.397516
5118 0.393207
5119 0.388758
5120 0.376784
5121 0.363998
5122 0.347714
5123 0.304404
5124 0.227128
5125 0.203094
5126 0.147809
5127 0.101589
5128 0.0814168
5129 0.0390017
5130 0.00201444
5131 0.000699457
5132 0
5133 0
5134 0
5135 0
5136 0
5137 0
5138 0
5139 0
5140 0
5141 0
5142 0
5143 0
5144 0
5145 0
5146 0
5147 0
5148 0
5149 0
5150 0
5151 0
5152 0
5153 0
5154 0
5155 0
5156 0
5157 0
5158 0
5159 0
5160 0
5161 0
5162 0
5163 0
5164 0
5165 0
5166 0
5167 0
5168 0
5169 0
5170 0
5171 0
5172 0
5173 0
5174 0
5175 0
5176 0
5177 0
5178 0
5179 0
5180 0
5181 0
5182 0
5183 0
5184 0
5185 0
5186 0
5187 0
5188 0
5189 0
5190 0
5191 0
5192 0
5193 0
5194 0
5195 0
5196 0
5197 0
5198 0
5199 0
5200 0
5201 0
5202 0
5203 0
5204 0
5205 0
5206 0
5207 0
5208 0
5209 0
5210 0
5211 0
5212 0
5213 0
5214 0
5215 0
5216 0
5217 0
5218 0
5219 0
5220 0
5221 0
5222 0
5223 0
5224 0
5225 0
5226 0
5227 0
5228 0
5229 0
5230 0
5231 0
5232 0
5233 0
5234 0
5235 0
5236 0
5237 0
5238 0
5239 0
5240 0
5241 0
5242 0
5243 0
5244 0
5245 0
5246 0
5247 0
5248 0
5249 0
5250 0
5251 0
5252 0
5253 0
5254 0
5255 0
5256 0
5257 0
5258 0
5259 0
5260 0
5261 0
5262 0
5263 0
5264 0
5265 0
5266 0
5267 0
5268 0
5269 0
5270 0
5271 0
5272 0
5273 0
5274 0
5275 0
5276 0
5277 0
5278 0
5279 0
5280 0
5281 0
5282 0
5283 0
5284 0
5285 0
5286 0
5287 0
5288 0
5289 0
5290 0
5291 0
5292 0
5293 0
5294 0.00249007
5295 0
5296 0
5297 0
5298 0
5299 0
5300 0
5301 0
5302 0.000699457
5303 0.000699457
5304 0.000699457
5305 0.000699457
5306 0.000699457
5307 0.000699457
5308 0.000699457
5309 0.000699457
5310 0
5311 0
5312 0
5313 0
5314 0
5315 0
5316 0
5317 0
5318 0
5319 0.00484024
5320 0.00402887
5321 0.00268592
5322 0.00268592
5323 0.00268592
5324 0.00268592
5325 0.00268592
5326 0.00235018
5327 0.00114711
5328 0.000699457
5329 0.000699457
5330 0.000839349
5331 0.000699457
5332 0.000839349
5333 0.000699457
5334 0.000839349
5335 0.000839349
5336 0.000839349
5337 0.000839349
5338 0.000839349
5339 0.000839349
5340 0.000839349
5341 0.000839349
5342 0.000839349
5343 0.000839349
5344 0.00531587
5345 0.00531587
5346 0.00447653
5347 0.00433663
5348 0.00430866
5349 0.00302166
5350 0.00302166
5351 0.00472833
5352 0.00444855
5353 0.00299368
5354 0.000699457
5355 0.000699457
5356 0.000699457
5357 0.000699457
5358 0.000699457
5359 0.000699457
5360 0.000699457
5361 0.000699457
5362 0
5363 0
5364 0
5365 0
5366 0
5367 0
5368 0
5369 0
5370 0
5371 0
5372 0
5373 0
5374 0
5375 0
5376 0
5377 0
5378 0.0010352
5379 0.0010352
5380 0.002574
5381 0.00447653
5382 0.00562364
5383 0.00539981
5384 0.00590342
5385 0.00755414
5386 0.00741425
5387 0.00665883
5388 0.00363718
5389 0.00139891
5390 0.000923284
5391 0
5392 0
5393 0
5394 0.00134296
5395 0.00111913
5396 0.00111913
5397 0.00162274
5398 0.00097924
5399 0.00097924
5400 0.00097924
5401 0.00142689
5402 0.00142689
5403 0.00142689
5404 0.00212635
5405 0
5406 0
5407 0
5408 0
5409 0
5410 0
5411 0
5412 0
5413 0
5414 0
5415 0
5416 0
5417 0
5418 0
5419 0.00097924
5420 0.00097924
5421 0.00097924
5422 0.00332942
5423 0.0040009
5424 0.00626714
5425 0.0108836
5426 0.0111074
5427 0.0138213
5428 0.0169828
5429 0.0162274
5430 0.0190812
5431 0.0214593
5432 0.0252924
5433 0.0308041
5434 0.0367075
5435 0.0384981
5436 0.0455207
5437 0.0497454
5438 0.052879
5439 0.0570198
5440 0.0584746
5441 0.0616362
5442 0.0660567
5443 0.0674557
5444 0.0678474
5445 0.0704773
5446 0.0746181
5447 0.0732472
5448 0.0740306
5449 0.0765206
5450 0.0801858
5451 0.0826758
5452 0.0792905
5453 0.0822002
5454 0.0826199
5455 0.0856415
5456 0.0864249
5457 0.0883275
5458 0.0881876
5459 0.0897544
5460 0.0903699
5461 0.0896145
5462 0.0978681
5463 0.0961614
5464 0.0961614
5465 0.0952381
5466 0.0948464
5467 0.0909574
5468 0.0919646
5469 0.10268
5470 0.103604
5471 0.0995468
5472 0.0985675
5473 0.100218
5474 0.101645
5475 0.101785
5476 0.103911
5477 0.103352
5478 0.104303
5479 0.103016
5480 0.104079
5481 0.103827
5482 0.111913
5483 0.11057
5484 0.115159
5485 0.112725
5486 0.112585
5487 0.114179
5488 0.112864
5489 0.11541
5490 0.115215
5491 0.115075
5492 0.11348
5493 0.113872
5494 0.129232
5495 0.12828
5496 0.131498
5497 0.135555
5498 0.13396
5499 0.134268
5500 0.136562
5501 0.136226
5502 0.136058
5503 0.135723
5504 0.13631
5505 0.136926
5506 0.137066
5507 0.138129
5508 0.138185
5509 0.138185
5510 0.138185
5511 0.138241
5512 0.138241
5513 0.138241
5514 0.138409
5515 0.138688
5516 0.138688
5517 0.138548
5518 0.138548
5519 0.157909
5520 0.152482
5521 0.154384
5522 0.153293
5523 0.152733
5524 0.153657
5525 0.153629
5526 0.152678
5527 0.153517
5528 0.153041
5529 0.153013
5530 0.154048
5531 0.153629
5532 0.153769
5533 0.154748
5534 0.156091
5535 0.157322
5536 0.159644
5537 0.157126
5538 0.156511
5539 0.161267
5540 0.162582
5541 0.161323
5542 0.160847
5543 0.160232
5544 0.186419
5545 0.183901
5546 0.183957
5547 0.178557
5548 0.175536
5549 0.173801
5550 0.166275
5551 0.163869
5552 0.163281
5553 0.163197
5554 0.162526
5555 0.160623
5556 0.159364
5557 0.158581
5558 0.157937
5559 0.157574
5560 0.157182
5561 0.158161
5562 0.160931
5563 0.162694
5564 0.160595
5565 0.157042
5566 0.157098
5567 0.156594
5568 0.156846
5569 0.171003
5570 0.170584
5571 0.172038
5572 0.172794
5573 0.171675
5574 0.170779
5575 0.169716
5576 0.169269
5577 0.169353
5578 0.170584
5579 0.167814
5580 0.166135
5581 0.163953
5582 0.160288
5583 0.163589
5584 0.163449
5585 0.163869
5586 0.16289
5587 0.163002
5588 0.163897
5589 0.163002
5590 0.167618
5591 0.171759
5592 0.171199
5593 0.169884
5594 0.205193
5595 0.202031
5596 0.2008
5597 0.201276
5598 0.202031
5599 0.200464
5600 0.200716
5601 0.201472
5602 0.200381
5603 0.200325
5604 0.199373
5605 0.201891
5606 0.202507
5607 0.20164
5608 0.200604
5609 0.201276
5610 0.200996
5611 0.200604
5612 0.199905
5613 0.19831
5614 0.199625
5615 0.199821
5616 0.199345
5617 0.197751
5618 0.196743
5619 0.218063
5620 0.219853
5621 0.217139
5622 0.217895
5623 0.21686
5624 0.218734
5625 0.218482
5626 0.218958
5627 0.218399
5628 0.219546
5629 0.218063
5630 0.217056
5631 0.215741
5632 0.214761
5633 0.21451
5634 0.211124
5635 0.21851
5636 0.223015
5637 0.225001
5638 0.232779
5639 0.238151
5640 0.235689
5641 0.24523
5642 0.263611
5643 0.27374
5644 0.485479
5645 0.481646
5646 0.488473
5647 0.502294
5648 0.489172
5649 0.527335
5650 0.525488
5651 0.52837
5652 0.61348
5653 0.642941
5654 0.654832
5655 0.747328
5656 0.730457
5657 0.755526
5658 0.749287
5659 0.745929
5660 0.780678
5661 0.836187
5662 0.810699
5663 0.803033
5664 0.791338
5665 0.779895
5666 0.812042
5667 0.804572
5668 0.825807
5669 0.81123
5670 0.798696
5671 0.801102
5672 0.792513
5673 0.801074
5674 0.788736
5675 0.787589
5676 0.80639
5677 0.800487
5678 0.771026
5679 0.824912
5680 0.814168
5681 0.816155
5682 0.813944
5683 0.829332
5684 0.821834
5685 0.809971
5686 0.805999
5687 0.819764
5688 0.846903
5689 0.834285
5690 0.866823
5691 0.836831
5692 0.865285
5693 0.859549
5694 0.961474
5695 0.962985
5696 0.961054
5697 0.926585
5698 0.951737
5699 0.942421
5700 0.990823
5701 0.99239
5702 0.995747
5703 0.998713
5704 0.999468
5705 1
5706 1
5707 1
5708 1
5709 1
5710 1
5711 1
5712 1
5713 1
5714 1
5715 1
5716 1
5717 1
5718 1
5719 1
5720 1
5721 1
5722 1
5723 1
5724 1
5725 1
5726 1
5727 1
5728 1
5729 1
5730 1
5731 1
5732 1
5733 1
5734 1
5735 1
5736 1
7 , runtime: 392
