0 0.138955
1 0.124686
2 0.117299
3 0.10369
4 0.0909605
5 0.0853187
6 0.0758109
7 0.0703263
8 0.0660517
9 0.0646687
10 0.0666017
11 0.0676546
12 0.0690847
13 0.0699962
14 0.070342
15 0.0714578
16 0.0718192
17 0.0718978
18 0.0724635
19 0.0733122
20 0.0734536
21 0.0736265
22 0.0735008
23 0.0736265
24 0.0736893
25 0.0737208
26 0.0737993
27 0.0739565
28 0.0739565
29 0.0734222
30 0.0734222
31 0.0734222
32 0.0734536
33 0.0734693
34 0.0734379
35 0.0733907
36 0.0734222
37 0.0734536
38 0.0734536
39 0.0733593
40 0.0732179
41 0.0730136
42 0.0730136
43 0.0729036
44 0.0742237
45 0.0745851
46 0.0739722
47 0.0734065
48 0.0734065
49 0.0733907
50 0.0733907
51 0.0755595
52 0.0789854
53 0.0802898
54 0.0831814
55 0.0856959
56 0.0867174
57 0.0884775
58 0.0903005
59 0.0920449
60 0.0926421
61 0.0947794
62 0.0948265
63 0.0978124
64 0.0986139
65 0.100107
66 0.102071
67 0.103376
68 0.104146
69 0.106314
70 0.110526
71 0.113213
72 0.117661
73 0.122721
74 0.124811
75 0.129165
76 0.131522
77 0.133266
78 0.137101
79 0.145886
80 0.147756
81 0.151606
82 0.156132
83 0.16036
84 0.16355
85 0.169569
86 0.170842
87 0.171565
88 0.167541
89 0.166426
90 0.162497
91 0.158285
92 0.157279
93 0.152078
94 0.154906
95 0.153602
96 0.156934
97 0.156635
98 0.157232
99 0.160124
100 0.160658
101 0.160124
102 0.161302
103 0.161523
104 0.161114
105 0.158049
106 0.154246
107 0.151323
108 0.148542
109 0.145383
110 0.146247
111 0.146059
112 0.142664
113 0.140574
114 0.142145
115 0.141737
116 0.141313
117 0.141297
118 0.141077
119 0.13971
120 0.141721
121 0.142035
122 0.141847
123 0.144471
124 0.143591
125 0.144518
126 0.1451
127 0.14565
128 0.149815
129 0.151889
130 0.157625
131 0.159935
132 0.164194
133 0.168924
134 0.171517
135 0.177772
136 0.180287
137 0.183728
138 0.189009
139 0.194776
140 0.196395
141 0.19212
142 0.192152
143 0.190989
144 0.185818
145 0.185096
146 0.18673
147 0.185284
148 0.183005
149 0.182424
150 0.183053
151 0.182125
152 0.182833
153 0.184215
154 0.184105
155 0.18277
156 0.184263
157 0.182738
158 0.18211
159 0.177332
160 0.176122
161 0.175195
162 0.172476
163 0.174896
164 0.174001
165 0.172555
166 0.172225
167 0.172429
168 0.171863
169 0.165074
170 0.164053
171 0.163047
172 0.163157
173 0.16179
174 0.161067
175 0.159731
176 0.159605
177 0.158254
178 0.157641
179 0.157389
180 0.158882
181 0.157232
182 0.157452
183 0.156446
184 0.154781
185 0.154576
186 0.152659
187 0.150616
188 0.150003
189 0.148322
190 0.146514
191 0.144927
192 0.142994
193 0.1418
194 0.141847
195 0.141061
196 0.140888
197 0.141658
198 0.140291
199 0.139128
200 0.138562
201 0.137211
202 0.135372
203 0.135309
204 0.135152
205 0.134508
206 0.134681
207 0.134901
208 0.134712
209 0.134524
210 0.134665
211 0.134712
212 0.135199
213 0.134964
214 0.135498
215 0.136236
216 0.135718
217 0.135828
218 0.136252
219 0.137368
220 0.137729
221 0.136425
222 0.136142
223 0.135906
224 0.135781
225 0.135514
226 0.135828
227 0.136268
228 0.135765
229 0.136755
230 0.137368
231 0.137714
232 0.138374
233 0.138374
234 0.139364
235 0.139882
236 0.139694
237 0.138657
238 0.136881
239 0.134901
240 0.138688
241 0.147017
242 0.148007
243 0.148934
244 0.147614
245 0.149186
246 0.147976
247 0.143874
248 0.141077
249 0.139992
250 0.14257
251 0.143968
252 0.14543
253 0.145399
254 0.145147
255 0.147394
256 0.148306
257 0.14851
258 0.150522
259 0.151606
260 0.151873
261 0.151559
262 0.152109
263 0.151622
264 0.152062
265 0.151166
266 0.150695
267 0.149877
268 0.150977
269 0.14906
270 0.149877
271 0.150019
272 0.149893
273 0.149626
274 0.148636
275 0.147489
276 0.14378
277 0.138798
278 0.135498
279 0.133848
280 0.133801
281 0.136016
282 0.139238
283 0.136755
284 0.135608
285 0.134366
286 0.137745
287 0.136928
288 0.137148
289 0.134162
290 0.134005
291 0.134021
292 0.133628
293 0.133706
294 0.133848
295 0.134335
296 0.134099
297 0.134303
298 0.133863
299 0.133926
300 0.133926
301 0.133942
302 0.133628
303 0.134241
304 0.134131
305 0.134162
306 0.133596
307 0.133423
308 0.133455
309 0.133628
310 0.133942
311 0.134539
312 0.134382
313 0.134602
314 0.134932
315 0.135089
316 0.135042
317 0.135231
318 0.134901
319 0.135545
320 0.135576
321 0.133816
322 0.133125
323 0.132873
324 0.132873
325 0.133266
326 0.132968
327 0.132936
328 0.133141
329 0.133203
330 0.132811
331 0.132889
332 0.132889
333 0.133675
334 0.133785
335 0.133848
336 0.133973
337 0.133769
338 0.133848
339 0.133801
340 0.134021
341 0.134241
342 0.134131
343 0.134272
344 0.137242
345 0.137855
346 0.136802
347 0.137462
348 0.136582
349 0.136551
350 0.136771
351 0.136598
352 0.137305
353 0.135828
354 0.135954
355 0.135246
356 0.134759
357 0.134791
358 0.135435
359 0.135561
360 0.135781
361 0.136409
362 0.136331
363 0.136016
364 0.135592
365 0.135671
366 0.135639
367 0.135262
368 0.135419
369 0.136016
370 0.135074
371 0.135388
372 0.135042
373 0.134288
374 0.134021
375 0.134649
376 0.134476
377 0.134539
378 0.133926
379 0.134382
380 0.134539
381 0.135341
382 0.135278
383 0.135529
384 0.135561
385 0.135796
386 0.135781
387 0.135859
388 0.136174
389 0.136158
390 0.136268
391 0.136346
392 0.136409
393 0.136142
394 0.136441
395 0.136346
396 0.137289
397 0.137588
398 0.137619
399 0.137431
400 0.137619
401 0.137557
402 0.138107
403 0.137588
404 0.137792
405 0.138185
406 0.138201
407 0.137997
408 0.137337
409 0.137478
410 0.137855
411 0.138452
412 0.138311
413 0.138374
414 0.137132
415 0.136755
416 0.136991
417 0.137195
418 0.137745
419 0.140731
420 0.139961
421 0.139442
422 0.137934
423 0.139018
424 0.138547
425 0.138735
426 0.140118
427 0.14048
428 0.141093
429 0.13916
430 0.137871
431 0.137839
432 0.137635
433 0.137164
434 0.136064
435 0.135985
436 0.136032
437 0.135781
438 0.136771
439 0.136205
440 0.136425
441 0.136787
442 0.137179
443 0.137085
444 0.140354
445 0.138389
446 0.139505
447 0.140055
448 0.14026
449 0.141187
450 0.141863
451 0.142334
452 0.142318
453 0.144078
454 0.147819
455 0.14851
456 0.150805
457 0.155173
458 0.156556
459 0.161334
460 0.164823
461 0.166159
462 0.170402
463 0.173356
464 0.173513
465 0.178464
466 0.180098
467 0.180805
468 0.18123
469 0.183823
470 0.184451
471 0.18695
472 0.188757
473 0.191146
474 0.194635
475 0.196505
476 0.197008
477 0.198328
478 0.199444
479 0.199522
480 0.202932
481 0.204064
482 0.202791
483 0.20562
484 0.206233
485 0.207081
486 0.20947
487 0.21079
488 0.211859
489 0.212315
490 0.21365
491 0.213509
492 0.214342
493 0.215253
494 0.218302
495 0.219386
496 0.220392
497 0.216416
498 0.221272
499 0.223017
500 0.219151
501 0.219669
502 0.219496
503 0.219182
504 0.223127
505 0.222231
506 0.221917
507 0.222262
508 0.222765
509 0.222498
510 0.22242
511 0.22231
512 0.222247
513 0.223708
514 0.223504
515 0.223504
516 0.223441
517 0.218946
518 0.219198
519 0.225264
520 0.22528
521 0.225625
522 0.225468
523 0.22605
524 0.22726
525 0.227323
526 0.226584
527 0.226977
528 0.226741
529 0.226961
530 0.227511
531 0.227464
532 0.227008
533 0.227307
534 0.226961
535 0.226836
536 0.22726
537 0.227794
538 0.22869
539 0.228156
540 0.229004
541 0.23034
542 0.231079
543 0.232069
544 0.23133
545 0.232666
546 0.231142
547 0.230167
548 0.23045
549 0.230717
550 0.230639
551 0.230969
552 0.23056
553 0.230403
554 0.23045
555 0.23089
556 0.232949
557 0.232949
558 0.233499
559 0.2343
560 0.235228
561 0.237271
562 0.238559
563 0.239376
564 0.238418
565 0.238339
566 0.237852
567 0.237899
568 0.237333
569 0.235998
570 0.234898
571 0.235102
572 0.234678
573 0.235228
574 0.236611
575 0.235699
576 0.232289
577 0.230592
578 0.231032
579 0.232446
580 0.233075
581 0.232305
582 0.233169
583 0.228627
584 0.229004
585 0.226333
586 0.225185
587 0.224761
588 0.223692
589 0.224588
590 0.224133
591 0.221602
592 0.218836
593 0.217925
594 0.215976
595 0.214483
596 0.215929
597 0.216982
598 0.217359
599 0.216589
600 0.214892
601 0.213996
602 0.212849
603 0.211309
604 0.211765
605 0.211136
606 0.212189
607 0.212315
608 0.212283
609 0.212
610 0.211466
611 0.211356
612 0.21134
613 0.212189
614 0.213085
615 0.214342
616 0.214373
617 0.214263
618 0.21321
619 0.216825
620 0.21365
621 0.213415
622 0.213933
623 0.213462
624 0.215112
625 0.21475
626 0.214782
627 0.214389
628 0.214468
629 0.214829
630 0.215143
631 0.214955
632 0.214829
633 0.214782
634 0.213855
635 0.213556
636 0.213195
637 0.21365
638 0.212205
639 0.212707
640 0.20947
641 0.210162
642 0.209014
643 0.208936
644 0.214562
645 0.215128
646 0.215913
647 0.216668
648 0.218978
649 0.219701
650 0.218145
651 0.219135
652 0.218836
653 0.219151
654 0.218962
655 0.220534
656 0.221524
657 0.220644
658 0.219779
659 0.218962
660 0.219386
661 0.220565
662 0.219937
663 0.221477
664 0.220361
665 0.219229
666 0.218334
667 0.218695
668 0.219308
669 0.217611
670 0.214766
671 0.216086
672 0.214845
673 0.212896
674 0.214216
675 0.216023
676 0.216605
677 0.216181
678 0.214436
679 0.214782
680 0.216133
681 0.216432
682 0.216291
683 0.216023
684 0.216432
685 0.216385
686 0.215678
687 0.215772
688 0.216589
689 0.217061
690 0.216086
691 0.215756
692 0.215709
693 0.216605
694 0.219072
695 0.218978
696 0.220015
697 0.218302
698 0.219371
699 0.217532
700 0.218805
701 0.218176
702 0.218726
703 0.219386
704 0.219245
705 0.220628
706 0.219716
707 0.219308
708 0.219308
709 0.220487
710 0.221791
711 0.224525
712 0.222042
713 0.221257
714 0.224588
715 0.22616
716 0.22759
717 0.229696
718 0.229916
719 0.2511
720 0.248303
721 0.248397
722 0.249387
723 0.251069
724 0.251132
725 0.252326
726 0.253536
727 0.253756
728 0.252782
729 0.251304
730 0.251902
731 0.255642
732 0.258706
733 0.258361
734 0.259602
735 0.257716
736 0.263657
737 0.269613
738 0.271609
739 0.271373
740 0.274485
741 0.273196
742 0.273494
743 0.272834
744 0.289933
745 0.301138
746 0.308555
747 0.314496
748 0.311793
749 0.313804
750 0.308681
751 0.313962
752 0.317953
753 0.320358
754 0.323909
755 0.323956
756 0.31547
757 0.309671
758 0.307345
759 0.312909
760 0.323564
761 0.327917
762 0.324428
763 0.324569
764 0.318865
765 0.310048
766 0.317859
767 0.323784
768 0.331767
769 0.362821
770 0.361956
771 0.357619
772 0.351506
773 0.34709
774 0.356456
775 0.35567
776 0.355214
777 0.35578
778 0.343176
779 0.341841
780 0.340269
781 0.35006
782 0.355073
783 0.357053
784 0.355136
785 0.349007
786 0.343538
787 0.344135
788 0.342768
789 0.346351
790 0.35127
791 0.351977
792 0.347121
793 0.340206
794 0.333354
795 0.330101
796 0.335602
797 0.338037
798 0.340772
799 0.341951
800 0.337959
801 0.335649
802 0.334297
803 0.328891
804 0.33029
805 0.32864
806 0.328341
807 0.329111
808 0.32985
809 0.331783
810 0.336246
811 0.339043
812 0.344056
813 0.350594
814 0.350704
815 0.353297
816 0.355953
817 0.359426
818 0.361045
819 0.391297
820 0.389222
821 0.389851
822 0.398243
823 0.431198
824 0.432848
825 0.443425
826 0.464138
827 0.472467
828 0.478989
829 0.489596
830 0.496731
831 0.499764
832 0.508518
833 0.512525
834 0.51504
835 0.514128
836 0.517255
837 0.508313
838 0.509681
839 0.510608
840 0.511111
841 0.510199
842 0.508533
843 0.509822
844 0.552301
845 0.550289
846 0.552442
847 0.541976
848 0.541693
849 0.540498
850 0.535438
851 0.529922
852 0.531478
853 0.531054
854 0.528445
855 0.522646
856 0.52219
857 0.529309
858 0.530598
859 0.535878
860 0.532091
861 0.533835
862 0.52318
863 0.521671
864 0.52406
865 0.520037
866 0.520681
867 0.522442
868 0.522489
869 0.535768
870 0.537183
871 0.534637
872 0.534762
873 0.533647
874 0.535815
875 0.528775
876 0.526889
877 0.525035
878 0.517004
879 0.60578
880 0.603533
881 0.60512
882 0.601773
883 0.603281
884 0.599871
885 0.598284
886 0.596822
887 0.597844
888 0.584894
889 0.586403
890 0.588493
891 0.579834
892 0.579143
893 0.568
894 0.562249
895 0.545496
896 0.54163
897 0.543579
898 0.549943
899 0.547099
900 0.547382
901 0.550085
902 0.551169
903 0.550085
904 0.540011
905 0.532295
906 0.536915
907 0.536727
908 0.537654
909 0.536743
910 0.536664
911 0.533207
912 0.523164
913 0.525349
914 0.522772
915 0.5223
916 0.522064
917 0.519911
918 0.517648
919 0.51834
920 0.519016
921 0.526559
922 0.525286
923 0.525176
924 0.526292
925 0.526182
926 0.526795
927 0.527659
928 0.531698
929 0.557298
930 0.559278
931 0.556465
932 0.557895
933 0.561211
934 0.56415
935 0.568456
936 0.563537
937 0.563742
938 0.56756
939 0.572526
940 0.564747
941 0.561871
942 0.558681
943 0.565344
944 0.563789
945 0.564622
946 0.563899
947 0.562359
948 0.559656
949 0.565046
950 0.549566
951 0.545512
952 0.547649
953 0.546612
954 0.606896
955 0.641093
956 0.603407
957 0.595502
958 0.592909
959 0.582773
960 0.584533
961 0.573894
962 0.558335
963 0.560866
964 0.554218
965 0.555114
966 0.553369
967 0.555051
968 0.552804
969 0.547005
970 0.544019
971 0.533725
972 0.540404
973 0.53976
974 0.538628
975 0.537827
976 0.541709
977 0.536491
978 0.533222
979 0.515432
980 0.517774
981 0.506113
982 0.507701
983 0.510451
984 0.508156
985 0.505453
986 0.505532
987 0.501493
988 0.499733
989 0.499356
990 0.502279
991 0.501116
992 0.501132
993 0.50363
994 0.503159
995 0.500644
996 0.498161
997 0.49879
998 0.499293
999 0.49758
1000 0.501021
1001 0.500141
1002 0.500173
1003 0.500094
1004 0.514741
1005 0.520446
1006 0.520241
1007 0.52142
1008 0.521137
1009 0.514427
1010 0.495113
1011 0.492189
1012 0.497831
1013 0.495474
1014 0.495254
1015 0.495553
1016 0.491278
1017 0.493494
1018 0.495065
1019 0.494358
1020 0.497266
1021 0.491168
1022 0.492315
1023 0.492567
1024 0.487648
1025 0.487663
1026 0.489282
1027 0.488371
1028 0.488166
1029 0.485369
1030 0.486422
1031 0.48529
1032 0.486941
1033 0.486988
1034 0.484945
1035 0.507465
1036 0.506993
1037 0.509303
1038 0.508675
1039 0.507732
1040 0.507858
1041 0.506396
1042 0.506129
1043 0.504825
1044 0.503929
1045 0.504102
1046 0.503819
1047 0.503096
1048 0.502232
1049 0.500251
1050 0.500864
1051 0.500173
1052 0.499686
1053 0.500503
1054 0.5022
1055 0.50044
1056 0.501132
1057 0.500267
1058 0.50154
1059 0.500739
1060 0.509524
1061 0.509146
1062 0.510388
1063 0.507858
1064 0.507842
1065 0.504573
1066 0.503646
1067 0.503662
1068 0.50132
1069 0.499937
1070 0.5011
1071 0.492409
1072 0.482587
1073 0.486108
1074 0.483232
1075 0.482273
1076 0.484536
1077 0.489738
1078 0.488606
1079 0.488088
1080 0.488622
1081 0.491325
1082 0.493557
1083 0.497156
1084 0.500691
1085 0.525317
1086 0.52483
1087 0.517806
1088 0.513138
1089 0.509791
1090 0.512447
1091 0.52659
1092 0.528539
1093 0.536868
1094 0.537905
1095 0.524799
1096 0.52659
1097 0.531211
1098 0.526983
1099 0.529262
1100 0.522473
1101 0.511032
1102 0.510278
1103 0.499214
1104 0.512902
1105 0.510671
1106 0.51383
1107 0.513169
1108 0.510781
1109 0.504683
1110 0.527266
1111 0.5245
1112 0.526402
1113 0.520304
1114 0.51372
1115 0.514552
1116 0.516218
1117 0.515747
1118 0.511111
1119 0.509209
1120 0.50715
1121 0.501163
1122 0.500739
1123 0.502216
1124 0.501336
1125 0.503064
1126 0.504589
1127 0.506758
1128 0.511409
1129 0.51746
1130 0.535218
1131 0.528523
1132 0.534684
1133 0.543563
1134 0.542431
1135 0.575937
1136 0.572369
1137 0.572951
1138 0.577917
1139 0.576832
1140 0.595879
1141 0.584297
1142 0.580101
1143 0.564763
1144 0.562217
1145 0.567906
1146 0.53976
1147 0.540058
1148 0.539713
1149 0.521153
1150 0.519377
1151 0.510388
1152 0.501807
1153 0.499497
1154 0.482697
1155 0.489644
1156 0.479806
1157 0.482383
1158 0.485432
1159 0.487176
1160 0.463053
1161 0.468129
1162 0.45991
1163 0.456736
1164 0.450057
1165 0.451628
1166 0.472278
1167 0.467469
1168 0.475217
1169 0.471319
1170 0.474667
1171 0.47319
1172 0.47638
1173 0.474573
1174 0.472514
1175 0.462032
1176 0.463163
1177 0.463336
1178 0.468224
1179 0.467375
1180 0.467972
1181 0.476537
1182 0.490618
1183 0.500471
1184 0.497218
1185 0.552835
1186 0.56437
1187 0.565297
1188 0.567686
1189 0.561761
1190 0.559891
1191 0.556025
1192 0.554218
1193 0.557958
1194 0.5636
1195 0.56393
1196 0.571882
1197 0.58249
1198 0.589043
1199 0.600327
1200 0.594308
1201 0.602951
1202 0.60446
1203 0.609756
1204 0.596838
1205 0.570892
1206 0.559938
1207 0.560803
1208 0.551342
1209 0.548843
1210 0.553542
1211 0.54581
1212 0.564763
1213 0.559954
1214 0.553479
1215 0.55689
1216 0.556135
1217 0.551311
1218 0.561746
1219 0.56701
1220 0.577052
1221 0.575057
1222 0.574522
1223 0.580981
1224 0.583276
1225 0.578137
1226 0.590725
1227 0.580981
1228 0.580337
1229 0.579064
1230 0.583056
1231 0.582144
1232 0.567419
1233 0.56569
1234 0.567859
1235 0.542824
1236 0.540231
1237 0.548513
1238 0.541394
1239 0.535092
1240 0.537513
1241 0.538204
1242 0.543076
1243 0.545606
1244 0.552411
1245 0.54779
1246 0.56074
1247 0.563679
1248 0.551546
1249 0.545826
1250 0.549676
1251 0.544962
1252 0.546109
1253 0.547885
1254 0.552804
1255 0.54658
1256 0.551169
1257 0.550776
1258 0.540624
1259 0.54163
1260 0.556764
1261 0.555711
1262 0.564072
1263 0.573391
1264 0.569635
1265 0.58128
1266 0.559436
1267 0.556764
1268 0.563301
1269 0.5479
1270 0.54724
1271 0.551594
1272 0.540043
1273 0.540939
1274 0.533568
1275 0.524107
1276 0.526748
1277 0.520367
1278 0.510482
1279 0.511834
1280 0.511488
1281 0.510859
1282 0.508753
1283 0.506773
1284 0.502797
1285 0.52637
1286 0.523793
1287 0.52461
1288 0.519393
1289 0.518513
1290 0.515778
1291 0.507968
1292 0.506569
1293 0.508753
1294 0.509806
1295 0.512918
1296 0.497281
1297 0.492519
1298 0.495867
1299 0.499953
1300 0.501367
1301 0.507858
1302 0.518937
1303 0.514285
1304 0.51889
1305 0.519393
1306 0.510105
1307 0.503426
1308 0.503237
1309 0.50429
1310 0.522819
1311 0.515244
1312 0.498538
1313 0.502907
1314 0.500189
1315 0.498067
1316 0.491514
1317 0.492457
1318 0.488072
1319 0.489549
1320 0.492881
1321 0.488025
1322 0.475641
1323 0.476238
1324 0.471822
1325 0.461309
1326 0.466479
1327 0.462346
1328 0.46464
1329 0.468994
1330 0.460884
1331 0.452791
1332 0.454803
1333 0.455274
1334 0.454127
1335 0.448312
1336 0.439967
1337 0.432675
1338 0.435331
1339 0.433053
1340 0.428778
1341 0.428417
1342 0.428652
1343 0.426971
1344 0.428747
1345 0.427725
1346 0.431292
1347 0.429312
1348 0.428747
1349 0.430129
1350 0.432408
1351 0.434058
1352 0.429548
1353 0.430365
1354 0.428935
1355 0.428605
1356 0.429674
1357 0.432723
1358 0.431214
1359 0.433335
1360 0.451047
1361 0.452288
1362 0.450465
1363 0.453797
1364 0.453137
1365 0.45364
1366 0.454001
1367 0.456908
1368 0.46101
1369 0.460319
1370 0.461324
1371 0.46024
1372 0.460114
1373 0.465866
1374 0.46497
1375 0.466715
1376 0.463556
1377 0.456531
1378 0.456877
1379 0.459942
1380 0.461073
1381 0.460963
1382 0.460287
1383 0.464342
1384 0.466903
1385 0.439543
1386 0.439889
1387 0.440989
1388 0.443708
1389 0.443189
1390 0.446756
1391 0.448312
1392 0.450732
1393 0.448532
1394 0.453655
1395 0.454237
1396 0.457081
1397 0.457804
1398 0.457851
1399 0.458464
1400 0.458763
1401 0.461042
1402 0.467375
1403 0.469245
1404 0.468726
1405 0.470738
1406 0.470204
1407 0.474274
1408 0.477197
1409 0.478737
1410 0.521137
1411 0.519644
1412 0.519581
1413 0.520713
1414 0.518356
1415 0.522913
1416 0.522112
1417 0.524139
1418 0.522992
1419 0.533489
1420 0.53635
1421 0.538676
1422 0.537261
1423 0.538078
1424 0.539713
1425 0.539461
1426 0.533489
1427 0.535705
1428 0.537575
1429 0.539367
1430 0.546785
1431 0.548529
1432 0.551185
1433 0.556198
1434 0.54669
1435 0.578498
1436 0.580667
1437 0.563757
1438 0.568409
1439 0.56723
1440 0.570609
1441 0.570531
1442 0.570185
1443 0.572181
1444 0.56921
1445 0.575779
1446 0.585602
1447 0.590835
1448 0.598425
1449 0.610416
1450 0.613528
1451 0.619767
1452 0.623491
1453 0.637384
1454 0.63905
1455 0.653413
1456 0.652423
1457 0.660328
1458 0.670936
1459 0.677081
1460 0.707364
1461 0.704881
1462 0.709517
1463 0.720062
1464 0.723504
1465 0.732996
1466 0.727794
1467 0.732792
1468 0.738811
1469 0.745914
1470 0.758801
1471 0.763892
1472 0.777203
1473 0.78756
1474 0.786884
1475 0.795905
1476 0.809121
1477 0.812641
1478 0.818362
1479 0.824145
1480 0.821631
1481 0.823815
1482 0.827414
1483 0.829865
1484 0.841683
1485 0.875849
1486 0.87676
1487 0.869122
1488 0.87357
1489 0.851977
1490 0.870977
1491 0.85204
1492 0.846477
1493 0.857367
1494 0.860118
1495 0.852637
1496 0.876242
1497 0.888782
1498 0.889835
1499 0.895006
1500 0.894707
1501 0.895823
1502 0.894236
1503 0.868431
1504 0.868022
1505 0.868777
1506 0.859615
1507 0.860149
1508 0.863151
1509 0.869908
1510 0.867865
1511 0.873287
1512 0.898934
1513 0.892224
1514 0.879872
1515 0.892381
1516 0.892601
1517 0.891533
1518 0.886692
1519 0.865869
1520 0.875629
1521 0.874324
1522 0.878536
1523 0.882968
1524 0.840725
1525 0.841291
1526 0.893528
1527 0.887824
1528 0.827147
1529 0.817309
1530 0.837472
1531 0.830133
1532 0.820876
1533 0.820043
1534 0.833951
1535 0.820672
1536 0.81404
1537 0.809074
1538 0.802348
1539 0.803055
1540 0.800603
1541 0.777769
1542 0.769943
1543 0.766831
1544 0.752247
1545 0.740335
1546 0.726238
1547 0.72869
1548 0.716416
1549 0.677678
1550 0.66289
1551 0.654592
1552 0.652675
1553 0.650569
1554 0.645336
1555 0.648856
1556 0.647237
1557 0.655032
1558 0.638075
1559 0.639741
1560 0.632905
1561 0.632873
1562 0.626917
1563 0.655111
1564 0.653476
1565 0.658961
1566 0.66333
1567 0.664524
1568 0.663581
1569 0.66443
1570 0.666064
1571 0.676295
1572 0.679941
1573 0.691743
1574 0.700088
1575 0.698328
1576 0.699098
1577 0.704363
1578 0.71211
1579 0.721461
1580 0.732305
1581 0.70265
1582 0.71376
1583 0.725704
1584 0.733577
1585 0.7778
1586 0.794349
1587 0.757669
1588 0.766627
1589 0.774563
1590 0.775522
1591 0.775883
1592 0.800132
1593 0.791567
1594 0.789964
1595 0.798058
1596 0.800258
1597 0.824601
1598 0.801499
1599 0.801248
1600 0.810426
1601 0.829001
1602 0.836152
1603 0.843868
1604 0.845612
1605 0.844308
1606 0.853281
1607 0.848095
1608 0.846807
1609 0.844449
1610 0.837393
1611 0.841149
1612 0.83953
1613 0.863103
1614 0.834171
1615 0.840096
1616 0.907468
1617 0.925871
1618 0.922806
1619 0.946426
1620 0.929532
1621 0.945138
1622 0.940423
1623 0.875424
1624 0.915561
1625 0.849054
1626 0.868478
1627 0.874969
1628 0.873397
1629 0.86928
1630 0.875314
1631 0.892648
1632 0.912733
1633 0.922665
1634 0.920355
1635 0.915734
1636 0.926264
1637 0.928699
1638 0.924676
1639 0.924378
1640 0.928275
1641 0.915876
1642 0.917463
1643 0.900082
1644 0.881113
1645 0.891281
1646 0.865602
1647 0.81008
1648 0.789728
1649 0.794977
1650 0.774516
1651 0.755893
1652 0.746967
1653 0.743997
1654 0.746024
1655 0.750031
1656 0.761064
1657 0.76636
1658 0.778916
1659 0.767774
1660 0.783741
1661 0.773274
1662 0.775537
1663 0.778633
1664 0.778602
1665 0.785202
1666 0.782028
1667 0.779545
1668 0.821788
1669 0.820138
1670 0.827602
1671 0.771939
1672 0.764018
1673 0.775522
1674 0.767224
1675 0.765527
1676 0.763704
1677 0.763924
1678 0.764882
1679 0.769267
1680 0.79482
1681 0.79053
1682 0.785407
1683 0.810316
1684 0.792431
1685 0.745474
1686 0.816382
1687 0.772803
1688 0.768466
1689 0.772929
1690 0.771247
1691 0.788471
1692 0.802756
1693 0.811714
1694 0.823359
1695 0.829598
1696 0.828137
1697 0.828058
1698 0.837597
1699 0.836372
1700 0.83161
1701 0.828718
1702 0.826565
1703 0.823029
1704 0.81888
1705 0.823941
1706 0.836749
1707 0.842438
1708 0.838965
1709 0.843506
1710 0.861909
1711 0.850657
1712 0.858279
1713 0.844276
1714 0.842752
1715 0.834423
1716 0.825371
1717 0.826157
1718 0.807204
1719 0.793312
1720 0.784275
1721 0.789587
1722 0.776889
1723 0.768261
1724 0.761064
1725 0.744248
1726 0.752027
1727 0.748617
1728 0.77219
1729 0.761975
1730 0.710272
1731 0.711875
1732 0.726867
1733 0.710146
1734 0.75297
1735 0.759634
1736 0.762965
1737 0.750644
1738 0.740979
1739 0.734395
1740 0.733153
1741 0.740492
1742 0.741042
1743 0.745568
1744 0.758816
1745 0.7566
1746 0.746307
1747 0.73474
1748 0.757685
1749 0.739644
1750 0.743792
1751 0.72484
1752 0.719104
1753 0.718852
1754 0.708276
1755 0.736045
1756 0.684294
1757 0.666599
1758 0.669537
1759 0.661994
1760 0.641045
1761 0.658018
1762 0.682974
1763 0.68112
1764 0.6875
1765 0.654121
1766 0.646923
1767 0.651826
1768 0.651276
1769 0.663581
1770 0.672193
1771 0.680381
1772 0.69058
1773 0.69212
1774 0.690297
1775 0.718664
1776 0.727386
1777 0.72748
1778 0.727527
1779 0.728659
1780 0.728203
1781 0.725861
1782 0.733279
1783 0.725358
1784 0.718082
1785 0.702571
1786 0.695075
1787 0.698344
1788 0.697118
1789 0.690486
1790 0.691177
1791 0.697495
1792 0.697605
1793 0.707034
1794 0.683791
1795 0.697322
1796 0.690282
1797 0.681308
1798 0.668862
1799 0.663628
1800 0.648369
1801 0.65992
1802 0.668972
1803 0.688726
1804 0.672618
1805 0.706233
1806 0.705321
1807 0.709784
1808 0.72275
1809 0.732022
1810 0.725327
1811 0.740791
1812 0.721854
1813 0.722938
1814 0.692702
1815 0.70705
1816 0.706846
1817 0.663314
1818 0.668312
1819 0.675226
1820 0.664838
1821 0.67125
1822 0.678039
1823 0.677065
1824 0.673325
1825 0.664461
1826 0.641061
1827 0.631443
1828 0.636629
1829 0.596288
1830 0.588855
1831 0.58579
1832 0.578545
1833 0.570751
1834 0.565769
1835 0.572526
1836 0.582977
1837 0.591463
1838 0.622454
1839 0.609379
1840 0.615571
1841 0.660878
1842 0.659259
1843 0.66498
1844 0.673655
1845 0.644628
1846 0.640935
1847 0.650286
1848 0.642334
1849 0.636614
1850 0.596697
1851 0.567623
1852 0.553448
1853 0.527282
1854 0.489502
1855 0.472702
1856 0.439512
1857 0.412827
1858 0.404372
1859 0.380752
1860 0.344214
1861 0.326062
1862 0.301468
1863 0.27208
1864 0.255752
1865 0.22671
1866 0.188789
1867 0.207883
1868 0.185253
1869 0.172853
1870 0.16729
1871 0.161507
1872 0.164131
1873 0.16355
1874 0.173906
1875 0.183681
1876 0.187154
1877 0.191995
1878 0.195986
1879 0.199758
1880 0.207647
1881 0.215568
1882 0.220408
1883 0.199962
1884 0.2233
1885 0.239518
1886 0.259225
1887 0.281415
1888 0.293484
1889 0.320138
1890 0.344591
1891 0.352181
1892 0.37522
1893 0.398322
1894 0.41179
1895 0.418924
1896 0.422146
1897 0.427332
1898 0.429658
1899 0.43156
1900 0.439559
1901 0.468161
1902 0.494704
1903 0.512792
1904 0.544207
1905 0.580353
1906 0.595377
1907 0.637211
1908 0.659574
1909 0.667856
1910 0.655944
1911 0.643277
1912 0.643277
1913 0.628143
1914 0.62412
1915 0.616749
1916 0.606566
1917 0.582631
1918 0.574601
1919 0.557015
1920 0.547712
1921 0.541489
1922 0.5424
1923 0.53921
1924 0.534668
1925 0.527015
1926 0.518748
1927 0.533678
1928 0.542793
1929 0.545559
1930 0.543437
1931 0.549048
1932 0.567419
1933 0.576424
1934 0.572259
1935 0.572244
1936 0.588776
1937 0.601584
1938 0.57666
1939 0.59973
1940 0.621385
1941 0.637431
1942 0.649877
1943 0.673498
1944 0.693896
1945 0.700481
1946 0.712
1947 0.728753
1948 0.731314
1949 0.733577
1950 0.735353
1951 0.732509
1952 0.73496
1953 0.733483
1954 0.724023
1955 0.692875
1956 0.694698
1957 0.672586
1958 0.646593
1959 0.622988
1960 0.598567
1961 0.549881
1962 0.507701
1963 0.493667
1964 0.465222
1965 0.424126
1966 0.415876
1967 0.369594
1968 0.340913
1969 0.323674
1970 0.284998
1971 0.239659
1972 0.221744
1973 0.186416
1974 0.153649
1975 0.137824
1976 0.10358
1977 0.0844229
1978 0.0741294
1979 0.0587912
1980 0.0504777
1981 0.0491262
1982 0.0499591
1983 0.0467532
1984 0.0453074
1985 0.0445845
1986 0.0402942
1987 0.0384712
1988 0.0345109
1989 0.0344952
1990 0.0341966
1991 0.0357053
1992 0.0372297
1993 0.0371354
1994 0.0378897
1995 0.0344952
1996 0.0337409
1997 0.032688
1998 0.0344009
1999 0.0329237
2000 0.0311636
2001 0.0307078
2002 0.028602
2003 0.0266375
2004 0.0255532
2005 0.0258361
2006 0.0279576
2007 0.0335209
2008 0.0354853
2009 0.0400113
2010 0.0383455
2011 0.0399013
2012 0.0438773
2013 0.04185
2014 0.0451345
2015 0.0467689
2016 0.0506192
2017 0.0542494
2018 0.0705148
2019 0.067026
2020 0.0710492
2021 0.0692262
2022 0.0787497
2023 0.0988654
2024 0.148023
2025 0.189072
2026 0.213085
2027 0.255076
2028 0.313553
2029 0.344229
2030 0.403665
2031 0.483137
2032 0.400145
2033 0.407358
2034 0.43871
2035 0.452272
2036 0.476018
2037 0.477826
2038 0.47517
2039 0.48617
2040 0.49791
2041 0.506868
2042 0.512651
2043 0.506113
2044 0.510592
2045 0.521279
2046 0.52131
2047 0.535202
2048 0.553904
2049 0.571992
2050 0.583213
2051 0.581861
2052 0.594166
2053 0.581516
2054 0.542793
2055 0.515935
2056 0.56536
2057 0.479774
2058 0.49593
2059 0.451078
2060 0.423639
2061 0.422319
2062 0.42323
2063 0.40192
2064 0.414791
2065 0.413125
2066 0.411884
2067 0.39367
2068 0.388044
2069 0.35655
2070 0.347247
2071 0.327367
2072 0.314747
2073 0.298199
2074 0.279922
2075 0.25099
2076 0.234913
2077 0.225767
2078 0.20298
2079 0.175493
2080 0.163377
2081 0.139851
2082 0.117928
2083 0.110636
2084 0.0921863
2085 0.0926892
2086 0.090159
2087 0.0887132
2088 0.0856487
2089 0.0844544
2090 0.0824899
2091 0.0828828
2092 0.0835743
2093 0.08282
2094 0.0819085
2095 0.0826471
2096 0.0824585
2097 0.0804784
2098 0.0799283
2099 0.0784825
2100 0.0777753
2101 0.0765338
2102 0.0780739
2103 0.0771153
2104 0.0766595
2105 0.0755752
2106 0.0771153
2107 0.0782782
2108 0.0780739
2109 0.0776496
2110 0.0801326
2111 0.0810913
2112 0.0805727
2113 0.0794883
2114 0.0827885
2115 0.0797869
2116 0.0809498
2117 0.0803527
2118 0.0835114
2119 0.0837472
2120 0.0858216
2121 0.0880846
2122 0.091872
2123 0.0974667
2124 0.101176
2125 0.101537
2126 0.104476
2127 0.123366
2128 0.129589
2129 0.148086
2130 0.16355
2131 0.175069
2132 0.182361
2133 0.199758
2134 0.204048
2135 0.216621
2136 0.239345
2137 0.244814
2138 0.255296
2139 0.275192
2140 0.284904
2141 0.312186
2142 0.364031
2143 0.365209
2144 0.373586
2145 0.397457
2146 0.409904
2147 0.43651
2148 0.461026
2149 0.466589
2150 0.438883
2151 0.438521
2152 0.440486
2153 0.465725
2154 0.46365
2155 0.473551
2156 0.470565
2157 0.490854
2158 0.493132
2159 0.517507
2160 0.549252
2161 0.561934
2162 0.561887
2163 0.590678
2164 0.602228
2165 0.612522
2166 0.625283
2167 0.630045
2168 0.644927
2169 0.659904
2170 0.663754
2171 0.674645
2172 0.686589
2173 0.687704
2174 0.685127
2175 0.684184
2176 0.679579
2177 0.672445
2178 0.641847
2179 0.631679
2180 0.612978
2181 0.592705
2182 0.583464
2183 0.56547
2184 0.524092
2185 0.501226
2186 0.466448
2187 0.426986
2188 0.41696
2189 0.391533
2190 0.361768
2191 0.348787
2192 0.320075
2193 0.289226
2194 0.281085
2195 0.260859
2196 0.241294
2197 0.232697
2198 0.205038
2199 0.179909
2200 0.171895
2201 0.151386
2202 0.123696
2203 0.116388
2204 0.0968066
2205 0.0894204
2206 0.0891218
2207 0.0817985
2208 0.0772567
2209 0.0724793
2210 0.0702791
2211 0.0583511
2212 0.0532122
2213 0.0428401
2214 0.0325151
2215 0.0262918
2216 0.0232116
2217 0.0198485
2218 0.0172398
2219 0.0202414
2220 0.0192199
2221 0.0198171
2222 0.0189684
2223 0.0198799
2224 0.0263075
2225 0.0243274
2226 0.0208071
2227 0.0240445
2228 0.0262447
2229 0.0257575
2230 0.0245317
2231 0.0273919
2232 0.027549
2233 0.0285705
2234 0.0309593
2235 0.0242645
2236 0.0262289
2237 0.0261346
2238 0.0275962
2239 0.0310693
2240 0.0309278
2241 0.0295606
2242 0.0302521
2243 0.0281619
2244 0.0307864
2245 0.0327665
2246 0.0342281
2247 0.0334737
2248 0.030865
2249 0.0364125
2250 0.0353281
2251 0.0369311
2252 0.0391784
2253 0.0401685
2254 0.0414571
2255 0.0454174
2256 0.0431072
2257 0.0457317
2258 0.0462032
2259 0.0476804
2260 0.0433273
2261 0.0449145
2262 0.0512792
2263 0.0524736
2264 0.0526936
2265 0.0517035
2266 0.0511378
2267 0.0522536
2268 0.0579583
2269 0.0572511
2270 0.055711
2271 0.0530394
2272 0.0569996
2273 0.0539666
2274 0.0567482
2275 0.0589955
2276 0.0634272
2277 0.0585554
2278 0.0581783
2279 0.06195
2280 0.0615571
2281 0.0623114
2282 0.058524
2283 0.0532122
2284 0.0526622
2285 0.0520493
2286 0.0481833
2287 0.0453703
2288 0.0436887
2289 0.0422115
2290 0.0407971
2291 0.0374969
2292 0.0331751
2293 0.0306135
2294 0.0255375
2295 0.0251917
2296 0.0245474
2297 0.0225673
2298 0.0333637
2299 0.0441916
2300 0.0700748
2301 0.0975453
2302 0.112946
2303 0.14334
2304 0.169773
2305 0.18398
2306 0.209627
2307 0.228973
2308 0.242268
2309 0.269408
2310 0.279655
2311 0.281022
2312 0.270509
2313 0.265244
2314 0.254337
2315 0.250534
2316 0.24351
2317 0.238135
2318 0.232603
2319 0.233342
2320 0.229539
2321 0.22968
2322 0.206924
2323 0.193283
2324 0.16399
2325 0.161648
2326 0.159951
2327 0.158662
2328 0.156981
2329 0.152313
2330 0.155048
2331 0.145571
2332 0.143827
2333 0.1418
2334 0.134775
2335 0.121936
2336 0.116655
2337 0.110699
2338 0.0991639
2339 0.0927992
2340 0.096508
2341 0.097451
2342 0.0984253
2343 0.0995883
2344 0.104539
2345 0.110683
2346 0.112805
2347 0.109599
2348 0.10468
2349 0.0891061
2350 0.0863716
2351 0.0721649
2352 0.06261
2353 0.0580997
2354 0.0505878
2355 0.0421329
2356 0.0379997
2357 0.0315722
2358 0.0233059
2359 0.0199271
2360 0.0120851
2361 0.00642758
2362 0.00487176
2363 0.000377169
2364 0
2365 0
2366 0
2367 0
2368 0
2369 0
2370 0
2371 0
2372 0.00177584
2373 0.00913063
2374 0.0128709
2375 0.0258518
2376 0.0309593
2377 0.0328765
2378 0.0447574
2379 0.0431387
2380 0.0456846
2381 0.054438
2382 0.0570468
2383 0.0593884
2384 0.0576597
2385 0.051845
2386 0.0509178
2387 0.0460146
2388 0.045386
2389 0.0416771
2390 0.0368211
2391 0.0320751
2392 0.0301106
2393 0.0241388
2394 0.0182927
2395 0.0160611
2396 0.0114251
2397 0.0060347
2398 0.00333166
2399 0
2400 0
2401 0
2402 0
2403 0
2404 0
2405 0.0288534
2406 0.066146
2407 0.0880218
2408 0.118431
2409 0.130375
2410 0.142853
2411 0.184043
2412 0.222168
2413 0.234536
2414 0.240775
2415 0.24582
2416 0.24582
2417 0.246433
2418 0.255673
2419 0.256333
2420 0.239832
2421 0.216479
2422 0.20353
2423 0.175808
2424 0.152989
2425 0.14136
2426 0.114895
2427 0.0891375
2428 0.0782939
2429 0.0548466
2430 0.0363496
2431 0.0276748
2432 0.0113622
2433 0.00110008
2434 0
2435 0
2436 0
2437 0
2438 0
2439 0
2440 0
2441 0
2442 0
2443 0
2444 0
2445 0
2446 0
2447 0
2448 0
2449 0
2450 0
2451 0
2452 0
2453 0
2454 0.018827
2455 0.0317607
2456 0.058744
2457 0.0839986
2458 0.0961152
2459 0.121433
2460 0.145964
2461 0.158049
2462 0.179155
2463 0.186809
2464 0.186038
2465 0.184938
2466 0.175289
2467 0.175006
2468 0.168453
2469 0.150255
2470 0.146577
2471 0.131522
2472 0.108923
2473 0.100421
2474 0.0867017
2475 0.0779011
2476 0.0722278
2477 0.0560881
2478 0.04174
2479 0.0348567
2480 0.0202571
2481 0.00832914
2482 0.00179155
2483 0
2484 0
2485 0
2486 0
2487 0
2488 0
2489 0
2490 0
2491 0
2492 0
2493 0
2494 0
2495 0
2496 0
2497 0
2498 0.00044003
2499 0.00853344
2500 0.0126352
2501 0.0218601
2502 0.0341023
2503 0.0395084
2504 0.0498648
2505 0.0582411
2506 0.0628143
2507 0.0699334
2508 0.0763767
2509 0.0787497
2510 0.0773982
2511 0.0775553
2512 0.0740508
2513 0.067246
2514 0.0590426
2515 0.0554909
2516 0.0503049
2517 0.0420857
2518 0.0383298
2519 0.0311164
2520 0.0228187
2521 0.0195028
2522 0.0130752
2523 0.006239
2524 0.00352024
2525 0.000282877
2526 0.000282877
2527 0.000282877
2528 0.000282877
2529 0.000424315
2530 0.000550038
2531 0.000927206
2532 0.00114722
2533 0.00121008
2534 0.000942922
2535 0.000785768
2536 0.000785768
2537 0.000550038
2538 0.0171297
2539 0.0285548
2540 0.0535422
2541 0.0843758
2542 0.096508
2543 0.135765
2544 0.17136
2545 0.189543
2546 0.224887
2547 0.261959
2548 0.279796
2549 0.297115
2550 0.317985
2551 0.322558
2552 0.33392
2553 0.334203
2554 0.335272
2555 0.322762
2556 0.3136
2557 0.301232
2558 0.272269
2559 0.24461
2560 0.23474
2561 0.206138
2562 0.173073
2563 0.158961
2564 0.13171
2565 0.106613
2566 0.0917149
2567 0.0689119
2568 0.0476961
2569 0.0385812
2570 0.0225201
2571 0.0112051
2572 0.00975924
2573 0.0056261
2574 0.000895776
2575 0
2576 0.000455746
2577 0.000377169
2578 0.000518607
2579 0.000518607
2580 0.000282877
2581 0.000282877
2582 0
2583 0
2584 0
2585 0
2586 0
2587 0
2588 0
2589 0
2590 0
2591 0
2592 0.00023573
2593 0.000612899
2594 0.000942922
2595 0.000942922
2596 0.000942922
2597 0.000990068
2598 0.000518607
2599 0.000707191
2600 0.000707191
2601 0.000612899
2602 0.000707191
2603 0.000612899
2604 0.000612899
2605 0.000770053
2606 0.00136724
2607 0.00158725
2608 0.0016344
2609 0.00158725
2610 0.00168154
2611 0.00160297
2612 0.000722907
2613 0.000628615
2614 0.000628615
2615 0.000282877
2616 0
2617 0
2618 0
2619 0
2620 0
2621 0.000377169
2622 0.000518607
2623 0.000597184
2624 0.000534322
2625 0.000534322
2626 0.000534322
2627 0
2628 0
2629 0
2630 0
2631 0
2632 0
2633 0
2634 0
2635 0.000282877
2636 0.000722907
2637 0.000738622
2638 0.000801484
2639 0.00103721
2640 0.00103721
2641 0.00103721
2642 0.000660045
2643 0
2644 0
2645 0
2646 0
2647 0
2648 0
2649 0
2650 0
2651 0.000330023
2652 0.00865917
2653 0.0179627
2654 0.0405299
2655 0.0631443
2656 0.0740194
2657 0.0961937
2658 0.115115
2659 0.123931
2660 0.146279
2661 0.157609
2662 0.161507
2663 0.180129
2664 0.180365
2665 0.185221
2666 0.190344
2667 0.194006
2668 0.200465
2669 0.224023
2670 0.244798
2671 0.247831
2672 0.254495
2673 0.261708
2674 0.26482
2675 0.2668
2676 0.28569
2677 0.29878
2678 0.328828
2679 0.352024
2680 0.356094
2681 0.353627
2682 0.355403
2683 0.358137
2684 0.367158
2685 0.383125
2686 0.391423
2687 0.410297
2688 0.419757
2689 0.415278
2690 0.407798
2691 0.406289
2692 0.396341
2693 0.379337
2694 0.355183
2695 0.344591
2696 0.319273
2697 0.290829
2698 0.276402
2699 0.249089
2700 0.222357
2701 0.207097
2702 0.176279
2703 0.151072
2704 0.137117
2705 0.108782
2706 0.0807927
2707 0.0663345
2708 0.0412371
2709 0.0178684
2710 0.0120694
2711 0
2712 0
2713 0.000707191
2714 0.00108436
2715 0.00136724
2716 0.00144581
2717 0.00168154
2718 0.0018387
2719 0.00267161
2720 0.00345738
2721 0.00443173
2722 0.00469889
2723 0.0076691
2724 0.00990068
2725 0.0109222
2726 0.0137509
2727 0.0168154
2728 0.0183241
2729 0.0217029
2730 0.0271404
2731 0.0293092
2732 0.0336466
2733 0.0377483
2734 0.0410485
2735 0.0406242
2736 0.0443173
2737 0.0465332
2738 0.049692
2739 0.052175
2740 0.0523007
2741 0.0523322
2742 0.0499906
2743 0.0530551
2744 0.054548
2745 0.0536365
2746 0.0567482
2747 0.0562924
2748 0.0572196
2749 0.0588226
2750 0.058964
2751 0.0585869
2752 0.0591998
2753 0.0579111
2754 0.0578954
2755 0.0590426
2756 0.0626414
2757 0.0617299
2758 0.0621543
2759 0.0664603
2760 0.0636001
2761 0.0642758
2762 0.0637887
2763 0.0619028
2764 0.0616985
2765 0.0628615
2766 0.0675446
2767 0.0695562
2768 0.0690219
2769 0.0685347
2770 0.0692733
2771 0.0738151
2772 0.0761567
2773 0.0760624
2774 0.0749466
2775 0.0740351
2776 0.0741451
2777 0.0777753
2778 0.0797869
2779 0.0813113
2780 0.0834643
2781 0.0888861
2782 0.0916049
2783 0.0966809
2784 0.1038
2785 0.102197
2786 0.0999811
2787 0.0995097
2788 0.102386
2789 0.106912
2790 0.10622
2791 0.10787
2792 0.106173
2793 0.105073
2794 0.10666
2795 0.103077
2796 0.102338
2797 0.102244
2798 0.102071
2799 0.10391
2800 0.105654
2801 0.105544
2802 0.10556
2803 0.106817
2804 0.109819
2805 0.113622
2806 0.115398
2807 0.118934
2808 0.12225
2809 0.12401
2810 0.123507
2811 0.125377
2812 0.126116
2813 0.128096
2814 0.127954
2815 0.128992
2816 0.12874
2817 0.127813
2818 0.126886
2819 0.12687
2820 0.136064
2821 0.133769
2822 0.131773
2823 0.130139
2824 0.130139
2825 0.12896
2826 0.125959
2827 0.125346
2828 0.125079
2829 0.123947
2830 0.12291
2831 0.122784
2832 0.122281
2833 0.120584
2834 0.118352
2835 0.115099
2836 0.115445
2837 0.116891
2838 0.118038
2839 0.11994
2840 0.122768
2841 0.124843
2842 0.125471
2843 0.123758
2844 0.122768
2845 0.122768
2846 0.122108
2847 0.122014
2848 0.121307
2849 0.12049
2850 0.119971
2851 0.119217
2852 0.118761
2853 0.118148
2854 0.11851
2855 0.117724
2856 0.117472
2857 0.118462
2858 0.120144
2859 0.121291
2860 0.119138
2861 0.119578
2862 0.119044
2863 0.118887
2864 0.120741
2865 0.121936
2866 0.122438
2867 0.124151
2868 0.126037
2869 0.12852
2870 0.12566
2871 0.134209
2872 0.131726
2873 0.125503
2874 0.122501
2875 0.121605
2876 0.115115
2877 0.112679
2878 0.110872
2879 0.107902
2880 0.108766
2881 0.110762
2882 0.114329
2883 0.11807
2884 0.121558
2885 0.119437
2886 0.120207
2887 0.121291
2888 0.121213
2889 0.122926
2890 0.12302
2891 0.11972
2892 0.114989
2893 0.113151
2894 0.103957
2895 0.106817
2896 0.107823
2897 0.109253
2898 0.109222
2899 0.110243
2900 0.107635
2901 0.106142
2902 0.104649
2903 0.100814
2904 0.100515
2905 0.100735
2906 0.104114
2907 0.1082
2908 0.109552
2909 0.110856
2910 0.109065
2911 0.109332
2912 0.109206
2913 0.110306
2914 0.110872
2915 0.10996
2916 0.10787
2917 0.106283
2918 0.105544
2919 0.10523
2920 0.105324
2921 0.105513
2922 0.108043
2923 0.10908
2924 0.108719
2925 0.106723
2926 0.10567
2927 0.104303
2928 0.104209
2929 0.103611
2930 0.111501
2931 0.114235
2932 0.115241
2933 0.120647
2934 0.114816
2935 0.11062
2936 0.102637
2937 0.10303
2938 0.102936
2939 0.105623
2940 0.108405
2941 0.110228
2942 0.113213
2943 0.113041
2944 0.112192
2945 0.110966
2946 0.112082
2947 0.112679
2948 0.114659
2949 0.115634
2950 0.115099
2951 0.115807
2952 0.111579
2953 0.108577
2954 0.102307
2955 0.100154
2956 0.100311
2957 0.102621
2958 0.105623
2959 0.105623
2960 0.0997926
2961 0.101663
2962 0.101521
2963 0.0992268
2964 0.0994782
2965 0.10017
2966 0.100013
2967 0.100185
2968 0.100201
2969 0.100673
2970 0.10072
2971 0.100531
2972 0.101081
2973 0.10094
2974 0.100783
2975 0.101113
2976 0.10105
2977 0.10127
2978 0.101207
2979 0.100374
2980 0.100641
2981 0.101018
2982 0.102433
2983 0.103706
2984 0.103941
2985 0.120364
2986 0.120018
2987 0.122313
2988 0.122266
2989 0.118698
2990 0.122297
2991 0.125031
2992 0.130013
2993 0.130249
2994 0.131192
2995 0.131883
2996 0.134979
2997 0.136818
2998 0.138688
2999 0.141737
3000 0.150207
3001 0.152596
3002 0.159527
3003 0.162748
3004 0.166756
3005 0.169805
3006 0.175226
3007 0.178149
3008 0.186274
3009 0.191523
3010 0.197935
3011 0.20573
3012 0.207616
3013 0.207128
3014 0.211497
3015 0.213556
3016 0.216275
3017 0.22781
3018 0.228171
3019 0.224667
3020 0.234143
3021 0.238088
3022 0.242394
3023 0.249921
3024 0.248821
3025 0.250849
3026 0.247957
3027 0.248161
3028 0.252153
3029 0.255139
3030 0.260749
3031 0.263044
3032 0.266533
3033 0.271294
3034 0.270477
3035 0.304642
3036 0.317199
3037 0.318629
3038 0.323564
3039 0.318943
3040 0.31404
3041 0.317969
3042 0.313097
3043 0.3103
3044 0.30898
3045 0.311321
3046 0.310614
3047 0.312814
3048 0.31371
3049 0.311746
3050 0.315266
3051 0.314952
3052 0.312579
3053 0.313129
3054 0.313726
3055 0.314323
3056 0.314559
3057 0.31415
3058 0.311007
3059 0.309671
3060 0.333103
3061 0.330227
3062 0.330054
3063 0.331374
3064 0.315392
3065 0.328058
3066 0.318048
3067 0.32611
3068 0.313176
3069 0.313584
3070 0.321222
3071 0.322684
3072 0.322699
3073 0.325057
3074 0.331217
3075 0.338619
3076 0.341039
3077 0.336733
3078 0.33623
3079 0.336513
3080 0.330934
3081 0.331924
3082 0.337519
3083 0.336733
3084 0.336246
3085 0.351144
3086 0.344858
3087 0.349148
3088 0.351757
3089 0.339593
3090 0.337299
3091 0.339719
3092 0.33634
3093 0.337126
3094 0.337629
3095 0.335774
3096 0.335602
3097 0.337645
3098 0.340348
3099 0.341416
3100 0.343506
3101 0.349541
3102 0.351003
3103 0.348928
3104 0.354287
3105 0.353941
3106 0.355654
3107 0.356362
3108 0.357965
3109 0.357477
3110 0.376603
3111 0.376744
3112 0.37687
3113 0.380045
3114 0.376902
3115 0.379699
3116 0.378913
3117 0.373224
3118 0.37192
3119 0.379133
3120 0.375707
3121 0.376792
3122 0.376493
3123 0.374969
3124 0.374356
3125 0.372171
3126 0.369515
3127 0.366357
3128 0.366781
3129 0.366545
3130 0.366954
3131 0.367771
3132 0.366781
3133 0.366074
3134 0.365807
3135 0.37896
3136 0.369751
3137 0.365869
3138 0.368871
3139 0.367975
3140 0.368918
3141 0.374906
3142 0.373318
3143 0.373397
3144 0.371323
3145 0.369955
3146 0.367064
3147 0.367598
3148 0.368918
3149 0.363088
3150 0.364832
3151 0.366419
3152 0.357352
3153 0.357399
3154 0.357807
3155 0.357996
3156 0.356534
3157 0.354869
3158 0.355089
3159 0.355827
3160 0.368368
3161 0.366247
3162 0.369924
3163 0.367409
3164 0.364895
3165 0.366294
3166 0.364974
3167 0.362176
3168 0.360526
3169 0.357383
3170 0.357823
3171 0.356503
3172 0.353297
3173 0.353769
3174 0.355497
3175 0.354146
3176 0.361218
3177 0.362962
3178 0.362302
3179 0.361092
3180 0.360495
3181 0.351726
3182 0.35237
3183 0.352731
3184 0.354994
3185 0.381538
3186 0.382088
3187 0.375597
3188 0.373538
3189 0.375754
3190 0.370804
3191 0.378316
3192 0.38028
3193 0.379715
3194 0.381428
3195 0.372737
3196 0.371213
3197 0.363009
3198 0.355167
3199 0.356032
3200 0.35171
3201 0.353423
3202 0.348614
3203 0.347152
3204 0.346052
3205 0.345439
3206 0.349353
3207 0.345267
3208 0.347498
3209 0.346869
3210 0.345157
3211 0.346068
3212 0.346272
3213 0.345895
3214 0.347278
3215 0.346665
3216 0.351647
3217 0.350783
3218 0.351993
3219 0.350798
3220 0.348504
3221 0.341998
3222 0.341479
3223 0.340316
3224 0.337802
3225 0.34041
3226 0.341133
3227 0.343428
3228 0.35391
3229 0.355372
3230 0.35611
3231 0.354004
3232 0.353721
3233 0.353407
3234 0.352448
3235 0.347294
3236 0.346634
3237 0.345267
3238 0.343286
3239 0.344874
3240 0.342689
3241 0.344952
3242 0.342548
3243 0.346115
3244 0.345597
3245 0.346005
3246 0.344449
3247 0.342328
3248 0.340851
3249 0.341008
3250 0.342956
3251 0.340112
3252 0.339923
3253 0.33953
3254 0.333716
3255 0.330164
3256 0.330368
3257 0.329111
3258 0.334171
3259 0.334753
3260 0.334061
3261 0.331248
3262 0.335382
3263 0.344355
3264 0.345895
3265 0.339153
3266 0.333433
3267 0.33458
3268 0.333543
3269 0.338666
3270 0.339656
3271 0.342453
3272 0.341888
3273 0.343192
3274 0.343994
3275 0.344764
3276 0.364329
3277 0.363245
3278 0.365115
3279 0.366624
3280 0.365602
3281 0.365131
3282 0.370725
3283 0.372328
3284 0.373114
3285 0.393513
3286 0.391548
3287 0.388295
3288 0.381538
3289 0.373617
3290 0.370427
3291 0.374921
3292 0.376084
3293 0.382559
3294 0.382386
3295 0.378976
3296 0.375597
3297 0.377326
3298 0.376116
3299 0.375629
3300 0.372171
3301 0.369814
3302 0.371511
3303 0.372596
3304 0.372187
3305 0.374371
3306 0.372643
3307 0.371338
3308 0.370647
3309 0.371118
3310 0.39048
3311 0.394016
3312 0.394927
3313 0.394707
3314 0.389631
3315 0.385388
3316 0.383125
3317 0.382622
3318 0.381726
3319 0.384508
3320 0.382873
3321 0.370584
3322 0.375503
3323 0.371825
3324 0.369217
3325 0.373947
3326 0.371951
3327 0.37489
3328 0.372643
3329 0.372093
3330 0.368588
3331 0.369641
3332 0.370175
3333 0.370301
3334 0.370207
3335 0.35424
3336 0.352637
3337 0.354177
3338 0.353203
3339 0.349557
3340 0.349463
3341 0.351396
3342 0.34973
3343 0.348378
3344 0.349761
3345 0.347042
3346 0.345628
3347 0.347042
3348 0.346272
3349 0.346932
3350 0.33755
3351 0.338006
3352 0.338163
3353 0.341683
3354 0.342563
3355 0.342375
3356 0.345691
3357 0.347058
3358 0.347624
3359 0.346681
3360 0.354381
3361 0.352716
3362 0.354051
3363 0.352527
3364 0.351018
3365 0.346618
3366 0.342092
3367 0.34041
3368 0.335963
3369 0.331563
3370 0.329221
3371 0.327068
3372 0.323642
3373 0.323265
3374 0.321788
3375 0.320672
3376 0.319603
3377 0.31767
3378 0.31701
3379 0.31778
3380 0.316523
3381 0.317607
3382 0.316633
3383 0.319792
3384 0.320075
3385 0.314417
3386 0.312406
3387 0.309231
3388 0.308367
3389 0.308681
3390 0.309671
3391 0.308697
3392 0.308131
3393 0.306371
3394 0.306905
3395 0.307361
3396 0.303322
3397 0.303259
3398 0.301939
3399 0.303307
3400 0.304862
3401 0.304972
3402 0.303354
3403 0.304281
3404 0.304799
3405 0.305821
3406 0.30557
3407 0.305978
3408 0.305098
3409 0.302002
3410 0.314386
3411 0.313349
3412 0.313647
3413 0.3092
3414 0.306198
3415 0.306167
3416 0.305019
3417 0.304658
3418 0.304627
3419 0.304092
3420 0.304281
3421 0.302348
3422 0.303149
3423 0.302144
3424 0.302725
3425 0.303825
3426 0.301374
3427 0.300745
3428 0.300949
3429 0.300556
3430 0.300101
3431 0.300399
3432 0.306607
3433 0.307062
3434 0.324004
3435 0.374167
3436 0.370348
3437 0.372501
3438 0.372627
3439 0.370615
3440 0.371417
3441 0.377719
3442 0.377876
3443 0.379919
3444 0.380909
3445 0.380878
3446 0.384571
3447 0.383408
3448 0.382009
3449 0.380658
3450 0.380878
3451 0.386142
3452 0.384822
3453 0.387085
3454 0.385859
3455 0.385796
3456 0.386441
3457 0.387321
3458 0.386849
3459 0.385812
3460 0.432597
3461 0.43112
3462 0.430805
3463 0.43211
3464 0.431858
3465 0.430742
3466 0.429579
3467 0.430302
3468 0.429485
3469 0.432141
3470 0.428809
3471 0.429407
3472 0.426389
3473 0.425761
3474 0.424519
3475 0.423388
3476 0.424723
3477 0.424268
3478 0.422853
3479 0.423435
3480 0.423482
3481 0.421439
3482 0.420873
3483 0.4207
3484 0.4207
3485 0.471445
3486 0.467202
3487 0.467123
3488 0.465882
3489 0.461293
3490 0.464939
3491 0.471885
3492 0.478439
3493 0.489785
3494 0.505218
3495 0.52351
3496 0.508643
3497 0.505658
3498 0.498381
3499 0.498114
3500 0.495128
3501 0.506616
3502 0.504872
3503 0.522049
3504 0.51845
3505 0.505265
3506 0.499419
3507 0.508345
3508 0.496433
3509 0.49439
3510 0.491089
3511 0.48617
3512 0.488371
3513 0.478706
3514 0.475704
3515 0.478281
3516 0.460916
3517 0.457836
3518 0.458339
3519 0.459926
3520 0.452304
3521 0.450701
3522 0.451738
3523 0.450182
3524 0.446756
3525 0.445075
3526 0.450497
3527 0.451361
3528 0.451534
3529 0.453671
3530 0.453435
3531 0.451251
3532 0.451047
3533 0.449947
3534 0.448768
3535 0.442576
3536 0.442639
3537 0.442356
3538 0.442387
3539 0.44146
3540 0.438364
3541 0.437139
3542 0.436871
3543 0.436384
3544 0.434781
3545 0.435064
3546 0.433713
3547 0.433948
3548 0.431465
3549 0.43101
3550 0.430114
3551 0.429831
3552 0.430161
3553 0.428652
3554 0.430805
3555 0.429391
3556 0.428244
3557 0.429517
3558 0.429752
3559 0.427128
3560 0.423702
3561 0.423749
3562 0.421942
3563 0.422099
3564 0.422068
3565 0.421973
3566 0.423215
3567 0.425635
3568 0.421612
3569 0.41069
3570 0.408427
3571 0.409778
3572 0.413707
3573 0.414053
3574 0.41333
3575 0.41333
3576 0.411082
3577 0.411601
3578 0.41333
3579 0.418846
3580 0.415137
3581 0.415766
3582 0.415608
3583 0.415546
3584 0.413707
3585 0.414006
3586 0.414728
3587 0.414603
3588 0.414634
3589 0.409605
3590 0.409149
3591 0.409039
3592 0.409291
3593 0.411538
3594 0.389977
3595 0.387007
3596 0.387965
3597 0.383392
3598 0.383706
3599 0.384492
3600 0.383518
3601 0.383093
3602 0.386142
3603 0.386142
3604 0.384539
3605 0.386394
3606 0.389914
3607 0.392633
3608 0.394078
3609 0.389615
3610 0.390338
3611 0.392947
3612 0.390432
3613 0.394801
3614 0.394597
3615 0.39554
3616 0.397049
3617 0.393371
3618 0.397206
3619 0.422665
3620 0.422508
3621 0.428165
3622 0.424676
3623 0.426484
3624 0.415907
3625 0.413487
3626 0.411853
3627 0.41124
3628 0.414697
3629 0.420213
3630 0.42345
3631 0.424503
3632 0.425541
3633 0.426515
3634 0.427772
3635 0.429171
3636 0.429454
3637 0.433445
3638 0.437657
3639 0.440392
3640 0.441885
3641 0.442372
3642 0.443425
3643 0.445703
3644 0.473802
3645 0.473331
3646 0.477668
3647 0.464436
3648 0.464892
3649 0.466291
3650 0.467375
3651 0.466243
3652 0.471461
3653 0.473504
3654 0.471822
3655 0.474431
3656 0.476993
3657 0.477386
3658 0.480639
3659 0.485228
3660 0.484803
3661 0.487915
3662 0.486202
3663 0.492079
3664 0.493117
3665 0.493447
3666 0.495663
3667 0.496323
3668 0.497501
3669 0.489062
3670 0.482666
3671 0.48001
3672 0.472467
3673 0.466778
3674 0.467438
3675 0.466023
3676 0.462739
3677 0.463037
3678 0.463163
3679 0.461875
3680 0.458763
3681 0.459281
3682 0.4609
3683 0.458354
3684 0.460696
3685 0.460602
3686 0.460193
3687 0.460853
3688 0.461073
3689 0.45881
3690 0.457443
3691 0.456468
3692 0.453938
3693 0.453278
3694 0.453168
3695 0.451235
3696 0.452477
3697 0.455258
3698 0.454253
3699 0.452885
3700 0.450607
3701 0.450528
3702 0.450119
3703 0.446285
3704 0.444525
3705 0.44388
3706 0.443126
3707 0.444399
3708 0.441413
3709 0.441209
3710 0.436651
3711 0.434247
3712 0.435284
3713 0.435756
3714 0.435001
3715 0.434781
3716 0.43475
3717 0.435928
3718 0.435158
3719 0.428479
3720 0.427002
3721 0.426484
3722 0.424771
3723 0.424016
3724 0.425446
3725 0.420653
3726 0.42169
3727 0.420056
3728 0.41861
3729 0.420889
3730 0.419082
3731 0.42136
3732 0.420307
3733 0.420795
3734 0.421533
3735 0.424189
3736 0.422885
3737 0.422303
3738 0.424943
3739 0.425258
3740 0.425179
3741 0.424362
3742 0.425493
3743 0.424519
3744 0.413644
3745 0.414006
3746 0.412544
3747 0.411648
3748 0.41113
3749 0.410124
3750 0.410831
3751 0.410281
3752 0.409684
3753 0.408772
3754 0.405378
3755 0.405786
3756 0.408474
3757 0.402675
3758 0.401119
3759 0.401512
3760 0.398903
3761 0.400726
3762 0.398133
3763 0.395996
3764 0.394157
3765 0.387698
3766 0.383848
3767 0.379165
3768 0.376257
3769 0.359505
3770 0.358043
3771 0.356519
3772 0.354806
3773 0.354649
3774 0.354916
3775 0.355529
3776 0.352936
3777 0.354287
3778 0.353219
3779 0.352558
3780 0.353753
3781 0.354004
3782 0.352637
3783 0.351568
3784 0.351427
3785 0.351238
3786 0.352338
3787 0.349227
3788 0.350531
3789 0.34962
3790 0.349604
3791 0.349148
3792 0.349258
3793 0.349148
3794 0.365445
3795 0.363544
3796 0.362836
3797 0.364031
3798 0.362098
3799 0.361689
3800 0.357462
3801 0.359096
3802 0.359049
3803 0.357965
3804 0.358357
3805 0.356676
3806 0.356299
3807 0.355796
3808 0.380218
3809 0.418484
3810 0.435536
3811 0.467846
3812 0.493352
3813 0.50715
3814 0.510341
3815 0.642161
3816 0.719874
3817 0.831154
3818 0.859976
3819 0.91058
3820 0.91146
3821 0.911837
3822 0.912544
3823 0.911224
3824 0.909652
3825 0.909228
3826 0.910297
3827 0.954315
3828 0.954095
3829 0.954551
3830 0.955211
3831 0.955321
3832 0.95529
3833 0.955306
3834 0.955195
3835 0.959109
3836 0.958716
3837 0.958354
3838 0.95672
3839 0.95716
3840 0.959109
3841 0.959109
3842 0.958873
3843 0.958731
3844 0.954567
3845 0.955274
3846 0.955164
3847 0.955085
3848 0.955101
3849 0.955117
3850 0.954724
3851 0.95265
3852 0.952681
3853 0.952665
3854 0.952665
3855 0.955133
3856 0.954677
3857 0.954347
3858 0.952367
3859 0.952917
3860 0.951911
3861 0.951895
3862 0.952807
3863 0.951251
3864 0.949601
3865 0.954834
3866 0.953121
3867 0.954708
3868 0.953042
3869 0.961387
3870 0.96079
3871 0.961089
3872 0.96112
3873 0.956201
3874 0.956343
3875 0.956374
3876 0.95606
3877 0.95529
3878 0.955164
3879 0.954143
3880 0.953923
3881 0.957946
3882 0.958119
3883 0.95793
3884 0.958983
3885 0.95903
3886 0.959219
3887 0.960979
3888 0.960869
3889 0.959643
3890 0.959989
3891 0.959989
3892 0.959989
3893 0.959989
3894 0.955431
3895 0.954913
3896 0.955353
3897 0.955353
3898 0.955353
3899 0.95573
3900 0.957851
3901 0.957553
3902 0.956201
3903 0.958323
3904 0.955714
3905 0.949868
3906 0.95276
3907 0.952885
3908 0.948281
3909 0.951487
3910 0.945279
3911 0.93354
3912 0.935677
3913 0.926562
3914 0.909935
3915 0.909668
3916 0.896279
3917 0.896844
3918 0.894613
3919 0.896121
3920 0.893088
3921 0.894628
3922 0.898306
3923 0.897143
3924 0.898526
3925 0.898133
3926 0.895493
3927 0.894738
3928 0.896231
3929 0.896389
3930 0.896923
3931 0.901229
3932 0.91179
3933 0.910815
3934 0.923812
3935 0.952288
3936 0.947809
3937 0.949444
3938 0.954693
3939 0.954378
3940 0.9554
3941 0.954865
3942 0.95573
3943 0.95584
3944 0.962487
3945 0.962833
3946 0.962927
3947 0.962645
3948 0.959439
3949 0.961796
3950 0.962362
3951 0.96178
3952 0.961765
3953 0.96178
3954 0.95914
3955 0.96255
3956 0.962613
3957 0.959816
3958 0.95969
3959 0.956453
3960 0.957851
3961 0.955683
3962 0.954551
3963 0.945861
3964 0.963273
3965 0.955541
3966 0.96376
3967 0.96376
3968 0.96376
3969 0.970455
3970 0.966621
3971 0.970219
3972 0.970172
3973 0.970282
3974 0.970314
3975 0.970314
3976 0.971414
3977 0.967563
3978 0.961717
3979 0.971178
3980 0.971194
3981 0.970251
3982 0.970707
3983 0.971257
3984 0.970392
3985 0.970848
3986 0.970549
3987 0.970125
3988 0.969937
3989 0.969214
3990 0.969041
3991 0.969009
3992 0.968601
3993 0.968758
3994 0.968899
3995 0.967862
3996 0.962927
3997 0.963179
3998 0.962817
3999 0.955541
4000 0.934278
4001 0.931214
4002 0.927992
4003 0.94234
4004 0.944619
4005 0.949302
4006 0.959612
4007 0.967736
4008 0.966935
4009 0.967265
4010 0.967752
4011 0.968726
4012 0.967626
4013 0.970141
4014 0.970157
4015 0.968742
4016 0.968774
4017 0.969606
4018 0.969591
4019 0.972702
4020 0.971854
4021 0.972561
4022 0.973064
4023 0.972954
4024 0.973001
4025 0.972907
4026 0.973017
4027 0.973048
4028 0.972797
4029 0.972687
4030 0.972137
4031 0.971602
4032 0.971822
4033 0.971445
4034 0.971429
4035 0.97198
4036 0.971948
4037 0.971665
4038 0.972341
4039 0.966526
4040 0.968224
4041 0.950795
4042 0.940816
4043 0.924425
4044 0.906226
4045 0.895084
4046 0.89686
4047 0.898667
4048 0.917196
4049 0.922288
4050 0.910375
4051 0.922618
4052 0.91443
4053 0.912607
4054 0.911978
4055 0.916253
4056 0.911475
4057 0.913078
4058 0.914163
4059 0.922256
4060 0.933634
4061 0.962629
4062 0.933524
4063 0.963745
4064 0.961827
4065 0.960916
4066 0.961796
4067 0.961497
4068 0.962047
4069 0.967422
4070 0.968098
4071 0.968569
4072 0.967988
4073 0.968161
4074 0.968365
4075 0.968459
4076 0.968381
4077 0.968852
4078 0.968868
4079 0.968852
4080 0.968334
4081 0.968632
4082 0.968726
4083 0.968726
4084 0.968742
4085 0.968742
4086 0.968758
4087 0.968758
4088 0.968601
4089 0.966699
4090 0.966416
4091 0.966228
4092 0.966793
4093 0.96541
4094 0.959344
4095 0.95925
4096 0.958826
4097 0.958496
4098 0.958354
4099 0.953608
4100 0.951675
4101 0.950528
4102 0.948076
4103 0.941885
4104 0.940973
4105 0.947244
4106 0.948218
4107 0.948768
4108 0.952932
4109 0.952712
4110 0.951031
4111 0.952445
4112 0.954158
4113 0.95375
4114 0.953388
4115 0.952712
4116 0.939197
4117 0.939622
4118 0.927191
4119 0.949585
4120 0.949491
4121 0.948956
4122 0.948595
4123 0.949019
4124 0.948768
4125 0.948689
4126 0.947841
4127 0.950151
4128 0.950167
4129 0.950104
4130 0.950669
4131 0.951062
4132 0.950198
4133 0.950371
4134 0.949585
4135 0.949412
4136 0.949397
4137 0.949632
4138 0.949727
4139 0.949459
4140 0.949852
4141 0.949617
4142 0.949601
4143 0.949381
4144 0.946976
4145 0.947636
4146 0.946914
4147 0.946976
4148 0.946631
4149 0.945782
4150 0.944242
4151 0.943063
4152 0.939606
4153 0.93695
4154 0.935614
4155 0.934247
4156 0.931308
4157 0.917259
4158 0.928024
4159 0.927914
4160 0.925525
4161 0.923498
4162 0.919427
4163 0.917683
4164 0.916237
4165 0.914068
4166 0.914414
4167 0.922209
4168 0.918013
4169 0.916551
4170 0.914744
4171 0.912481
4172 0.907044
4173 0.907437
4174 0.903539
4175 0.900899
4176 0.897269
4177 0.895933
4178 0.879589
4179 0.868101
4180 0.873727
4181 0.883486
4182 0.87797
4183 0.884272
4184 0.88204
4185 0.881459
4186 0.890244
4187 0.888311
4188 0.887415
4189 0.893968
4190 0.894974
4191 0.893591
4192 0.895823
4193 0.894377
4194 0.883078
4195 0.893638
4196 0.89422
4197 0.903681
4198 0.904293
4199 0.901308
4200 0.899767
4201 0.894188
4202 0.889647
4203 0.882701
4204 0.900883
4205 0.899249
4206 0.89895
4207 0.887101
4208 0.883738
4209 0.882889
4210 0.881899
4211 0.882103
4212 0.880988
4213 0.881506
4214 0.879227
4215 0.884303
4216 0.879369
4217 0.880202
4218 0.937987
4219 0.944006
4220 0.946442
4221 0.922366
4222 0.916646
4223 0.92323
4224 0.939606
4225 0.93948
4226 0.941507
4227 0.946898
4228 0.902062
4229 0.906289
4230 0.911758
4231 0.913078
4232 0.913958
4233 0.919034
4234 0.924393
4235 0.928888
4236 0.943566
4237 0.947982
4238 0.95661
4239 0.961859
4240 0.962503
4241 0.964546
4242 0.964436
4243 0.960397
4244 0.923183
4245 0.92059
4246 0.903335
4247 0.898604
4248 0.842988
4249 0.842171
4250 0.836733
4251 0.831154
4252 0.838289
4253 0.833763
4254 0.837267
4255 0.835853
4256 0.837959
4257 0.83854
4258 0.847781
4259 0.855529
4260 0.858405
4261 0.865854
4262 0.872533
4263 0.877734
4264 0.863229
4265 0.863858
4266 0.87269
4267 0.876854
4268 0.879856
4269 0.897992
4270 0.909762
4271 0.918422
4272 0.936054
4273 0.945688
4274 0.934986
4275 0.943048
4276 0.946882
4277 0.950465
4278 0.959706
4279 0.958229
4280 0.958386
4281 0.951157
4282 0.954174
4283 0.952807
4284 0.953357
4285 0.952005
4286 0.948941
4287 0.948595
4288 0.953483
4289 0.961529
4290 0.964578
4291 0.947684
4292 0.938757
4293 0.923938
4294 0.930412
4295 0.91102
4296 0.895367
4297 0.887745
4298 0.880658
4299 0.87599
4300 0.867425
4301 0.864078
4302 0.860809
4303 0.846728
4304 0.843145
4305 0.845298
4306 0.841605
4307 0.843318
4308 0.846005
4309 0.842563
4310 0.826942
4311 0.824727
4312 0.808194
4313 0.804187
4314 0.793547
4315 0.795952
4316 0.807613
4317 0.845927
4318 0.767177
4319 0.749654
4320 0.735259
4321 0.73254
4322 0.732257
4323 0.703042
4324 0.729177
4325 0.718852
4326 0.729114
4327 0.720754
4328 0.717784
4329 0.720801
4330 0.725264
4331 0.738308
4332 0.738308
4333 0.750566
4334 0.757009
4335 0.769361
4336 0.762148
4337 0.763641
4338 0.760136
4339 0.761661
4340 0.764222
4341 0.768308
4342 0.772394
4343 0.780126
4344 0.789351
4345 0.805821
4346 0.815879
4347 0.814072
4348 0.826062
4349 0.833119
4350 0.843271
4351 0.854271
4352 0.853077
4353 0.867095
4354 0.867221
4355 0.869531
4356 0.871904
4357 0.856094
4358 0.849918
4359 0.84041
4360 0.83997
4361 0.844952
4362 0.8381
4363 0.850688
4364 0.844465
4365 0.841039
4366 0.814213
4367 0.828074
4368 0.822134
4369 0.825685
4370 0.824491
4371 0.847262
4372 0.843349
4373 0.836607
4374 0.828938
4375 0.805318
4376 0.811809
4377 0.816005
4378 0.820531
4379 0.805444
4380 0.804171
4381 0.806277
4382 0.801578
4383 0.796345
4384 0.801091
4385 0.800933
4386 0.81888
4387 0.844151
4388 0.852087
4389 0.861359
4390 0.870301
4391 0.883895
4392 0.894801
4393 0.906384
4394 0.874419
4395 0.885325
4396 0.894408
4397 0.898636
4398 0.891313
4399 0.885435
4400 0.900867
4401 0.892947
4402 0.903335
4403 0.903005
4404 0.901119
4405 0.902219
4406 0.897599
4407 0.898212
4408 0.908929
4409 0.910941
4410 0.922775
4411 0.91586
4412 0.908222
4413 0.90137
4414 0.885844
4415 0.884272
4416 0.881663
4417 0.880249
4418 0.883141
4419 0.882371
4420 0.890244
4421 0.89202
4422 0.888169
4423 0.887902
4424 0.892444
4425 0.887462
4426 0.87159
4427 0.868541
4428 0.857352
4429 0.87885
4430 0.829535
4431 0.882009
4432 0.88017
4433 0.905472
4434 0.806685
4435 0.801421
4436 0.798105
4437 0.749654
4438 0.740209
4439 0.726191
4440 0.758376
4441 0.713305
4442 0.703608
4443 0.702822
4444 0.692875
4445 0.705808
4446 0.707569
4447 0.730874
4448 0.743101
4449 0.759115
4450 0.774045
4451 0.77758
4452 0.785312
4453 0.796549
4454 0.800163
4455 0.797948
4456 0.815109
4457 0.799126
4458 0.804438
4459 0.786428
4460 0.789508
4461 0.786491
4462 0.780189
4463 0.778806
4464 0.789948
4465 0.785108
4466 0.788157
4467 0.780865
4468 0.784794
4469 0.786397
4470 0.776009
4471 0.755469
4472 0.759791
4473 0.753567
4474 0.743604
4475 0.734096
4476 0.694289
4477 0.682675
4478 0.658552
4479 0.648903
4480 0.644456
4481 0.632418
4482 0.617692
4483 0.607493
4484 0.607776
4485 0.609678
4486 0.60996
4487 0.606849
4488 0.605309
4489 0.599478
4490 0.613528
4491 0.595864
4492 0.583606
4493 0.561966
4494 0.54438
4495 0.544946
4496 0.547209
4497 0.537607
4498 0.507921
4499 0.509099
4500 0.490539
4501 0.4821
4502 0.466621
4503 0.50506
4504 0.486768
4505 0.49318
4506 0.553747
4507 0.527565
4508 0.530802
4509 0.567702
4510 0.590615
4511 0.59863
4512 0.646373
4513 0.640873
4514 0.654011
4515 0.686777
4516 0.720785
4517 0.748036
4518 0.756648
4519 0.779938
4520 0.788896
4521 0.799362
4522 0.81305
4523 0.815077
4524 0.844339
4525 0.850123
4526 0.832459
4527 0.835602
4528 0.865539
4529 0.873114
4530 0.89543
4531 0.93684
4532 0.941963
4533 0.961655
4534 0.966825
4535 0.976616
4536 0.949522
4537 0.955447
4538 0.955557
4539 0.95595
4540 0.962692
4541 0.96486
4542 0.97374
4543 0.970157
4544 0.964373
4545 0.949962
4546 0.95848
4547 0.958543
4548 0.947118
4549 0.940769
4550 0.938301
4551 0.930962
4552 0.927741
4553 0.92378
4554 0.902533
4555 0.900915
4556 0.892098
4557 0.837613
4558 0.810724
4559 0.801122
4560 0.780016
4561 0.763987
4562 0.779042
4563 0.758392
4564 0.709187
4565 0.711812
4566 0.697951
4567 0.661601
4568 0.656352
4569 0.690706
4570 0.671942
4571 0.690454
4572 0.721964
4573 0.750864
4574 0.794443
4575 0.814653
4576 0.818802
4577 0.820546
4578 0.8103
4579 0.818032
4580 0.817403
4581 0.825151
4582 0.819713
4583 0.819698
4584 0.803495
4585 0.802536
4586 0.770634
4587 0.772803
4588 0.75407
4589 0.750849
4590 0.750157
4591 0.757182
4592 0.757606
4593 0.755218
4594 0.749921
4595 0.737679
4596 0.718082
4597 0.70111
4598 0.696253
4599 0.689103
4600 0.711482
4601 0.687846
4602 0.710963
4603 0.715583
4604 0.716243
4605 0.716903
4606 0.715065
4607 0.717312
4608 0.694399
4609 0.725468
4610 0.726726
4611 0.759995
4612 0.77219
4613 0.778178
4614 0.786853
4615 0.788613
4616 0.776858
4617 0.776669
4618 0.765307
4619 0.75209
4620 0.719606
4621 0.696882
4622 0.688459
4623 0.620867
4624 0.60776
4625 0.595109
4626 0.574192
4627 0.545936
4628 0.535564
4629 0.505563
4630 0.476883
4631 0.461497
4632 0.454614
4633 0.434734
4634 0.441382
4635 0.443786
4636 0.452398
4637 0.452492
4638 0.478407
4639 0.495207
4640 0.512887
4641 0.527235
4642 0.540907
4643 0.548058
4644 0.535831
4645 0.560284
4646 0.554815
4647 0.55535
4648 0.57831
4649 0.567749
4650 0.584989
4651 0.580384
4652 0.58722
4653 0.625409
4654 0.641155
4655 0.638704
4656 0.675163
4657 0.647976
4658 0.645131
4659 0.64279
4660 0.658065
4661 0.66124
4662 0.66531
4663 0.660297
4664 0.662575
4665 0.695326
4666 0.702571
4667 0.719245
4668 0.726678
4669 0.770949
4670 0.773243
4671 0.746433
4672 0.738858
4673 0.741325
4674 0.732352
4675 0.681937
4676 0.67334
4677 0.632591
4678 0.581248
4679 0.551311
4680 0.509178
4681 0.491907
4682 0.488371
4683 0.468695
4684 0.420637
4685 0.401685
4686 0.378159
4687 0.356864
4688 0.341291
4689 0.322558
4690 0.315722
4691 0.308288
4692 0.307958
4693 0.312123
4694 0.301185
4695 0.307503
4696 0.319226
4697 0.324538
4698 0.349227
4699 0.355482
4700 0.359253
4701 0.362773
4702 0.36939
4703 0.371543
4704 0.396923
4705 0.399249
4706 0.384791
4707 0.385765
4708 0.407122
4709 0.394456
4710 0.376634
4711 0.366357
4712 0.355434
4713 0.349588
4714 0.37467
4715 0.35039
4716 0.377184
4717 0.387117
4718 0.347718
4719 0.393277
4720 0.381035
4721 0.38006
4722 0.388201
4723 0.406462
4724 0.421329
4725 0.440282
4726 0.478423
4727 0.477386
4728 0.553841
4729 0.562013
4730 0.573359
4731 0.59019
4732 0.642538
4733 0.653948
4734 0.639411
4735 0.629903
4736 0.625754
4737 0.622061
4738 0.633581
4739 0.6407
4740 0.655629
4741 0.660784
4742 0.660045
4743 0.667919
4744 0.681151
4745 0.6853
4746 0.688946
4747 0.647504
4748 0.650789
4749 0.655944
4750 0.668422
4751 0.672759
4752 0.690172
4753 0.701424
4754 0.708574
4755 0.721728
4756 0.721649
4757 0.693425
4758 0.710083
4759 0.710837
4760 0.717563
4761 0.706217
4762 0.704551
4763 0.700921
4764 0.690675
4765 0.67114
4766 0.67004
4767 0.649343
4768 0.64466
4769 0.58865
4770 0.624089
4771 0.600264
4772 0.597482
4773 0.595958
4774 0.589562
4775 0.585759
4776 0.558383
4777 0.532122
4778 0.52307
4779 0.503316
4780 0.473032
4781 0.460036
4782 0.43321
4783 0.413047
4784 0.399186
4785 0.369452
4786 0.334973
4787 0.317042
4788 0.279671
4789 0.247611
4790 0.230733
4791 0.197982
4792 0.167541
4793 0.146829
4794 0.110872
4795 0.0882418
4796 0.0776182
4797 0.0582569
4798 0.0415671
4799 0.0339452
4800 0.0200057
4801 0.00732336
4802 0.000377169
4803 0
4804 0
4805 0
4806 0
4807 0
4808 0
4809 0
4810 0
4811 0
4812 0
4813 0
4814 0
4815 0
4816 0
4817 0
4818 0
4819 0
4820 0
4821 0
4822 0
4823 0
4824 0
4825 0
4826 0
4827 0
4828 0
4829 0
4830 0
4831 0
4832 0
4833 0
4834 0
4835 0
4836 0
4837 0
4838 0
4839 0.00106864
4840 0.00114722
4841 0.00084863
4842 0.00121008
4843 0.000675761
4844 0.000534322
4845 0
4846 0
4847 0
4848 0
4849 0
4850 0
4851 0
4852 0.00023573
4853 0.000974353
4854 0.00234159
4855 0.00275019
4856 0.00350453
4857 0.00452602
4858 0.00433744
4859 0.00240445
4860 0.00193299
4861 0.00165011
4862 0.00221587
4863 0.00182298
4864 0.00212157
4865 0.00179155
4866 0.002043
4867 0.00210586
4868 0.002043
4869 0.00319022
4870 0.00331594
4871 0.00364596
4872 0.00295449
4873 0.00237302
4874 0.00169726
4875 0.00216872
4876 0.00226301
4877 0.00237302
4878 0.00238874
4879 0.0023573
4880 0.00202728
4881 0.00199585
4882 0.00254589
4883 0.00210586
4884 0.00194871
4885 0.00150867
4886 0.00185441
4887 0.00232587
4888 0.00147724
4889 0.00165011
4890 0.00201157
4891 0.00194871
4892 0.00199585
4893 0.00262447
4894 0.0024516
4895 0.00188584
4896 0.000832914
4897 0
4898 0
4899 0
4900 0
4901 0
4902 0
4903 0
4904 0
4905 0
4906 0
4907 0
4908 0
4909 0
4910 0
4911 0
4912 0
4913 0
4914 0
4915 0
4916 0
4917 0
4918 0
4919 0
4920 0
4921 0
4922 0
4923 0
4924 0
4925 0
4926 0
4927 0
4928 0
4929 0
4930 0
4931 0
4932 0
4933 0
4934 0
4935 0
4936 0
4937 0
4938 0
4939 0.00986925
4940 0.0332537
4941 0.0574868
4942 0.0691633
4943 0.0911334
4944 0.107069
4945 0.112318
4946 0.12874
4947 0.149799
4948 0.161302
4949 0.171235
4950 0.178951
4951 0.178699
4952 0.186038
4953 0.207757
4954 0.219984
4955 0.245851
4956 0.251147
4957 0.263845
4958 0.265338
4959 0.284354
4960 0.288503
4961 0.303935
4962 0.313584
4963 0.323265
4964 0.324695
4965 0.30865
4966 0.302426
4967 0.284401
4968 0.265653
4969 0.25209
4970 0.222844
4971 0.201408
4972 0.192246
4973 0.168799
4974 0.148573
4975 0.141077
4976 0.120883
4977 0.101678
4978 0.0926892
4979 0.0713949
4980 0.0539508
4981 0.0449774
4982 0.0289791
4983 0.0137038
4984 0.00730764
4985 0
4986 0
4987 0
4988 0
4989 0
4990 0
4991 0.0221429
4992 0.0460303
4993 0.0592312
4994 0.0862145
4995 0.100185
4996 0.106252
4997 0.126069
4998 0.146514
4999 0.156462
5000 0.181654
5001 0.205353
5002 0.226411
5003 0.252404
5004 0.263327
5005 0.269566
5006 0.309011
5007 0.323909
5008 0.308587
5009 0.323406
5010 0.339452
5011 0.346194
5012 0.337377
5013 0.335036
5014 0.329818
5015 0.311054
5016 0.288377
5017 0.276999
5018 0.241435
5019 0.215913
5020 0.198736
5021 0.169286
5022 0.137069
5023 0.129997
5024 0.110008
5025 0.0907877
5026 0.0800698
5027 0.0634901
5028 0.0472247
5029 0.0384398
5030 0.0247831
5031 0.0116451
5032 0.00605041
5033 0
5034 0
5035 0
5036 0
5037 0
5038 0
5039 0
5040 0
5041 0
5042 0
5043 0.00238874
5044 0.00528036
5045 0.0131695
5046 0.0258675
5047 0.0309436
5048 0.040247
5049 0.0501634
5050 0.0546109
5051 0.0652345
5052 0.0724164
5053 0.0758109
5054 0.080997
5055 0.0805884
5056 0.0780268
5057 0.069179
5058 0.0629872
5059 0.0578483
5060 0.0507449
5061 0.0435001
5062 0.0394456
5063 0.0323579
5064 0.0261818
5065 0.0216401
5066 0.0169569
5067 0.0101993
5068 0.00763767
5069 0.00939779
5070 0.0226773
5071 0.0290263
5072 0.0523164
5073 0.0779168
5074 0.0957066
5075 0.131255
5076 0.176751
5077 0.198564
5078 0.225107
5079 0.241168
5080 0.245395
5081 0.261739
5082 0.280504
5083 0.282562
5084 0.300619
5085 0.304155
5086 0.302332
5087 0.308697
5088 0.314779
5089 0.313286
5090 0.332946
5091 0.307298
5092 0.308351
5093 0.326141
5094 0.339593
5095 0.347781
5096 0.376163
5097 0.428841
5098 0.434105
5099 0.41421
5100 0.415168
5101 0.4119
5102 0.389568
5103 0.365602
5104 0.366969
5105 0.368494
5106 0.364062
5107 0.346634
5108 0.338273
5109 0.34698
5110 0.356849
5111 0.368117
5112 0.373743
5113 0.386975
5114 0.383125
5115 0.378002
5116 0.365272
5117 0.328844
5118 0.290247
5119 0.27505
5120 0.241341
5121 0.212959
5122 0.197416
5123 0.170826
5124 0.127546
5125 0.113889
5126 0.0829614
5127 0.0569839
5128 0.0457631
5129 0.0221115
5130 0.00121008
5131 0.000392884
5132 0
5133 0
5134 0
5135 0
5136 0
5137 0
5138 0
5139 0
5140 0
5141 0
5142 0
5143 0
5144 0
5145 0
5146 0
5147 0
5148 0
5149 0
5150 0
5151 0
5152 0
5153 0
5154 0
5155 0
5156 0
5157 0
5158 0
5159 0
5160 0
5161 0
5162 0
5163 0
5164 0
5165 0
5166 0
5167 0
5168 0
5169 0
5170 0
5171 0
5172 0
5173 0
5174 0
5175 0
5176 0
5177 0
5178 0
5179 0
5180 0
5181 0
5182 0
5183 0
5184 0
5185 0
5186 0
5187 0
5188 0
5189 0
5190 0
5191 0
5192 0
5193 0
5194 0
5195 0
5196 0
5197 0
5198 0
5199 0
5200 0
5201 0
5202 0
5203 0
5204 0
5205 0
5206 0
5207 0
5208 0
5209 0
5210 0
5211 0
5212 0
5213 0
5214 0
5215 0
5216 0
5217 0
5218 0
5219 0
5220 0
5221 0
5222 0
5223 0
5224 0
5225 0
5226 0
5227 0
5228 0
5229 0
5230 0
5231 0
5232 0
5233 0
5234 0
5235 0
5236 0
5237 0
5238 0
5239 0
5240 0
5241 0
5242 0
5243 0
5244 0
5245 0
5246 0
5247 0
5248 0
5249 0
5250 0
5251 0
5252 0
5253 0
5254 0
5255 0
5256 0
5257 0
5258 0
5259 0
5260 0
5261 0
5262 0
5263 0
5264 0
5265 0
5266 0
5267 0
5268 0
5269 0
5270 0
5271 0
5272 0
5273 0
5274 0
5275 0
5276 0
5277 0
5278 0
5279 0
5280 0
5281 0
5282 0
5283 0
5284 0
5285 0
5286 0
5287 0
5288 0
5289 0
5290 0
5291 0
5292 0
5293 0
5294 0.00223158
5295 0.000471461
5296 0
5297 0
5298 0
5299 0.0054218
5300 0.0084863
5301 0.0156996
5302 0.022803
5303 0.0260718
5304 0.033348
5305 0.0386441
5306 0.0418657
5307 0.0481833
5308 0.0538566
5309 0.0564653
5310 0.0614471
5311 0.0660202
5312 0.0682518
5313 0.0723221
5314 0.0766753
5315 0.0781368
5316 0.0807927
5317 0.0832914
5318 0.0835743
5319 0.0879746
5320 0.087126
5321 0.0872203
5322 0.0882889
5323 0.0901433
5324 0.0903319
5325 0.0918563
5326 0.0917149
5327 0.0921706
5328 0.0922963
5329 0.0925006
5330 0.0931764
5331 0.0928307
5332 0.0935064
5333 0.0932393
5334 0.0933178
5335 0.0935693
5336 0.0942922
5337 0.0942922
5338 0.0936164
5339 0.095848
5340 0.0996511
5341 0.103203
5342 0.105151
5343 0.108797
5344 0.116875
5345 0.119185
5346 0.121794
5347 0.126116
5348 0.12819
5349 0.132983
5350 0.138217
5351 0.14114
5352 0.146184
5353 0.1484
5354 0.149312
5355 0.154309
5356 0.157814
5357 0.158788
5358 0.16278
5359 0.165907
5360 0.16773
5361 0.171549
5362 0.173733
5363 0.173765
5364 0.175321
5365 0.177238
5366 0.178181
5367 0.180884
5368 0.181795
5369 0.180507
5370 0.182361
5371 0.183414
5372 0.183744
5373 0.184514
5374 0.185756
5375 0.186211
5376 0.186793
5377 0.186966
5378 0.187469
5379 0.187201
5380 0.188349
5381 0.189732
5382 0.190423
5383 0.196348
5384 0.198579
5385 0.203231
5386 0.20694
5387 0.210036
5388 0.211717
5389 0.213745
5390 0.215269
5391 0.215631
5392 0.218994
5393 0.221602
5394 0.224353
5395 0.226883
5396 0.230041
5397 0.23331
5398 0.236658
5399 0.237475
5400 0.240712
5401 0.241545
5402 0.243038
5403 0.244295
5404 0.246495
5405 0.245537
5406 0.24802
5407 0.247988
5408 0.247863
5409 0.249937
5410 0.248664
5411 0.24835
5412 0.250031
5413 0.250754
5414 0.250534
5415 0.250754
5416 0.251226
5417 0.249529
5418 0.249324
5419 0.252907
5420 0.252939
5421 0.256553
5422 0.259916
5423 0.263295
5424 0.267648
5425 0.271829
5426 0.272724
5427 0.276716
5428 0.279702
5429 0.280063
5430 0.283678
5431 0.287057
5432 0.284464
5433 0.283348
5434 0.28536
5435 0.285752
5436 0.288597
5437 0.289933
5438 0.291331
5439 0.291724
5440 0.292101
5441 0.293186
5442 0.295622
5443 0.296816
5444 0.297696
5445 0.299456
5446 0.301531
5447 0.299692
5448 0.300509
5449 0.303307
5450 0.305224
5451 0.308115
5452 0.306638
5453 0.309781
5454 0.310551
5455 0.313019
5456 0.31415
5457 0.314967
5458 0.316036
5459 0.316806
5460 0.318252
5461 0.323532
5462 0.327524
5463 0.326047
5464 0.325827
5465 0.325324
5466 0.325874
5467 0.326597
5468 0.326267
5469 0.327885
5470 0.328954
5471 0.326518
5472 0.326927
5473 0.328687
5474 0.327461
5475 0.32655
5476 0.327728
5477 0.327917
5478 0.326565
5479 0.32644
5480 0.326754
5481 0.326565
5482 0.331641
5483 0.329724
5484 0.330997
5485 0.329363
5486 0.3293
5487 0.329913
5488 0.330243
5489 0.332396
5490 0.3326
5491 0.334643
5492 0.334784
5493 0.333213
5494 0.345534
5495 0.343978
5496 0.347184
5497 0.350861
5498 0.352794
5499 0.353124
5500 0.353706
5501 0.353627
5502 0.353423
5503 0.354303
5504 0.354649
5505 0.356833
5506 0.356236
5507 0.357147
5508 0.368714
5509 0.370788
5510 0.371323
5511 0.371228
5512 0.359819
5513 0.361312
5514 0.361422
5515 0.360888
5516 0.360385
5517 0.359599
5518 0.359316
5519 0.387745
5520 0.381742
5521 0.378253
5522 0.379322
5523 0.377294
5524 0.374701
5525 0.374104
5526 0.37225
5527 0.377609
5528 0.378159
5529 0.377546
5530 0.378127
5531 0.378127
5532 0.378457
5533 0.378332
5534 0.380249
5535 0.3794
5536 0.380658
5537 0.379416
5538 0.379353
5539 0.382072
5540 0.382638
5541 0.380878
5542 0.380846
5543 0.380532
5544 0.39895
5545 0.397394
5546 0.391925
5547 0.389097
5548 0.38949
5549 0.388484
5550 0.383973
5551 0.383911
5552 0.383581
5553 0.382763
5554 0.38204
5555 0.380846
5556 0.380988
5557 0.378725
5558 0.376713
5559 0.374576
5560 0.374293
5561 0.376021
5562 0.377467
5563 0.37797
5564 0.376477
5565 0.374827
5566 0.375157
5567 0.375644
5568 0.375267
5569 0.386158
5570 0.385812
5571 0.386174
5572 0.385451
5573 0.385042
5574 0.384885
5575 0.384759
5576 0.384193
5577 0.383251
5578 0.384083
5579 0.382638
5580 0.382229
5581 0.380092
5582 0.378002
5583 0.380783
5584 0.380673
5585 0.38094
5586 0.380375
5587 0.380422
5588 0.380705
5589 0.382056
5590 0.385702
5591 0.387949
5592 0.387179
5593 0.385844
5594 0.405959
5595 0.407311
5596 0.405944
5597 0.407468
5598 0.407594
5599 0.406274
5600 0.407704
5601 0.407971
5602 0.407437
5603 0.407515
5604 0.405598
5605 0.408631
5606 0.408898
5607 0.411585
5608 0.410532
5609 0.413377
5610 0.410752
5611 0.411365
5612 0.409574
5613 0.409244
5614 0.409762
5615 0.409872
5616 0.410674
5617 0.412858
5618 0.412921
5619 0.427505
5620 0.426594
5621 0.425729
5622 0.427458
5623 0.428039
5624 0.429972
5625 0.429155
5626 0.428479
5627 0.428086
5628 0.427646
5629 0.427206
5630 0.426484
5631 0.424001
5632 0.423058
5633 0.423985
5634 0.422162
5635 0.427411
5636 0.430947
5637 0.432754
5638 0.437751
5639 0.441209
5640 0.440564
5641 0.446018
5642 0.46376
5643 0.47297
5644 0.650082
5645 0.649909
5646 0.652973
5647 0.664226
5648 0.660595
5649 0.683398
5650 0.682613
5651 0.683257
5652 0.736972
5653 0.747643
5654 0.77065
5655 0.861485
5656 0.849683
5657 0.870223
5658 0.84995
5659 0.848975
5660 0.884571
5661 0.921942
5662 0.904922
5663 0.913644
5664 0.902958
5665 0.89961
5666 0.926091
5667 0.890275
5668 0.916441
5669 0.909605
5670 0.893623
5671 0.896923
5672 0.891721
5673 0.897002
5674 0.890181
5675 0.889584
5676 0.899469
5677 0.910768
5678 0.888421
5679 0.908427
5680 0.914917
5681 0.934404
5682 0.919459
5683 0.914854
5684 0.908144
5685 0.899343
5686 0.903806
5687 0.907468
5688 0.935158
5689 0.912088
5690 0.928102
5691 0.917101
5692 0.924425
5693 0.91454
5694 0.976018
5695 0.980277
5696 0.978077
5697 0.966463
5698 0.980214
5699 0.980309
5700 0.997156
5701 0.997533
5702 0.997863
5703 0.999717
5704 0.999356
5705 0.999717
5706 0.999434
5707 0.999387
5708 1
5709 1
5710 1
5711 1
5712 1
5713 1
5714 1
5715 1
5716 1
5717 1
5718 1
5719 1
5720 1
5721 1
5722 1
5723 1
5724 1
5725 1
5726 1
5727 1
5728 1
5729 1
5730 1
5731 1
5732 1
5733 1
5734 1
5735 1
5736 1
4 , runtime: 391
