0 0.154847
1 0.122619
2 0.108408
3 0.0833573
4 0.0589291
5 0.0478036
6 0.0292851
7 0.015791
8 0.00775194
9 0.00507226
10 0.00665135
11 0.00830223
12 0.00959422
13 0.0109819
14 0.0114126
15 0.0127763
16 0.0132309
17 0.0132549
18 0.0138291
19 0.0138769
20 0.0140205
21 0.0144272
22 0.0143076
23 0.0144272
24 0.0144272
25 0.014499
26 0.014499
27 0.014499
28 0.0143794
29 0.0144033
30 0.0144033
31 0.0144033
32 0.0144033
33 0.0144033
34 0.0143315
35 0.0142358
36 0.0142837
37 0.0143554
38 0.0143554
39 0.0143554
40 0.0139487
41 0.0136855
42 0.0136855
43 0.0136377
44 0.0151211
45 0.0150971
46 0.014499
47 0.0144751
48 0.0144751
49 0.0144751
50 0.0144751
51 0.0144751
52 0.0144751
53 0.0145708
54 0.0146665
55 0.0146904
56 0.0146904
57 0.0146665
58 0.0146665
59 0.0147383
60 0.0146665
61 0.0146904
62 0.0146904
63 0.0149057
64 0.0150014
65 0.0150014
66 0.0150014
67 0.0150254
68 0.0150254
69 0.015145
70 0.0149536
71 0.0154321
72 0.0150493
73 0.0181836
74 0.0201455
75 0.0222749
76 0.0240932
77 0.0257919
78 0.0292851
79 0.035745
80 0.0373959
81 0.0423486
82 0.0485214
83 0.0517753
84 0.057039
85 0.0656044
86 0.0686908
87 0.0763709
88 0.0798163
89 0.0781414
90 0.0715858
91 0.0667528
92 0.0654369
93 0.0620634
94 0.0699349
95 0.0669681
96 0.0668964
97 0.0662264
98 0.0651976
99 0.0654369
100 0.0639774
101 0.0617762
102 0.062829
103 0.0656761
104 0.0642406
105 0.0627333
106 0.0604364
107 0.0570629
108 0.0588812
109 0.057039
110 0.0571107
111 0.0545028
112 0.0544789
113 0.0552206
114 0.0577806
115 0.0551488
116 0.0549335
117 0.0554599
118 0.0544789
119 0.0542157
120 0.0545028
121 0.0540243
122 0.0553163
123 0.0553641
124 0.0540482
125 0.0556513
126 0.0562494
127 0.058642
128 0.0588334
129 0.0574696
130 0.0591205
131 0.0606996
132 0.0627094
133 0.0625897
134 0.0615131
135 0.0638339
136 0.0655565
137 0.0683319
138 0.0733802
139 0.0760838
140 0.0785243
141 0.0789788
142 0.0807733
143 0.0813953
144 0.0801751
145 0.0822567
146 0.0827591
147 0.0804383
148 0.0773758
149 0.0768973
150 0.0750311
151 0.0732606
152 0.0725189
153 0.0712748
154 0.0685472
155 0.0676381
156 0.0656522
157 0.0640013
158 0.0636185
159 0.0639296
160 0.0628529
161 0.0620873
162 0.0587855
163 0.0572543
164 0.0568715
165 0.0559144
166 0.0559144
167 0.0563451
168 0.0555795
169 0.0533544
170 0.0530912
171 0.0530673
172 0.0539047
173 0.0530912
174 0.0519667
175 0.0505072
176 0.0498612
177 0.0499569
178 0.0503158
179 0.0498612
180 0.0495502
181 0.0493349
182 0.0501005
183 0.0497655
184 0.0503158
185 0.0502201
186 0.0494306
187 0.0493349
188 0.0489999
189 0.0483061
190 0.0480668
191 0.0480668
192 0.0480668
193 0.0472055
194 0.0476601
195 0.0475644
196 0.0476601
197 0.047349
198 0.0473012
199 0.0471337
200 0.046703
201 0.0462245
202 0.0466073
203 0.0467748
204 0.0465595
205 0.0458896
206 0.0460331
207 0.0461288
208 0.0461049
209 0.045746
210 0.0458656
211 0.0454589
212 0.0454828
213 0.0444301
214 0.0445019
215 0.0456024
216 0.0446693
217 0.0446933
218 0.0448847
219 0.0478993
220 0.0478754
221 0.0458656
222 0.046081
223 0.0457699
224 0.0458656
225 0.0459135
226 0.0463202
227 0.0462963
228 0.046057
229 0.046392
230 0.0463441
231 0.0463441
232 0.0465595
233 0.0462963
234 0.0456264
235 0.0455307
236 0.045411
237 0.0456264
238 0.0459374
239 0.0461049
240 0.047995
241 0.0478275
242 0.0480189
243 0.0478036
244 0.0498612
245 0.0505312
246 0.0495502
247 0.0479472
248 0.0467987
249 0.0469423
250 0.0474447
251 0.0478993
252 0.0478515
253 0.0479232
254 0.0471098
255 0.0472773
256 0.0470619
257 0.0462006
258 0.0462963
259 0.0459374
260 0.0461288
261 0.0458656
262 0.0464159
263 0.0460092
264 0.0458656
265 0.0451
266 0.0445736
267 0.0446693
268 0.0449325
269 0.0452436
270 0.0458656
271 0.0456503
272 0.0450043
273 0.0450522
274 0.044789
275 0.0446454
276 0.0444062
277 0.0444062
278 0.0440712
279 0.0440951
280 0.0440234
281 0.0442387
282 0.0446693
283 0.0449565
284 0.0452675
285 0.0452675
286 0.0456024
287 0.0445736
288 0.0452675
289 0.0449565
290 0.0449325
291 0.0450761
292 0.0445497
293 0.0447172
294 0.0465356
295 0.0469662
296 0.0463681
297 0.0465595
298 0.0461527
299 0.0464877
300 0.0461767
301 0.0461767
302 0.0461049
303 0.0457699
304 0.0456742
305 0.0456264
306 0.0451957
307 0.0451957
308 0.0453632
309 0.0456742
310 0.0457699
311 0.046057
312 0.0461527
313 0.0466313
314 0.0474447
315 0.0475165
316 0.0476122
317 0.0475644
318 0.0473251
319 0.0461049
320 0.0458896
321 0.044143
322 0.0432577
323 0.0430663
324 0.0435209
325 0.0440951
326 0.0432338
327 0.0429467
328 0.0432577
329 0.0433056
330 0.0444301
331 0.0440951
332 0.0440951
333 0.0452914
334 0.0456742
335 0.0457699
336 0.0458178
337 0.0456742
338 0.0458656
339 0.0462724
340 0.0466313
341 0.0466552
342 0.0467509
343 0.0462245
344 0.0498852
345 0.0512728
346 0.0495263
347 0.0498373
348 0.0487367
349 0.0489281
350 0.0492392
351 0.0493588
352 0.0497655
353 0.0479232
354 0.0477318
355 0.0479711
356 0.0475404
357 0.047684
358 0.0482582
359 0.0482343
360 0.0483061
361 0.0484496
362 0.0483061
363 0.0481625
364 0.0482343
365 0.0485214
366 0.0486889
367 0.0477797
368 0.0479472
369 0.0482104
370 0.0477797
371 0.0477797
372 0.0480429
373 0.0472533
374 0.0462963
375 0.0464159
376 0.046392
377 0.0462484
378 0.0453871
379 0.0458417
380 0.0462724
381 0.0464159
382 0.0466791
383 0.0470141
384 0.0471815
385 0.0478515
386 0.0475165
387 0.0478515
388 0.0485214
389 0.0484496
390 0.0485692
391 0.0486889
392 0.0487606
393 0.0485453
394 0.0490956
395 0.0493588
396 0.0497895
397 0.0501005
398 0.0499569
399 0.0496459
400 0.0496698
401 0.0493109
402 0.0495263
403 0.0495263
404 0.0500048
405 0.0501244
406 0.0499809
407 0.049933
408 0.0505551
409 0.0500048
410 0.050268
411 0.0503637
412 0.0510097
413 0.0504594
414 0.0501723
415 0.0490717
416 0.0490478
417 0.0481147
418 0.0478993
419 0.053163
420 0.0529237
421 0.0520385
422 0.0500287
423 0.0507943
424 0.049933
425 0.0508661
426 0.0517274
427 0.0532348
428 0.0528759
429 0.0500766
430 0.0493588
431 0.0498852
432 0.0491435
433 0.0480907
434 0.0467987
435 0.0465834
436 0.0467509
437 0.0472773
438 0.0477797
439 0.0481147
440 0.0484735
441 0.0480429
442 0.0488085
443 0.0487606
444 0.0535458
445 0.0502201
446 0.0506029
447 0.0501962
448 0.0494306
449 0.049598
450 0.0492152
451 0.0481386
452 0.0475883
453 0.0478993
454 0.0476122
455 0.0477558
456 0.0478754
457 0.0484018
458 0.0476601
459 0.0481386
460 0.0481625
461 0.0481147
462 0.0482582
463 0.04833
464 0.0480907
465 0.0491674
466 0.050268
467 0.0510575
468 0.0516078
469 0.0548856
470 0.054766
471 0.0558905
472 0.0572543
473 0.0580199
474 0.0605321
475 0.0611303
476 0.0611542
477 0.0618959
478 0.0620634
479 0.0616805
480 0.0635468
481 0.0635468
482 0.0629008
483 0.0624701
484 0.0629965
485 0.0635946
486 0.0657479
487 0.066059
488 0.0675663
489 0.0685951
490 0.0697435
491 0.069911
492 0.0722318
493 0.0737391
494 0.0736673
495 0.0743133
496 0.0749354
497 0.0752225
498 0.0762752
499 0.0774955
500 0.0771605
501 0.077639
502 0.0764188
503 0.0760599
504 0.0767059
505 0.0760121
506 0.0756292
507 0.0750072
508 0.0749833
509 0.0749115
510 0.0745765
511 0.0746961
512 0.0747201
513 0.0754618
514 0.0751986
515 0.0753182
516 0.0752704
517 0.0750311
518 0.0754378
519 0.0759164
520 0.076347
521 0.0767777
522 0.077304
523 0.077974
524 0.0792181
525 0.079912
526 0.0796488
527 0.0797923
528 0.0796488
529 0.0798641
530 0.0801991
531 0.0801751
532 0.0795291
533 0.0799837
534 0.0798402
535 0.0793856
536 0.079577
537 0.0798163
538 0.0796488
539 0.0791224
540 0.0784286
541 0.078931
542 0.0794574
543 0.0788831
544 0.0760838
545 0.0765384
546 0.0763709
547 0.0777826
548 0.0776151
549 0.0783568
550 0.0774237
551 0.07862
552 0.0787396
553 0.0783329
554 0.078596
555 0.0781175
556 0.0787396
557 0.0788114
558 0.0786917
559 0.0785003
560 0.0789071
561 0.0790506
562 0.0786439
563 0.0788831
564 0.077328
565 0.0770887
566 0.0768495
567 0.0757249
568 0.0736913
569 0.0769691
570 0.0765863
571 0.0767538
572 0.0768016
573 0.0754857
574 0.0733085
575 0.0724471
576 0.0692411
577 0.0666092
578 0.066681
579 0.0676141
580 0.0680687
581 0.0661547
582 0.0655804
583 0.0623983
584 0.061848
585 0.0600297
586 0.058953
587 0.0578285
588 0.0562255
589 0.0556034
590 0.0564647
591 0.0554838
592 0.0532108
593 0.0529955
594 0.055101
595 0.0539047
596 0.0540722
597 0.0562973
598 0.0555077
599 0.0551967
600 0.0542157
601 0.0534979
602 0.052206
603 0.0515839
604 0.0511532
605 0.05089
606 0.0503876
607 0.049933
608 0.0496938
609 0.0496938
610 0.0493109
611 0.049287
612 0.0493109
613 0.0492152
614 0.0494066
615 0.0498852
616 0.0501244
617 0.0509618
618 0.0513446
619 0.0564647
620 0.0541439
621 0.0540722
622 0.0545507
623 0.0542636
624 0.0539525
625 0.0540482
626 0.0540482
627 0.0540482
628 0.0546464
629 0.0548139
630 0.055747
631 0.0559862
632 0.0560101
633 0.0561776
634 0.055077
635 0.0544789
636 0.0561058
637 0.0569432
638 0.0558905
639 0.0564647
640 0.0559623
641 0.0558187
642 0.0553881
643 0.0564169
644 0.067016
645 0.0687147
646 0.0691693
647 0.0694564
648 0.0707484
649 0.070892
650 0.0699828
651 0.0692889
652 0.0693846
653 0.0709159
654 0.0717294
655 0.0733324
656 0.0734759
657 0.0722796
658 0.0706766
659 0.0704374
660 0.0698392
661 0.0707484
662 0.0710355
663 0.0706766
664 0.0706766
665 0.0687386
666 0.0687386
667 0.0690497
668 0.0691932
669 0.0646713
670 0.0621351
671 0.0632357
672 0.0635946
673 0.0623265
674 0.0631161
675 0.0656044
676 0.0655326
677 0.0648148
678 0.0641927
679 0.0639774
680 0.0640731
681 0.0639056
682 0.0647191
683 0.0645995
684 0.0652933
685 0.0645038
686 0.064432
687 0.0647909
688 0.0647191
689 0.064743
690 0.0647191
691 0.0639056
692 0.0639056
693 0.0640253
694 0.0732367
695 0.0726385
696 0.0740262
697 0.0716336
698 0.0705809
699 0.0675184
700 0.0677338
701 0.0691693
702 0.0703656
703 0.0706048
704 0.0705809
705 0.0710594
706 0.069911
707 0.0700306
708 0.0697674
709 0.070557
710 0.0721839
711 0.0738348
712 0.0730213
713 0.0716815
714 0.0755814
715 0.0756292
716 0.0752464
717 0.0782372
718 0.0778065
719 0.0979041
720 0.100345
721 0.100225
722 0.100991
723 0.103766
724 0.103742
725 0.103072
726 0.102354
727 0.10324
728 0.101971
729 0.102187
730 0.102259
731 0.10489
732 0.109939
733 0.10702
734 0.108982
735 0.107857
736 0.11537
737 0.125419
738 0.129582
739 0.131041
740 0.136879
741 0.135109
742 0.136425
743 0.135635
744 0.161403
745 0.176596
746 0.183199
747 0.194205
748 0.185496
749 0.189061
750 0.182147
751 0.187673
752 0.193894
753 0.199086
754 0.204445
755 0.205259
756 0.200546
757 0.185089
758 0.180735
759 0.188989
760 0.207101
761 0.212197
762 0.207532
763 0.204254
764 0.198249
765 0.185472
766 0.195449
767 0.205235
768 0.216887
769 0.250096
770 0.251125
771 0.245358
772 0.235956
773 0.228874
774 0.242607
775 0.242105
776 0.243899
777 0.240549
778 0.222581
779 0.219351
780 0.21447
781 0.228802
782 0.235477
783 0.236673
784 0.234975
785 0.226266
786 0.218203
787 0.21715
788 0.213585
789 0.219208
790 0.22471
791 0.226888
792 0.219901
793 0.212915
794 0.200043
795 0.197124
796 0.203273
797 0.207867
798 0.21471
799 0.216432
800 0.211073
801 0.206623
802 0.204852
803 0.197866
804 0.198129
805 0.195378
806 0.195641
807 0.197555
808 0.198273
809 0.199565
810 0.203871
811 0.209063
812 0.215212
813 0.222342
814 0.223682
815 0.225979
816 0.229878
817 0.23074
818 0.231266
819 0.241746
820 0.243325
821 0.243325
822 0.250742
823 0.287109
824 0.285434
825 0.299359
826 0.315317
827 0.322519
828 0.331276
829 0.343143
830 0.35233
831 0.354699
832 0.365466
833 0.371351
834 0.37293
835 0.373265
836 0.374031
837 0.368265
838 0.370083
839 0.370825
840 0.370586
841 0.370657
842 0.368217
843 0.369916
844 0.396856
845 0.395014
846 0.399871
847 0.397119
848 0.394583
849 0.392837
850 0.381783
851 0.382453
852 0.385348
853 0.384176
854 0.381735
855 0.371471
856 0.374294
857 0.373672
858 0.372356
859 0.390947
860 0.385707
861 0.380228
862 0.36994
863 0.368839
864 0.373337
865 0.36738
866 0.366614
867 0.369533
868 0.370059
869 0.392789
870 0.39255
871 0.390157
872 0.391114
873 0.389846
874 0.391521
875 0.384822
876 0.381687
877 0.380132
878 0.3725
879 0.47026
880 0.466145
881 0.467963
882 0.464973
883 0.463753
884 0.459039
885 0.457053
886 0.454637
887 0.456599
888 0.452818
889 0.45569
890 0.458226
891 0.462652
892 0.458082
893 0.446693
894 0.435759
895 0.42406
896 0.421069
897 0.418964
898 0.419992
899 0.417672
900 0.420327
901 0.420256
902 0.425184
903 0.423964
904 0.43229
905 0.425112
906 0.419442
907 0.419107
908 0.418724
909 0.418916
910 0.418007
911 0.401833
912 0.389678
913 0.391569
914 0.388721
915 0.416475
916 0.414202
917 0.413245
918 0.410087
919 0.410542
920 0.414178
921 0.414537
922 0.411236
923 0.411379
924 0.411212
925 0.411331
926 0.411499
927 0.411858
928 0.4187
929 0.445689
930 0.44655
931 0.442148
932 0.442865
933 0.445928
934 0.452077
935 0.455953
936 0.448057
937 0.448368
938 0.46081
939 0.462245
940 0.454756
941 0.464255
942 0.447172
943 0.460546
944 0.457651
945 0.459015
946 0.456503
947 0.469566
948 0.464901
949 0.473993
950 0.434755
951 0.428869
952 0.430759
953 0.431381
954 0.510121
955 0.501866
956 0.503924
957 0.490095
958 0.485046
959 0.482989
960 0.488372
961 0.474639
962 0.451479
963 0.451622
964 0.445019
965 0.445808
966 0.444827
967 0.443535
968 0.438224
969 0.430352
970 0.425782
971 0.409106
972 0.408604
973 0.408269
974 0.407072
975 0.406857
976 0.411212
977 0.402024
978 0.401258
979 0.395253
980 0.397909
981 0.394176
982 0.39566
983 0.400421
984 0.397837
985 0.39353
986 0.39365
987 0.388769
988 0.388028
989 0.38408
990 0.382357
991 0.379701
992 0.381209
993 0.383936
994 0.385085
995 0.38396
996 0.382931
997 0.383434
998 0.384415
999 0.380371
1000 0.381807
1001 0.38152
1002 0.380993
1003 0.380443
1004 0.380156
1005 0.390444
1006 0.389607
1007 0.392167
1008 0.388697
1009 0.377213
1010 0.359317
1011 0.3558
1012 0.360298
1013 0.359867
1014 0.361303
1015 0.361039
1016 0.355441
1017 0.359556
1018 0.360657
1019 0.357187
1020 0.361087
1021 0.355369
1022 0.355847
1023 0.356446
1024 0.354579
1025 0.354173
1026 0.354268
1027 0.355082
1028 0.354675
1029 0.351804
1030 0.353503
1031 0.352043
1032 0.353287
1033 0.353287
1034 0.35123
1035 0.369557
1036 0.369222
1037 0.37171
1038 0.371208
1039 0.370227
1040 0.36781
1041 0.368839
1042 0.36592
1043 0.365011
1044 0.362906
1045 0.363121
1046 0.364532
1047 0.360585
1048 0.36068
1049 0.356637
1050 0.357522
1051 0.358838
1052 0.354938
1053 0.355082
1054 0.358503
1055 0.35623
1056 0.356541
1057 0.355441
1058 0.354914
1059 0.35501
1060 0.3892
1061 0.387645
1062 0.384654
1063 0.381257
1064 0.378984
1065 0.381041
1066 0.379558
1067 0.378768
1068 0.377189
1069 0.374892
1070 0.377428
1071 0.362666
1072 0.350775
1073 0.350919
1074 0.347234
1075 0.344243
1076 0.347665
1077 0.351134
1078 0.354268
1079 0.352091
1080 0.353933
1081 0.358719
1082 0.360585
1083 0.364939
1084 0.368073
1085 0.396473
1086 0.397598
1087 0.394846
1088 0.388123
1089 0.380874
1090 0.382572
1091 0.402
1092 0.401426
1093 0.411116
1094 0.414729
1095 0.400373
1096 0.402981
1097 0.409872
1098 0.399847
1099 0.402957
1100 0.397598
1101 0.381041
1102 0.379175
1103 0.368791
1104 0.389391
1105 0.380539
1106 0.392286
1107 0.393052
1108 0.389989
1109 0.379175
1110 0.409872
1111 0.407383
1112 0.410494
1113 0.406474
1114 0.395971
1115 0.397263
1116 0.396976
1117 0.396354
1118 0.391592
1119 0.389511
1120 0.388147
1121 0.378218
1122 0.376448
1123 0.380826
1124 0.377405
1125 0.375012
1126 0.377739
1127 0.38475
1128 0.388171
1129 0.388554
1130 0.394966
1131 0.390205
1132 0.388985
1133 0.395014
1134 0.393052
1135 0.424084
1136 0.413963
1137 0.414777
1138 0.414681
1139 0.418892
1140 0.440425
1141 0.425304
1142 0.417911
1143 0.403101
1144 0.405063
1145 0.413078
1146 0.387549
1147 0.38475
1148 0.386927
1149 0.361949
1150 0.360704
1151 0.357403
1152 0.35044
1153 0.348646
1154 0.324409
1155 0.334482
1156 0.321323
1157 0.328452
1158 0.330582
1159 0.323907
1160 0.317399
1161 0.320222
1162 0.314217
1163 0.308905
1164 0.302852
1165 0.307278
1166 0.343765
1167 0.340296
1168 0.354843
1169 0.350679
1170 0.356685
1171 0.3441
1172 0.347306
1173 0.346445
1174 0.344985
1175 0.335893
1176 0.33429
1177 0.328859
1178 0.338573
1179 0.336779
1180 0.339793
1181 0.351995
1182 0.369581
1183 0.384869
1184 0.380682
1185 0.442746
1186 0.480812
1187 0.474543
1188 0.47995
1189 0.4705
1190 0.467365
1191 0.455953
1192 0.453656
1193 0.461288
1194 0.465045
1195 0.466504
1196 0.467868
1197 0.478539
1198 0.482199
1199 0.49598
1200 0.521557
1201 0.525098
1202 0.499067
1203 0.533065
1204 0.517825
1205 0.45478
1206 0.437865
1207 0.443966
1208 0.428964
1209 0.42918
1210 0.461623
1211 0.442052
1212 0.472725
1213 0.477749
1214 0.470236
1215 0.479256
1216 0.481721
1217 0.471265
1218 0.490358
1219 0.498899
1220 0.515241
1221 0.512872
1222 0.507872
1223 0.521581
1224 0.519547
1225 0.516557
1226 0.533448
1227 0.520457
1228 0.521174
1229 0.520672
1230 0.518375
1231 0.516724
1232 0.470428
1233 0.4705
1234 0.472174
1235 0.433534
1236 0.430496
1237 0.440401
1238 0.430496
1239 0.426715
1240 0.432194
1241 0.426046
1242 0.437315
1243 0.432194
1244 0.452244
1245 0.444181
1246 0.467174
1247 0.473179
1248 0.449493
1249 0.450378
1250 0.454063
1251 0.449517
1252 0.45222
1253 0.45734
1254 0.462604
1255 0.45289
1256 0.456982
1257 0.458321
1258 0.446789
1259 0.448679
1260 0.457101
1261 0.453728
1262 0.467294
1263 0.477271
1264 0.471935
1265 0.487702
1266 0.461408
1267 0.457245
1268 0.464518
1269 0.443966
1270 0.443559
1271 0.451479
1272 0.431668
1273 0.431907
1274 0.419753
1275 0.409489
1276 0.411379
1277 0.406737
1278 0.390229
1279 0.391927
1280 0.3942
1281 0.394033
1282 0.390301
1283 0.388219
1284 0.383242
1285 0.401761
1286 0.397646
1287 0.400445
1288 0.394105
1289 0.392789
1290 0.388769
1291 0.380682
1292 0.377763
1293 0.386688
1294 0.385635
1295 0.386831
1296 0.363552
1297 0.359149
1298 0.366901
1299 0.369485
1300 0.372093
1301 0.379199
1302 0.400206
1303 0.392837
1304 0.405111
1305 0.407695
1306 0.391856
1307 0.380491
1308 0.377405
1309 0.381448
1310 0.406809
1311 0.398005
1312 0.376041
1313 0.38085
1314 0.378505
1315 0.373864
1316 0.369964
1317 0.370873
1318 0.360561
1319 0.367499
1320 0.375251
1321 0.370346
1322 0.348096
1323 0.350656
1324 0.343047
1325 0.330103
1326 0.336946
1327 0.332496
1328 0.334793
1329 0.342425
1330 0.33063
1331 0.318763
1332 0.326682
1333 0.319959
1334 0.31838
1335 0.309264
1336 0.297684
1337 0.287683
1338 0.287994
1339 0.283879
1340 0.27773
1341 0.28017
1342 0.279931
1343 0.277945
1344 0.27639
1345 0.277323
1346 0.279716
1347 0.273615
1348 0.276653
1349 0.271629
1350 0.271222
1351 0.272466
1352 0.270074
1353 0.270145
1354 0.269404
1355 0.268279
1356 0.270313
1357 0.274859
1358 0.271725
1359 0.27304
1360 0.29187
1361 0.292253
1362 0.292468
1363 0.297277
1364 0.297732
1365 0.299407
1366 0.300627
1367 0.301775
1368 0.308857
1369 0.306967
1370 0.308546
1371 0.308594
1372 0.308738
1373 0.315963
1374 0.316226
1375 0.318069
1376 0.314265
1377 0.304335
1378 0.305197
1379 0.309527
1380 0.313403
1381 0.314504
1382 0.314576
1383 0.319337
1384 0.321251
1385 0.306895
1386 0.307326
1387 0.310221
1388 0.311872
1389 0.307135
1390 0.311417
1391 0.313619
1392 0.312327
1393 0.31259
1394 0.318643
1395 0.320772
1396 0.321753
1397 0.324624
1398 0.324361
1399 0.326203
1400 0.325294
1401 0.327735
1402 0.325605
1403 0.32874
1404 0.329194
1405 0.331419
1406 0.332185
1407 0.336133
1408 0.341037
1409 0.343023
1410 0.402144
1411 0.401258
1412 0.404082
1413 0.405972
1414 0.404177
1415 0.409824
1416 0.41059
1417 0.411858
1418 0.411451
1419 0.422194
1420 0.424993
1421 0.427481
1422 0.425878
1423 0.4254
1424 0.42851
1425 0.422481
1426 0.419179
1427 0.422146
1428 0.426739
1429 0.427577
1430 0.432553
1431 0.434874
1432 0.438128
1433 0.442339
1434 0.445425
1435 0.470787
1436 0.470978
1437 0.470739
1438 0.475093
1439 0.474591
1440 0.477558
1441 0.477534
1442 0.480524
1443 0.482582
1444 0.482726
1445 0.489473
1446 0.500431
1447 0.505288
1448 0.51536
1449 0.526127
1450 0.531869
1451 0.544717
1452 0.548402
1453 0.565102
1454 0.577519
1455 0.5813
1456 0.589099
1457 0.598191
1458 0.606685
1459 0.619988
1460 0.644464
1461 0.651115
1462 0.660015
1463 0.675447
1464 0.680448
1465 0.692411
1466 0.707795
1467 0.718322
1468 0.724232
1469 0.729185
1470 0.74232
1471 0.74945
1472 0.751316
1473 0.760503
1474 0.768088
1475 0.787707
1476 0.788138
1477 0.785338
1478 0.796751
1479 0.804503
1480 0.785123
1481 0.798067
1482 0.798665
1483 0.795387
1484 0.803163
1485 0.85324
1486 0.812016
1487 0.80991
1488 0.816298
1489 0.812279
1490 0.82161
1491 0.810293
1492 0.813092
1493 0.82216
1494 0.83063
1495 0.834936
1496 0.869485
1497 0.876424
1498 0.880898
1499 0.896402
1500 0.903962
1501 0.909393
1502 0.907025
1503 0.90456
1504 0.899153
1505 0.900014
1506 0.886329
1507 0.873935
1508 0.861518
1509 0.853192
1510 0.853862
1511 0.852259
1512 0.851924
1513 0.837281
1514 0.830749
1515 0.821921
1516 0.822088
1517 0.84276
1518 0.812016
1519 0.779716
1520 0.768782
1521 0.775098
1522 0.773328
1523 0.776725
1524 0.770911
1525 0.770385
1526 0.766676
1527 0.761245
1528 0.758853
1529 0.738898
1530 0.767873
1531 0.758015
1532 0.746603
1533 0.745526
1534 0.758972
1535 0.783807
1536 0.768806
1537 0.760575
1538 0.75457
1539 0.768255
1540 0.773447
1541 0.777299
1542 0.779094
1543 0.782084
1544 0.762274
1545 0.750933
1546 0.777754
1547 0.740597
1548 0.716049
1549 0.69844
1550 0.674562
1551 0.664011
1552 0.651043
1553 0.637453
1554 0.617978
1555 0.618911
1556 0.655613
1557 0.664513
1558 0.610489
1559 0.602259
1560 0.604149
1561 0.631472
1562 0.604986
1563 0.597497
1564 0.58843
1565 0.596301
1566 0.594842
1567 0.593047
1568 0.586324
1569 0.578692
1570 0.574529
1571 0.577759
1572 0.583046
1573 0.591588
1574 0.597115
1575 0.60434
1576 0.603216
1577 0.59532
1578 0.59745
1579 0.604914
1580 0.610226
1581 0.61982
1582 0.636066
1583 0.6392
1584 0.653914
1585 0.64231
1586 0.669849
1587 0.688415
1588 0.700904
1589 0.714518
1590 0.720906
1591 0.71648
1592 0.744569
1593 0.751579
1594 0.757537
1595 0.781367
1596 0.789334
1597 0.792014
1598 0.790722
1599 0.783687
1600 0.786319
1601 0.796631
1602 0.79565
1603 0.796918
1604 0.797756
1605 0.805579
1606 0.816322
1607 0.817806
1608 0.864987
1609 0.834458
1610 0.818595
1611 0.823213
1612 0.825653
1613 0.810867
1614 0.81259
1615 0.823021
1616 0.874103
1617 0.889655
1618 0.855489
1619 0.893459
1620 0.858742
1621 0.890133
1622 0.858073
1623 0.831874
1624 0.818428
1625 0.807781
1626 0.834099
1627 0.849268
1628 0.83941
1629 0.819265
1630 0.834027
1631 0.859963
1632 0.881639
1633 0.904919
1634 0.906474
1635 0.90468
1636 0.914705
1637 0.91638
1638 0.920399
1639 0.920638
1640 0.920973
1641 0.923988
1642 0.914011
1643 0.913867
1644 0.901833
1645 0.91815
1646 0.918892
1647 0.854603
1648 0.836324
1649 0.853383
1650 0.819098
1651 0.807733
1652 0.793138
1653 0.769715
1654 0.765049
1655 0.745813
1656 0.733683
1657 0.733754
1658 0.73117
1659 0.706766
1660 0.724065
1661 0.721672
1662 0.721648
1663 0.727079
1664 0.725165
1665 0.740143
1666 0.731075
1667 0.752082
1668 0.750502
1669 0.752225
1670 0.767801
1671 0.753206
1672 0.753254
1673 0.767968
1674 0.772107
1675 0.776103
1676 0.798306
1677 0.795579
1678 0.793856
1679 0.780146
1680 0.798785
1681 0.788903
1682 0.770648
1683 0.780218
1684 0.786247
1685 0.696119
1686 0.724232
1687 0.732415
1688 0.72416
1689 0.722509
1690 0.713657
1691 0.724854
1692 0.74086
1693 0.749641
1694 0.763111
1695 0.782946
1696 0.786965
1697 0.804862
1698 0.85757
1699 0.85769
1700 0.854244
1701 0.853598
1702 0.819098
1703 0.800555
1704 0.818571
1705 0.835654
1706 0.8402
1707 0.819576
1708 0.817327
1709 0.82149
1710 0.836492
1711 0.833764
1712 0.84843
1713 0.844387
1714 0.85556
1715 0.836803
1716 0.851445
1717 0.854197
1718 0.849531
1719 0.835439
1720 0.821945
1721 0.811776
1722 0.803235
1723 0.787037
1724 0.766246
1725 0.755359
1726 0.768112
1727 0.770815
1728 0.756556
1729 0.749498
1730 0.772155
1731 0.761652
1732 0.768877
1733 0.718059
1734 0.708513
1735 0.72361
1736 0.719208
1737 0.722725
1738 0.698751
1739 0.672505
1740 0.666667
1741 0.671548
1742 0.668174
1743 0.679252
1744 0.68497
1745 0.684755
1746 0.696024
1747 0.699565
1748 0.737774
1749 0.720571
1750 0.745071
1751 0.752967
1752 0.75323
1753 0.754522
1754 0.738635
1755 0.720547
1756 0.705402
1757 0.659728
1758 0.663389
1759 0.643674
1760 0.624222
1761 0.640037
1762 0.635444
1763 0.653842
1764 0.645373
1765 0.630754
1766 0.623433
1767 0.613384
1768 0.61025
1769 0.624916
1770 0.634343
1771 0.632549
1772 0.638937
1773 0.626759
1774 0.625538
1775 0.631998
1776 0.656259
1777 0.672241
1778 0.685089
1779 0.68095
1780 0.689899
1781 0.697794
1782 0.69978
1783 0.707699
1784 0.710188
1785 0.700402
1786 0.692937
1787 0.697004
1788 0.688678
1789 0.686573
1790 0.674251
1791 0.682386
1792 0.672194
1793 0.674131
1794 0.65413
1795 0.654297
1796 0.643554
1797 0.631568
1798 0.634582
1799 0.648651
1800 0.642502
1801 0.628697
1802 0.627285
1803 0.615681
1804 0.599746
1805 0.616016
1806 0.594674
1807 0.595081
1808 0.607139
1809 0.620442
1810 0.677074
1811 0.697483
1812 0.703345
1813 0.705594
1814 0.679299
1815 0.725715
1816 0.765791
1817 0.68619
1818 0.690999
1819 0.707891
1820 0.701957
1821 0.705259
1822 0.708369
1823 0.704278
1824 0.713585
1825 0.716336
1826 0.718227
1827 0.724041
1828 0.709637
1829 0.668581
1830 0.655111
1831 0.64889
1832 0.617356
1833 0.577137
1834 0.552086
1835 0.528304
1836 0.525002
1837 0.528687
1838 0.567758
1839 0.562494
1840 0.560867
1841 0.601971
1842 0.586898
1843 0.588477
1844 0.594746
1845 0.583214
1846 0.576132
1847 0.608168
1848 0.626448
1849 0.647933
1850 0.662264
1851 0.680902
1852 0.69643
1853 0.713011
1854 0.690545
1855 0.675974
1856 0.631783
1857 0.580965
1858 0.555364
1859 0.505168
1860 0.444325
1861 0.414561
1862 0.376998
1863 0.337664
1864 0.317016
1865 0.280242
1866 0.23184
1867 0.21191
1868 0.165351
1869 0.141473
1870 0.129199
1871 0.108049
1872 0.100129
1873 0.100273
1874 0.10324
1875 0.111925
1876 0.116614
1877 0.120346
1878 0.121136
1879 0.122787
1880 0.121854
1881 0.17004
1882 0.173055
1883 0.130443
1884 0.145325
1885 0.162647
1886 0.173916
1887 0.192937
1888 0.216169
1889 0.263781
1890 0.307494
1891 0.328692
1892 0.358647
1893 0.385779
1894 0.403412
1895 0.427696
1896 0.44253
1897 0.448201
1898 0.453082
1899 0.431309
1900 0.418916
1901 0.413485
1902 0.412456
1903 0.426404
1904 0.457986
1905 0.498062
1906 0.526079
1907 0.596708
1908 0.672265
1909 0.700761
1910 0.714327
1911 0.730668
1912 0.745191
1913 0.717389
1914 0.673605
1915 0.663987
1916 0.652503
1917 0.648124
1918 0.644488
1919 0.644272
1920 0.645229
1921 0.647143
1922 0.651187
1923 0.642286
1924 0.637166
1925 0.605489
1926 0.602809
1927 0.609436
1928 0.593717
1929 0.587807
1930 0.585869
1931 0.558522
1932 0.569528
1933 0.56881
1934 0.556058
1935 0.514834
1936 0.49342
1937 0.517155
1938 0.535195
1939 0.56046
1940 0.596397
1941 0.603622
1942 0.616303
1943 0.6442
1944 0.640157
1945 0.646114
1946 0.666547
1947 0.689157
1948 0.695497
1949 0.707484
1950 0.71715
1951 0.712748
1952 0.708824
1953 0.695449
1954 0.691573
1955 0.674969
1956 0.69722
1957 0.685759
1958 0.692387
1959 0.679491
1960 0.688607
1961 0.63932
1962 0.609317
1963 0.612331
1964 0.607785
1965 0.572256
1966 0.57405
1967 0.528519
1968 0.488324
1969 0.464662
1970 0.409345
1971 0.346899
1972 0.319887
1973 0.265767
1974 0.219016
1975 0.196981
1976 0.148387
1977 0.120777
1978 0.107498
1979 0.0856781
1980 0.0735716
1981 0.0719447
1982 0.0726864
1983 0.0705809
1984 0.0686908
1985 0.0678773
1986 0.0602689
1987 0.0575175
1988 0.052182
1989 0.0521102
1990 0.0517035
1991 0.0536654
1992 0.0563451
1993 0.0561776
1994 0.0573261
1995 0.0521581
1996 0.0510336
1997 0.0494066
1998 0.0510336
1999 0.0497416
2000 0.0452675
2001 0.0439276
2002 0.0405063
2003 0.0376591
2004 0.0341659
2005 0.0335678
2006 0.0368696
2007 0.0436884
2008 0.044789
2009 0.0488085
2010 0.0444301
2011 0.0463681
2012 0.0516557
2013 0.0480668
2014 0.0519428
2015 0.0524691
2016 0.0569911
2017 0.0617045
2018 0.0871615
2019 0.0807015
2020 0.0851278
2021 0.0806058
2022 0.0786917
2023 0.0782372
2024 0.0812518
2025 0.102402
2026 0.142597
2027 0.210642
2028 0.283783
2029 0.323739
2030 0.39999
2031 0.421165
2032 0.422863
2033 0.43753
2034 0.458776
2035 0.457293
2036 0.493875
2037 0.480524
2038 0.478969
2039 0.480213
2040 0.50445
2041 0.512896
2042 0.52139
2043 0.539621
2044 0.544669
2045 0.527491
2046 0.500622
2047 0.516317
2048 0.521748
2049 0.542396
2050 0.541152
2051 0.552134
2052 0.612116
2053 0.608192
2054 0.555771
2055 0.537563
2056 0.497129
2057 0.490358
2058 0.489855
2059 0.473658
2060 0.451503
2061 0.428534
2062 0.418246
2063 0.368337
2064 0.370227
2065 0.387621
2066 0.385563
2067 0.371997
2068 0.370155
2069 0.35379
2070 0.383769
2071 0.379199
2072 0.39554
2073 0.402239
2074 0.385659
2075 0.341157
2076 0.320366
2077 0.306489
2078 0.27304
2079 0.231601
2080 0.21313
2081 0.176046
2082 0.14188
2083 0.129965
2084 0.103
2085 0.0994593
2086 0.100273
2087 0.101541
2088 0.101565
2089 0.100703
2090 0.101349
2091 0.10324
2092 0.104986
2093 0.104986
2094 0.101852
2095 0.102283
2096 0.101206
2097 0.0988611
2098 0.0987176
2099 0.0969949
2100 0.098598
2101 0.0979998
2102 0.101325
2103 0.102761
2104 0.103718
2105 0.103622
2106 0.1069
2107 0.108192
2108 0.110011
2109 0.110393
2110 0.113552
2111 0.114652
2112 0.115298
2113 0.115059
2114 0.119413
2115 0.115633
2116 0.118121
2117 0.117762
2118 0.123481
2119 0.123648
2120 0.127237
2121 0.130036
2122 0.13585
2123 0.144918
2124 0.150636
2125 0.150469
2126 0.154201
2127 0.167361
2128 0.166882
2129 0.167241
2130 0.167648
2131 0.180137
2132 0.180376
2133 0.196143
2134 0.197148
2135 0.206862
2136 0.222198
2137 0.223849
2138 0.229663
2139 0.251101
2140 0.26414
2141 0.30223
2142 0.32874
2143 0.344937
2144 0.366016
2145 0.39231
2146 0.377046
2147 0.391138
2148 0.40657
2149 0.403938
2150 0.405924
2151 0.416834
2152 0.416786
2153 0.395995
2154 0.397287
2155 0.396521
2156 0.429706
2157 0.450785
2158 0.454134
2159 0.480859
2160 0.506508
2161 0.522442
2162 0.548402
2163 0.590009
2164 0.604484
2165 0.601565
2166 0.620753
2167 0.630802
2168 0.650995
2169 0.670614
2170 0.67394
2171 0.694229
2172 0.710427
2173 0.715403
2174 0.720212
2175 0.727031
2176 0.724208
2177 0.725572
2178 0.691813
2179 0.686286
2180 0.669011
2181 0.645564
2182 0.634917
2183 0.61994
2184 0.587185
2185 0.559503
2186 0.538879
2187 0.514762
2188 0.500311
2189 0.484281
2190 0.463705
2191 0.447722
2192 0.406355
2193 0.366973
2194 0.346492
2195 0.305867
2196 0.276773
2197 0.267609
2198 0.241243
2199 0.221672
2200 0.216695
2201 0.200857
2202 0.18375
2203 0.176069
2204 0.148268
2205 0.134702
2206 0.133841
2207 0.125419
2208 0.113169
2209 0.100967
2210 0.0964207
2211 0.0812996
2212 0.0714662
2213 0.0590248
2214 0.0473969
2215 0.0382572
2216 0.0339028
2217 0.0302182
2218 0.0262465
2219 0.031247
2220 0.0292612
2221 0.0319648
2222 0.0282324
2223 0.0290219
2224 0.0400278
2225 0.0375873
2226 0.0352905
2227 0.037707
2228 0.0420136
2229 0.0395732
2230 0.0378266
2231 0.0417983
2232 0.0410326
2233 0.0431142
2234 0.0469184
2235 0.0365824
2236 0.0380658
2237 0.0397885
2238 0.0420136
2239 0.0473012
2240 0.0475644
2241 0.0456503
2242 0.0470858
2243 0.0400756
2244 0.0436166
2245 0.0450761
2246 0.0472773
2247 0.0453393
2248 0.0439037
2249 0.0511293
2250 0.046057
2251 0.0473251
2252 0.0520385
2253 0.0570629
2254 0.0562494
2255 0.0620155
2256 0.0584266
2257 0.0599818
2258 0.0614174
2259 0.064743
2260 0.0612499
2261 0.0658436
2262 0.070222
2263 0.0720165
2264 0.0683797
2265 0.0657718
2266 0.0649584
2267 0.0685233
2268 0.0708202
2269 0.071849
2270 0.0715379
2271 0.070246
2272 0.0736195
2273 0.0703895
2274 0.0713705
2275 0.0712987
2276 0.072495
2277 0.0711073
2278 0.0707005
2279 0.068284
2280 0.0660111
2281 0.0669442
2282 0.0655565
2283 0.0601014
2284 0.0568475
2285 0.0498852
2286 0.0417504
2287 0.0384726
2288 0.033496
2289 0.0284238
2290 0.0246435
2291 0.0189492
2292 0.0129677
2293 0.0100967
2294 0.00708202
2295 0.00509618
2296 0.00413915
2297 0.00196191
2298 0.000287109
2299 0.00545507
2300 0.00823045
2301 0.00835008
2302 0.0194038
2303 0.0570629
2304 0.0979759
2305 0.121256
2306 0.167121
2307 0.204733
2308 0.226098
2309 0.267944
2310 0.287085
2311 0.291057
2312 0.294167
2313 0.291368
2314 0.286535
2315 0.285386
2316 0.267992
2317 0.256867
2318 0.246674
2319 0.24287
2320 0.243684
2321 0.236458
2322 0.228132
2323 0.21715
2324 0.197674
2325 0.199923
2326 0.200091
2327 0.198512
2328 0.193344
2329 0.183439
2330 0.187434
2331 0.178055
2332 0.175471
2333 0.171021
2334 0.159609
2335 0.14188
2336 0.131209
2337 0.111374
2338 0.0993875
2339 0.0846253
2340 0.0906068
2341 0.0943392
2342 0.101278
2343 0.10958
2344 0.112929
2345 0.11982
2346 0.128816
2347 0.127381
2348 0.122308
2349 0.10422
2350 0.105632
2351 0.0935018
2352 0.0828548
2353 0.0814911
2354 0.0762274
2355 0.0641449
2356 0.0578524
2357 0.0480189
2358 0.0341659
2359 0.0301464
2360 0.0180639
2361 0.0107666
2362 0.00732127
2363 0.000837401
2364 0
2365 0
2366 0
2367 0
2368 0
2369 0
2370 0
2371 0
2372 0
2373 0
2374 0
2375 0.000837401
2376 0.00890037
2377 0.0118672
2378 0.0265576
2379 0.033496
2380 0.035769
2381 0.0440234
2382 0.0484735
2383 0.0556034
2384 0.0572304
2385 0.0551249
2386 0.0577567
2387 0.0606039
2388 0.070557
2389 0.0655804
2390 0.0574457
2391 0.0472773
2392 0.0458178
2393 0.0366782
2394 0.0277539
2395 0.0234233
2396 0.0176333
2397 0.00918748
2398 0.00507226
2399 0
2400 0
2401 0
2402 0
2403 0
2404 0
2405 0
2406 0
2407 0.00437841
2408 0.0526366
2409 0.109771
2410 0.141377
2411 0.181501
2412 0.202627
2413 0.214135
2414 0.224041
2415 0.232175
2416 0.231386
2417 0.240143
2418 0.263255
2419 0.273375
2420 0.290554
2421 0.282037
2422 0.278615
2423 0.267274
2424 0.232367
2425 0.211815
2426 0.171954
2427 0.13353
2428 0.115178
2429 0.079912
2430 0.0523017
2431 0.0390468
2432 0.0156714
2433 0.00112451
2434 0
2435 0
2436 0
2437 0
2438 0
2439 0
2440 0
2441 0
2442 0
2443 0
2444 0
2445 0
2446 0
2447 0
2448 0
2449 0
2450 0
2451 0
2452 0
2453 0
2454 0
2455 0
2456 0
2457 0.0290698
2458 0.0466552
2459 0.085702
2460 0.121543
2461 0.139846
2462 0.178462
2463 0.195425
2464 0.19765
2465 0.198225
2466 0.182386
2467 0.173581
2468 0.169657
2469 0.170614
2470 0.170303
2471 0.169681
2472 0.163628
2473 0.151067
2474 0.131161
2475 0.117547
2476 0.109987
2477 0.08441
2478 0.063475
2479 0.053163
2480 0.0308881
2481 0.012561
2482 0.00291894
2483 0
2484 0
2485 0
2486 0
2487 0
2488 0
2489 0
2490 0
2491 0
2492 0
2493 0
2494 0
2495 0
2496 0
2497 0
2498 0
2499 0
2500 0
2501 0
2502 0.00923533
2503 0.0152407
2504 0.0256723
2505 0.0409848
2506 0.0496459
2507 0.0636903
2508 0.0746961
2509 0.0755814
2510 0.0774476
2511 0.0819935
2512 0.0849842
2513 0.0805579
2514 0.0814432
2515 0.0801034
2516 0.0751029
2517 0.0620873
2518 0.0564408
2519 0.0461288
2520 0.0339745
2521 0.0280649
2522 0.0155278
2523 0.00617284
2524 0.00282324
2525 0
2526 0
2527 0
2528 0
2529 0
2530 0
2531 0
2532 0
2533 0
2534 0
2535 0.000837401
2536 0.000837401
2537 0.000837401
2538 0.000837401
2539 0.000837401
2540 0.000957029
2541 0.00387597
2542 0.0189731
2543 0.0500526
2544 0.0896976
2545 0.111925
2546 0.146258
2547 0.179563
2548 0.205402
2549 0.260408
2550 0.314265
2551 0.309097
2552 0.332305
2553 0.338214
2554 0.340296
2555 0.353359
2556 0.366853
2557 0.372069
2558 0.362762
2559 0.353144
2560 0.340702
2561 0.302206
2562 0.261413
2563 0.23708
2564 0.195138
2565 0.157192
2566 0.135013
2567 0.0991961
2568 0.0704374
2569 0.0547421
2570 0.0329457
2571 0.017059
2572 0.0148579
2573 0.00856541
2574 0.00136377
2575 0
2576 0
2577 0
2578 0
2579 0
2580 0
2581 0
2582 0
2583 0
2584 0
2585 0
2586 0
2587 0
2588 0
2589 0
2590 0
2591 0
2592 0
2593 0
2594 0
2595 0
2596 0
2597 0
2598 0
2599 0
2600 0
2601 0
2602 0
2603 0
2604 0
2605 0
2606 0
2607 0
2608 0
2609 0
2610 0
2611 0
2612 0
2613 0
2614 0
2615 0
2616 0
2617 0
2618 0
2619 0
2620 0
2621 0
2622 0
2623 0
2624 0
2625 0
2626 0
2627 0
2628 0
2629 0
2630 0
2631 0
2632 0
2633 0
2634 0
2635 0
2636 0
2637 0
2638 0
2639 0
2640 0
2641 0
2642 0
2643 0
2644 0
2645 0
2646 0
2647 0
2648 0
2649 0
2650 0
2651 0
2652 0
2653 0
2654 0
2655 0
2656 0.0103359
2657 0.0405063
2658 0.073141
2659 0.088908
2660 0.125132
2661 0.155493
2662 0.171476
2663 0.201981
2664 0.200737
2665 0.208106
2666 0.201407
2667 0.180855
2668 0.177625
2669 0.178845
2670 0.181525
2671 0.181429
2672 0.190257
2673 0.213274
2674 0.229448
2675 0.256962
2676 0.278831
2677 0.292947
2678 0.319193
2679 0.308259
2680 0.312542
2681 0.326706
2682 0.346253
2683 0.353096
2684 0.370155
2685 0.373983
2686 0.375514
2687 0.388363
2688 0.414418
2689 0.408436
2690 0.425567
2691 0.441167
2692 0.439683
2693 0.439013
2694 0.437961
2695 0.443559
2696 0.433486
2697 0.413556
2698 0.403651
2699 0.378888
2700 0.337712
2701 0.314001
2702 0.267466
2703 0.22885
2704 0.208513
2705 0.165159
2706 0.122308
2707 0.0999856
2708 0.0619198
2709 0.0263183
2710 0.0184228
2711 0
2712 0
2713 0
2714 0
2715 0
2716 0
2717 0
2718 0
2719 0
2720 0
2721 0
2722 0
2723 0
2724 0.00105273
2725 0.00162695
2726 0.00215332
2727 0.00354101
2728 0.00358886
2729 0.00531151
2730 0.010001
2731 0.0112212
2732 0.0161499
2733 0.019667
2734 0.023184
2735 0.0264858
2736 0.029309
2737 0.0311513
2738 0.0356015
2739 0.0429945
2740 0.0462484
2741 0.0529237
2742 0.0546942
2743 0.0584266
2744 0.0593358
2745 0.0555795
2746 0.0576371
2747 0.0569911
2748 0.0587138
2749 0.060245
2750 0.0568954
2751 0.0536176
2752 0.0527323
2753 0.0518231
2754 0.0513446
2755 0.0513686
2756 0.0516796
2757 0.0506986
2758 0.050579
2759 0.0513207
2760 0.0507704
2761 0.0514403
2762 0.0507704
2763 0.0473012
2764 0.0477318
2765 0.0474447
2766 0.0508422
2767 0.0527802
2768 0.0511532
2769 0.0491913
2770 0.0507226
2771 0.0513686
2772 0.0508422
2773 0.0488803
2774 0.0494066
2775 0.0460331
2776 0.0449086
2777 0.0426357
2778 0.0458417
2779 0.0468944
2780 0.0431381
2781 0.0483061
2782 0.0491913
2783 0.0534022
2784 0.0633793
2785 0.0637382
2786 0.0716336
2787 0.074744
2788 0.0768495
2789 0.0817064
2790 0.0809647
2791 0.0821849
2792 0.0826156
2793 0.0793856
2794 0.0810843
2795 0.0748397
2796 0.0741937
2797 0.0744808
2798 0.0741937
2799 0.0742894
2800 0.0741937
2801 0.0710116
2802 0.0706288
2803 0.069911
2804 0.0708202
2805 0.0711791
2806 0.070892
2807 0.0728778
2808 0.072471
2809 0.0725189
2810 0.0727342
2811 0.071514
2812 0.070892
2813 0.0736195
2814 0.0710594
2815 0.0714422
2816 0.0696478
2817 0.0698392
2818 0.0683319
2819 0.0680687
2820 0.0668724
2821 0.0669442
2822 0.0661307
2823 0.0654608
2824 0.0689061
2825 0.0646234
2826 0.0654847
2827 0.0620155
2828 0.060556
2829 0.0611303
2830 0.0603407
2831 0.060245
2832 0.0602689
2833 0.0585941
2834 0.0578285
2835 0.0547421
2836 0.0545267
2837 0.0532826
2838 0.0517035
2839 0.0512489
2840 0.0514643
2841 0.055412
2842 0.0566083
2843 0.0598383
2844 0.0630922
2845 0.0639296
2846 0.0626136
2847 0.0628051
2848 0.0626615
2849 0.0617284
2850 0.0618959
2851 0.0621351
2852 0.0611542
2853 0.0611063
2854 0.0606039
2855 0.0604125
2856 0.0596947
2857 0.0594076
2858 0.0598622
2859 0.0617284
2860 0.0588573
2861 0.0573021
2862 0.0582113
2863 0.0576849
2864 0.0561537
2865 0.0583309
2866 0.0571107
2867 0.0568954
2868 0.0574457
2869 0.0569432
2870 0.0564169
2871 0.0565126
2872 0.056393
2873 0.0560341
2874 0.0550531
2875 0.0538329
2876 0.0509379
2877 0.0515839
2878 0.0514643
2879 0.0512011
2880 0.0540961
2881 0.0540961
2882 0.0568475
2883 0.0574457
2884 0.0577567
2885 0.055077
2886 0.0542396
2887 0.0545746
2888 0.0565604
2889 0.0580199
2890 0.0569911
2891 0.0527323
2892 0.0506508
2893 0.050244
2894 0.0506508
2895 0.0511054
2896 0.0523256
2897 0.0531869
2898 0.0514164
2899 0.0512011
2900 0.0516557
2901 0.051871
2902 0.0519906
2903 0.0520145
2904 0.0520863
2905 0.0521102
2906 0.0517514
2907 0.0516078
2908 0.051536
2909 0.0519667
2910 0.0522299
2911 0.0504354
2912 0.0519428
2913 0.0520145
2914 0.0519667
2915 0.0510097
2916 0.0516557
2917 0.0521581
2918 0.0524931
2919 0.0531391
2920 0.0531391
2921 0.0527802
2922 0.0526845
2923 0.0523256
2924 0.0520863
2925 0.0529237
2926 0.0530194
2927 0.0526127
2928 0.0525648
2929 0.0527084
2930 0.0523734
2931 0.0525648
2932 0.0528041
2933 0.0552924
2934 0.0534501
2935 0.051871
2936 0.0513686
2937 0.0515121
2938 0.0511771
2939 0.0511054
2940 0.0516317
2941 0.0520863
2942 0.0522299
2943 0.0516796
2944 0.052182
2945 0.0523495
2946 0.0521581
2947 0.0523017
2948 0.0529716
2949 0.0534262
2950 0.0534022
2951 0.0525648
2952 0.0521581
2953 0.0521102
2954 0.0522777
2955 0.051871
2956 0.0522538
2957 0.0529237
2958 0.0533065
2959 0.052828
2960 0.0529237
2961 0.0531151
2962 0.0528041
2963 0.0526127
2964 0.0529237
2965 0.0530194
2966 0.0527084
2967 0.0523017
2968 0.0519667
2969 0.0529477
2970 0.0529955
2971 0.0525648
2972 0.0534262
2973 0.053474
2974 0.053474
2975 0.0541439
2976 0.0538329
2977 0.0541679
2978 0.0541679
2979 0.0539525
2980 0.0539286
2981 0.0545028
2982 0.0545746
2983 0.0567279
2984 0.0564408
2985 0.071849
2986 0.0723514
2987 0.0749115
2988 0.0729496
2989 0.0706766
2990 0.0741698
2991 0.0759881
2992 0.0756771
2993 0.0760121
2994 0.0758207
2995 0.0768734
2996 0.076993
2997 0.0764906
2998 0.0782132
2999 0.07862
3000 0.0814193
3001 0.0815868
3002 0.082161
3003 0.0821131
3004 0.0822327
3005 0.0851278
3006 0.0880706
3007 0.086994
3008 0.0897933
3009 0.0913724
3010 0.0963011
3011 0.101278
3012 0.105943
3013 0.105847
3014 0.113934
3015 0.119102
3016 0.121854
3017 0.126543
3018 0.128625
3019 0.125419
3020 0.129008
3021 0.134774
3022 0.139511
3023 0.146043
3024 0.146952
3025 0.148962
3026 0.152096
3027 0.15212
3028 0.155589
3029 0.158436
3030 0.165016
3031 0.16047
3032 0.16961
3033 0.168844
3034 0.166858
3035 0.20033
3036 0.2138
3037 0.215116
3038 0.213298
3039 0.203871
3040 0.198847
3041 0.207293
3042 0.197292
3043 0.194947
3044 0.19253
3045 0.196287
3046 0.196933
3047 0.206862
3048 0.210283
3049 0.209853
3050 0.211408
3051 0.211958
3052 0.209733
3053 0.211169
3054 0.214446
3055 0.214518
3056 0.213298
3057 0.213729
3058 0.2127
3059 0.211073
3060 0.225739
3061 0.222677
3062 0.223706
3063 0.225261
3064 0.206216
3065 0.218394
3066 0.204493
3067 0.220763
3068 0.200474
3069 0.201072
3070 0.21648
3071 0.216839
3072 0.21569
3073 0.216073
3074 0.220643
3075 0.226553
3076 0.228275
3077 0.228969
3078 0.224615
3079 0.224447
3080 0.225117
3081 0.223347
3082 0.225524
3083 0.225189
3084 0.228156
3085 0.242009
3086 0.236458
3087 0.239544
3088 0.236697
3089 0.231147
3090 0.231625
3091 0.228228
3092 0.227247
3093 0.227797
3094 0.225333
3095 0.223897
3096 0.221839
3097 0.223275
3098 0.222653
3099 0.223873
3100 0.223682
3101 0.230094
3102 0.231745
3103 0.229376
3104 0.235142
3105 0.237056
3106 0.235764
3107 0.238779
3108 0.240262
3109 0.23897
3110 0.260168
3111 0.261724
3112 0.261652
3113 0.263135
3114 0.263303
3115 0.26304
3116 0.266174
3117 0.259833
3118 0.257752
3119 0.267059
3120 0.266581
3121 0.264068
3122 0.254929
3123 0.25646
3124 0.256938
3125 0.255503
3126 0.254809
3127 0.251148
3128 0.251507
3129 0.251316
3130 0.250144
3131 0.247488
3132 0.246626
3133 0.244928
3134 0.243133
3135 0.250455
3136 0.240334
3137 0.243564
3138 0.241459
3139 0.237989
3140 0.245598
3141 0.241889
3142 0.244712
3143 0.248899
3144 0.245741
3145 0.245239
3146 0.247033
3147 0.247751
3148 0.248421
3149 0.24165
3150 0.244425
3151 0.244234
3152 0.23842
3153 0.239162
3154 0.238133
3155 0.237965
3156 0.239999
3157 0.237726
3158 0.238779
3159 0.240454
3160 0.256125
3161 0.253589
3162 0.255455
3163 0.253541
3164 0.248852
3165 0.252082
3166 0.249785
3167 0.245023
3168 0.247799
3169 0.245526
3170 0.245215
3171 0.243253
3172 0.243157
3173 0.242511
3174 0.245263
3175 0.240908
3176 0.254259
3177 0.255503
3178 0.255
3179 0.253996
3180 0.252201
3181 0.238683
3182 0.237822
3183 0.238181
3184 0.240406
3185 0.25981
3186 0.264762
3187 0.25969
3188 0.262059
3189 0.262059
3190 0.256269
3191 0.256843
3192 0.257561
3193 0.252082
3194 0.257584
3195 0.247488
3196 0.248947
3197 0.249737
3198 0.240813
3199 0.241961
3200 0.237654
3201 0.239497
3202 0.233252
3203 0.233467
3204 0.231362
3205 0.230668
3206 0.236506
3207 0.229424
3208 0.232462
3209 0.23141
3210 0.237822
3211 0.238707
3212 0.23976
3213 0.239736
3214 0.240047
3215 0.238492
3216 0.249163
3217 0.247655
3218 0.248708
3219 0.247847
3220 0.244473
3221 0.232893
3222 0.234807
3223 0.233802
3224 0.231481
3225 0.232415
3226 0.230022
3227 0.230237
3228 0.241985
3229 0.242224
3230 0.24421
3231 0.239688
3232 0.238037
3233 0.236051
3234 0.234089
3235 0.223873
3236 0.221122
3237 0.220212
3238 0.217868
3239 0.220069
3240 0.21837
3241 0.219925
3242 0.2166
3243 0.222055
3244 0.220906
3245 0.220787
3246 0.21959
3247 0.220045
3248 0.219447
3249 0.221074
3250 0.219806
3251 0.216743
3252 0.218035
3253 0.218968
3254 0.21392
3255 0.213465
3256 0.212795
3257 0.211312
3258 0.212532
3259 0.212915
3260 0.228228
3261 0.227414
3262 0.230692
3263 0.24232
3264 0.241124
3265 0.233659
3266 0.229926
3267 0.227964
3268 0.227199
3269 0.227653
3270 0.225237
3271 0.227318
3272 0.23074
3273 0.231793
3274 0.231864
3275 0.233683
3276 0.259116
3277 0.257752
3278 0.257465
3279 0.258039
3280 0.256269
3281 0.256125
3282 0.261389
3283 0.263207
3284 0.264451
3285 0.278783
3286 0.275912
3287 0.27115
3288 0.265671
3289 0.264954
3290 0.258924
3291 0.26426
3292 0.264355
3293 0.269954
3294 0.270935
3295 0.27072
3296 0.264762
3297 0.266796
3298 0.265552
3299 0.268184
3300 0.26603
3301 0.264906
3302 0.267155
3303 0.266676
3304 0.266365
3305 0.266652
3306 0.259427
3307 0.258948
3308 0.257465
3309 0.257919
3310 0.26481
3311 0.267609
3312 0.268734
3313 0.267896
3314 0.264595
3315 0.263686
3316 0.26103
3317 0.262226
3318 0.260097
3319 0.265647
3320 0.263709
3321 0.254833
3322 0.257919
3323 0.252153
3324 0.24732
3325 0.249354
3326 0.248612
3327 0.24732
3328 0.246866
3329 0.244928
3330 0.239066
3331 0.239616
3332 0.238635
3333 0.238563
3334 0.238348
3335 0.235118
3336 0.235357
3337 0.235788
3338 0.235046
3339 0.214494
3340 0.211145
3341 0.209518
3342 0.208082
3343 0.2166
3344 0.216624
3345 0.220236
3346 0.218059
3347 0.215523
3348 0.215308
3349 0.214829
3350 0.21404
3351 0.21191
3352 0.211432
3353 0.207771
3354 0.205522
3355 0.203895
3356 0.206096
3357 0.205953
3358 0.204398
3359 0.201837
3360 0.215379
3361 0.213537
3362 0.212365
3363 0.210331
3364 0.209613
3365 0.208776
3366 0.209422
3367 0.205833
3368 0.203871
3369 0.203153
3370 0.202125
3371 0.20167
3372 0.202172
3373 0.201144
3374 0.201
3375 0.200785
3376 0.20033
3377 0.200426
3378 0.200713
3379 0.200378
3380 0.200546
3381 0.200402
3382 0.199254
3383 0.202172
3384 0.202555
3385 0.203632
3386 0.202125
3387 0.200928
3388 0.198536
3389 0.200498
3390 0.202747
3391 0.203082
3392 0.203488
3393 0.201503
3394 0.202866
3395 0.202412
3396 0.197124
3397 0.196837
3398 0.197387
3399 0.196981
3400 0.19923
3401 0.199708
3402 0.199708
3403 0.199541
3404 0.199541
3405 0.199947
3406 0.200067
3407 0.19832
3408 0.197483
3409 0.194875
3410 0.195665
3411 0.191454
3412 0.192746
3413 0.193009
3414 0.190521
3415 0.189683
3416 0.188152
3417 0.18698
3418 0.186932
3419 0.185401
3420 0.185113
3421 0.184348
3422 0.184515
3423 0.184611
3424 0.184324
3425 0.183941
3426 0.184539
3427 0.183917
3428 0.184491
3429 0.184061
3430 0.182864
3431 0.182864
3432 0.191502
3433 0.192459
3434 0.197603
3435 0.248828
3436 0.243875
3437 0.244042
3438 0.244258
3439 0.243971
3440 0.243444
3441 0.250479
3442 0.252416
3443 0.252273
3444 0.253948
3445 0.251531
3446 0.254043
3447 0.253374
3448 0.253493
3449 0.252632
3450 0.25201
3451 0.252488
3452 0.252153
3453 0.250167
3454 0.248062
3455 0.245957
3456 0.245598
3457 0.245861
3458 0.245215
3459 0.245215
3460 0.283975
3461 0.281558
3462 0.281271
3463 0.281367
3464 0.281008
3465 0.281056
3466 0.280003
3467 0.279572
3468 0.279907
3469 0.280027
3470 0.278543
3471 0.281271
3472 0.276127
3473 0.275744
3474 0.273998
3475 0.272753
3476 0.275218
3477 0.274021
3478 0.27194
3479 0.27115
3480 0.271988
3481 0.271246
3482 0.271102
3483 0.271102
3484 0.270959
3485 0.339817
3486 0.332687
3487 0.333142
3488 0.333597
3489 0.333309
3490 0.33965
3491 0.351182
3492 0.359149
3493 0.3775
3494 0.397095
3495 0.41102
3496 0.401689
3497 0.394631
3498 0.386927
3499 0.387621
3500 0.377046
3501 0.391904
3502 0.396186
3503 0.402933
3504 0.397502
3505 0.394511
3506 0.384104
3507 0.398148
3508 0.388171
3509 0.386448
3510 0.394416
3511 0.386137
3512 0.388363
3513 0.374533
3514 0.369629
3515 0.370514
3516 0.353072
3517 0.345416
3518 0.34599
3519 0.348694
3520 0.336803
3521 0.333668
3522 0.335152
3523 0.334841
3524 0.32874
3525 0.327208
3526 0.335941
3527 0.336587
3528 0.339602
3529 0.342569
3530 0.341971
3531 0.337425
3532 0.337042
3533 0.338262
3534 0.336324
3535 0.320174
3536 0.31972
3537 0.319241
3538 0.318882
3539 0.318786
3540 0.314217
3541 0.312542
3542 0.312207
3543 0.311298
3544 0.313164
3545 0.311561
3546 0.310867
3547 0.312877
3548 0.308642
3549 0.308092
3550 0.306871
3551 0.305771
3552 0.306273
3553 0.303187
3554 0.304431
3555 0.305843
3556 0.305843
3557 0.303618
3558 0.304957
3559 0.301943
3560 0.280649
3561 0.281893
3562 0.278543
3563 0.278256
3564 0.279237
3565 0.279716
3566 0.280122
3567 0.283975
3568 0.282802
3569 0.267394
3570 0.266796
3571 0.265815
3572 0.271102
3573 0.272394
3574 0.272873
3575 0.272753
3576 0.269212
3577 0.269093
3578 0.274213
3579 0.283041
3580 0.280721
3581 0.282204
3582 0.282826
3583 0.28096
3584 0.280362
3585 0.280338
3586 0.280601
3587 0.282372
3588 0.283831
3589 0.280936
3590 0.28096
3591 0.281032
3592 0.280553
3593 0.283041
3594 0.261939
3595 0.258518
3596 0.259857
3597 0.257393
3598 0.255288
3599 0.251747
3600 0.251125
3601 0.250167
3602 0.253876
3603 0.253876
3604 0.253685
3605 0.251938
3606 0.250096
3607 0.252488
3608 0.256412
3609 0.252823
3610 0.254809
3611 0.257632
3612 0.25823
3613 0.260599
3614 0.260288
3615 0.261149
3616 0.26146
3617 0.262465
3618 0.262633
3619 0.278998
3620 0.276725
3621 0.279692
3622 0.274476
3623 0.274596
3624 0.273663
3625 0.274045
3626 0.278519
3627 0.280075
3628 0.287587
3629 0.294813
3630 0.296775
3631 0.298186
3632 0.299742
3633 0.297732
3634 0.299359
3635 0.298258
3636 0.296894
3637 0.298808
3638 0.30156
3639 0.305556
3640 0.307302
3641 0.307063
3642 0.309001
3643 0.310484
3644 0.343909
3645 0.345655
3646 0.352881
3647 0.33752
3648 0.339554
3649 0.342042
3650 0.344196
3651 0.342617
3652 0.354029
3653 0.359723
3654 0.35702
3655 0.356158
3656 0.359006
3657 0.357187
3658 0.361111
3659 0.368624
3660 0.367715
3661 0.3736
3662 0.370538
3663 0.380228
3664 0.380946
3665 0.383171
3666 0.385994
3667 0.387573
3668 0.391999
3669 0.389726
3670 0.391186
3671 0.391569
3672 0.388674
3673 0.378242
3674 0.379438
3675 0.376782
3676 0.374198
3677 0.375706
3678 0.376782
3679 0.375395
3680 0.369748
3681 0.36982
3682 0.372141
3683 0.369365
3684 0.369365
3685 0.369174
3686 0.370729
3687 0.371591
3688 0.370753
3689 0.36726
3690 0.366638
3691 0.365226
3692 0.364174
3693 0.363336
3694 0.35123
3695 0.350847
3696 0.34934
3697 0.348646
3698 0.348526
3699 0.345177
3700 0.342282
3701 0.342329
3702 0.341923
3703 0.338238
3704 0.338741
3705 0.337736
3706 0.336898
3707 0.339004
3708 0.33441
3709 0.330797
3710 0.323021
3711 0.324074
3712 0.326802
3713 0.326227
3714 0.325151
3715 0.324768
3716 0.324529
3717 0.324959
3718 0.324529
3719 0.305101
3720 0.3029
3721 0.302445
3722 0.300148
3723 0.299167
3724 0.300746
3725 0.299383
3726 0.300196
3727 0.297564
3728 0.295866
3729 0.300962
3730 0.297325
3731 0.302158
3732 0.300746
3733 0.301177
3734 0.301321
3735 0.303689
3736 0.301249
3737 0.30022
3738 0.302565
3739 0.303067
3740 0.302756
3741 0.303665
3742 0.303043
3743 0.302876
3744 0.300172
3745 0.299813
3746 0.299646
3747 0.299598
3748 0.297947
3749 0.298186
3750 0.294741
3751 0.294263
3752 0.293377
3753 0.289645
3754 0.288353
3755 0.290123
3756 0.285697
3757 0.282659
3758 0.280673
3759 0.281367
3760 0.276701
3761 0.275266
3762 0.271318
3763 0.265336
3764 0.262585
3765 0.258159
3766 0.253062
3767 0.246124
3768 0.242679
3769 0.247272
3770 0.243396
3771 0.239425
3772 0.239401
3773 0.238755
3774 0.239066
3775 0.238563
3776 0.235429
3777 0.235477
3778 0.234951
3779 0.234688
3780 0.233874
3781 0.234018
3782 0.232941
3783 0.231888
3784 0.231218
3785 0.231314
3786 0.230166
3787 0.229328
3788 0.229687
3789 0.229687
3790 0.229639
3791 0.229639
3792 0.229807
3793 0.228921
3794 0.239616
3795 0.236338
3796 0.236649
3797 0.236793
3798 0.233754
3799 0.232869
3800 0.230572
3801 0.230572
3802 0.230931
3803 0.229256
3804 0.228706
3805 0.228036
3806 0.228682
3807 0.22806
3808 0.247344
3809 0.273375
3810 0.298856
3811 0.332017
3812 0.362571
3813 0.376615
3814 0.381257
3815 0.539238
3816 0.611159
3817 0.793306
3818 0.830247
3819 0.878194
3820 0.880108
3821 0.880658
3822 0.883099
3823 0.893315
3824 0.897048
3825 0.897048
3826 0.904417
3827 0.967581
3828 0.968681
3829 0.968681
3830 0.969112
3831 0.969112
3832 0.973873
3833 0.973873
3834 0.973466
3835 0.975955
3836 0.975955
3837 0.975955
3838 0.967868
3839 0.967868
3840 0.967868
3841 0.967868
3842 0.967868
3843 0.975955
3844 0.9638
3845 0.963705
3846 0.963705
3847 0.963274
3848 0.96337
3849 0.963394
3850 0.963394
3851 0.963776
3852 0.963776
3853 0.963776
3854 0.963776
3855 0.964853
3856 0.965595
3857 0.965236
3858 0.964494
3859 0.964494
3860 0.964781
3861 0.964781
3862 0.966767
3863 0.960594
3864 0.958513
3865 0.964566
3866 0.966073
3867 0.965164
3868 0.964781
3869 0.975261
3870 0.975285
3871 0.974974
3872 0.974974
3873 0.967533
3874 0.967533
3875 0.967533
3876 0.967389
3877 0.967533
3878 0.968035
3879 0.967844
3880 0.967748
3881 0.974304
3882 0.974304
3883 0.973969
3884 0.975668
3885 0.97495
3886 0.974758
3887 0.975668
3888 0.975668
3889 0.975093
3890 0.975668
3891 0.975668
3892 0.975668
3893 0.975668
3894 0.974926
3895 0.975022
3896 0.974926
3897 0.974902
3898 0.974926
3899 0.97672
3900 0.976768
3901 0.976816
3902 0.976457
3903 0.978539
3904 0.975931
3905 0.966528
3906 0.967198
3907 0.967628
3908 0.955905
3909 0.952675
3910 0.953417
3911 0.932625
3912 0.937075
3913 0.921236
3914 0.896402
3915 0.894368
3916 0.876376
3917 0.867188
3918 0.865346
3919 0.859245
3920 0.868313
3921 0.871136
3922 0.876519
3923 0.875251
3924 0.885635
3925 0.885468
3926 0.882381
3927 0.881831
3928 0.8853
3929 0.884343
3930 0.882453
3931 0.888937
3932 0.910326
3933 0.893435
3934 0.925041
3935 0.966313
3936 0.965332
3937 0.968394
3938 0.972844
3939 0.9716
3940 0.978323
3941 0.978012
3942 0.979065
3943 0.979065
3944 0.984496
3945 0.984353
3946 0.984496
3947 0.983396
3948 0.982893
3949 0.98275
3950 0.983539
3951 0.98275
3952 0.982391
3953 0.982391
3954 0.982151
3955 0.983898
3956 0.984089
3957 0.984089
3958 0.982797
3959 0.973227
3960 0.974112
3961 0.975452
3962 0.967341
3963 0.953823
3964 0.980572
3965 0.969399
3966 0.983085
3967 0.983252
3968 0.983922
3969 0.984807
3970 0.979496
3971 0.984448
3972 0.984448
3973 0.984448
3974 0.984448
3975 0.984568
3976 0.984281
3977 0.97885
3978 0.969447
3979 0.984472
3980 0.984448
3981 0.983156
3982 0.983635
3983 0.969614
3984 0.974495
3985 0.984783
3986 0.983778
3987 0.983802
3988 0.967126
3989 0.983467
3990 0.983659
3991 0.983659
3992 0.983228
3993 0.983228
3994 0.981625
3995 0.972509
3996 0.983204
3997 0.983276
3998 0.973419
3999 0.960953
4000 0.929634
4001 0.924395
4002 0.916715
4003 0.941023
4004 0.944133
4005 0.947603
4006 0.966025
4007 0.979567
4008 0.980668
4009 0.980955
4010 0.981434
4011 0.98141
4012 0.98141
4013 0.981027
4014 0.981027
4015 0.982415
4016 0.982845
4017 0.982367
4018 0.982367
4019 0.982678
4020 0.982654
4021 0.982534
4022 0.983898
4023 0.983898
4024 0.983898
4025 0.984065
4026 0.984065
4027 0.984065
4028 0.983898
4029 0.983898
4030 0.983898
4031 0.983132
4032 0.983491
4033 0.974639
4034 0.976074
4035 0.970571
4036 0.972964
4037 0.966671
4038 0.964279
4039 0.969734
4040 0.971887
4041 0.951
4042 0.926596
4043 0.905733
4044 0.889942
4045 0.873241
4046 0.868576
4047 0.869629
4048 0.91315
4049 0.910111
4050 0.893411
4051 0.922935
4052 0.905517
4053 0.90267
4054 0.902479
4055 0.906403
4056 0.901593
4057 0.900301
4058 0.904895
4059 0.917624
4060 0.93308
4061 0.934348
4062 0.931429
4063 0.945593
4064 0.941908
4065 0.977797
4066 0.980022
4067 0.98007
4068 0.98007
4069 0.983898
4070 0.983898
4071 0.985046
4072 0.985046
4073 0.985022
4074 0.985022
4075 0.985046
4076 0.985046
4077 0.985046
4078 0.985046
4079 0.985046
4080 0.985046
4081 0.985046
4082 0.985046
4083 0.985046
4084 0.985046
4085 0.985046
4086 0.985046
4087 0.985046
4088 0.985046
4089 0.985046
4090 0.984161
4091 0.98452
4092 0.985238
4093 0.985166
4094 0.980261
4095 0.984329
4096 0.984951
4097 0.979878
4098 0.982175
4099 0.97794
4100 0.981123
4101 0.980955
4102 0.980931
4103 0.966049
4104 0.96337
4105 0.971815
4106 0.971792
4107 0.97617
4108 0.98385
4109 0.98385
4110 0.983204
4111 0.982534
4112 0.982534
4113 0.982319
4114 0.982295
4115 0.982271
4116 0.973012
4117 0.972773
4118 0.953153
4119 0.979352
4120 0.979161
4121 0.979328
4122 0.979687
4123 0.98062
4124 0.98062
4125 0.98074
4126 0.979376
4127 0.983898
4128 0.983898
4129 0.983731
4130 0.984089
4131 0.984353
4132 0.983754
4133 0.984089
4134 0.983635
4135 0.983898
4136 0.983946
4137 0.983946
4138 0.983994
4139 0.983372
4140 0.983778
4141 0.983659
4142 0.984018
4143 0.983946
4144 0.981769
4145 0.982726
4146 0.981123
4147 0.981649
4148 0.981505
4149 0.981505
4150 0.981338
4151 0.981338
4152 0.980835
4153 0.980668
4154 0.980501
4155 0.980213
4156 0.978945
4157 0.957364
4158 0.978036
4159 0.978443
4160 0.978563
4161 0.976218
4162 0.972701
4163 0.969351
4164 0.965954
4165 0.963681
4166 0.962245
4167 0.961575
4168 0.957651
4169 0.954421
4170 0.952292
4171 0.952172
4172 0.941406
4173 0.942435
4174 0.937315
4175 0.932123
4176 0.926787
4177 0.919418
4178 0.907886
4179 0.905709
4180 0.909393
4181 0.919514
4182 0.917648
4183 0.921141
4184 0.919681
4185 0.922552
4186 0.918892
4187 0.917911
4188 0.917002
4189 0.916045
4190 0.916882
4191 0.918772
4192 0.92382
4193 0.9226
4194 0.905493
4195 0.925663
4196 0.930352
4197 0.948416
4198 0.951072
4199 0.948919
4200 0.947914
4201 0.940281
4202 0.935472
4203 0.930711
4204 0.914059
4205 0.905469
4206 0.901067
4207 0.89621
4208 0.890444
4209 0.87128
4210 0.860561
4211 0.852019
4212 0.839387
4213 0.821945
4214 0.812422
4215 0.799311
4216 0.789549
4217 0.792109
4218 0.796894
4219 0.783352
4220 0.793928
4221 0.803378
4222 0.803019
4223 0.816657
4224 0.83051
4225 0.847234
4226 0.855512
4227 0.866351
4228 0.864987
4229 0.871686
4230 0.87896
4231 0.876782
4232 0.885276
4233 0.898435
4234 0.91492
4235 0.92272
4236 0.943942
4237 0.952938
4238 0.956814
4239 0.966576
4240 0.973323
4241 0.97428
4242 0.957915
4243 0.953991
4244 0.909728
4245 0.915159
4246 0.89578
4247 0.886783
4248 0.83618
4249 0.834434
4250 0.834912
4251 0.81003
4252 0.798474
4253 0.790267
4254 0.783329
4255 0.770193
4256 0.766509
4257 0.765265
4258 0.775577
4259 0.778687
4260 0.771509
4261 0.782778
4262 0.782228
4263 0.846086
4264 0.804838
4265 0.798856
4266 0.812183
4267 0.817231
4268 0.823093
4269 0.852259
4270 0.870203
4271 0.880778
4272 0.905374
4273 0.92449
4274 0.91638
4275 0.930831
4276 0.945425
4277 0.950665
4278 0.966121
4279 0.972055
4280 0.977462
4281 0.973706
4282 0.970835
4283 0.968873
4284 0.981745
4285 0.978515
4286 0.970571
4287 0.959207
4288 0.960307
4289 0.954182
4290 0.958489
4291 0.960164
4292 0.951024
4293 0.947722
4294 0.946215
4295 0.943846
4296 0.936932
4297 0.932769
4298 0.92796
4299 0.924347
4300 0.924969
4301 0.923294
4302 0.910326
4303 0.898938
4304 0.89444
4305 0.886759
4306 0.892167
4307 0.883936
4308 0.866399
4309 0.853335
4310 0.846492
4311 0.830247
4312 0.821251
4313 0.81838
4314 0.812039
4315 0.794813
4316 0.79967
4317 0.780003
4318 0.778543
4319 0.759833
4320 0.753039
4321 0.775505
4322 0.760192
4323 0.726505
4324 0.719854
4325 0.718586
4326 0.712484
4327 0.700474
4328 0.682242
4329 0.677385
4330 0.675423
4331 0.689707
4332 0.679108
4333 0.685472
4334 0.69021
4335 0.711336
4336 0.704254
4337 0.705187
4338 0.706168
4339 0.721457
4340 0.727629
4341 0.744593
4342 0.753302
4343 0.765145
4344 0.780362
4345 0.799502
4346 0.806345
4347 0.802996
4348 0.804192
4349 0.810317
4350 0.816872
4351 0.821012
4352 0.826395
4353 0.833812
4354 0.835319
4355 0.842951
4356 0.848718
4357 0.833309
4358 0.829003
4359 0.813714
4360 0.801584
4361 0.803235
4362 0.822184
4363 0.785482
4364 0.771102
4365 0.772251
4366 0.784812
4367 0.781893
4368 0.792157
4369 0.783065
4370 0.784022
4371 0.791798
4372 0.794765
4373 0.789956
4374 0.799789
4375 0.781127
4376 0.775983
4377 0.784381
4378 0.795004
4379 0.779955
4380 0.788712
4381 0.788209
4382 0.787013
4383 0.788712
4384 0.789549
4385 0.79132
4386 0.801919
4387 0.81515
4388 0.82027
4389 0.821059
4390 0.839052
4391 0.843478
4392 0.853431
4393 0.865226
4394 0.824888
4395 0.841994
4396 0.854412
4397 0.85946
4398 0.84678
4399 0.856135
4400 0.85312
4401 0.853335
4402 0.863982
4403 0.858623
4404 0.854268
4405 0.868719
4406 0.868648
4407 0.878433
4408 0.905828
4409 0.905302
4410 0.915351
4411 0.913413
4412 0.904154
4413 0.901641
4414 0.889056
4415 0.898651
4416 0.90456
4417 0.911594
4418 0.913891
4419 0.925065
4420 0.910302
4421 0.917097
4422 0.896665
4423 0.88719
4424 0.888458
4425 0.896569
4426 0.889391
4427 0.889343
4428 0.87616
4429 0.868241
4430 0.84666
4431 0.8118
4432 0.774667
4433 0.758135
4434 0.718083
4435 0.693798
4436 0.679826
4437 0.67516
4438 0.678103
4439 0.671667
4440 0.68363
4441 0.682601
4442 0.677816
4443 0.687291
4444 0.664465
4445 0.674466
4446 0.689109
4447 0.712772
4448 0.732702
4449 0.754689
4450 0.757728
4451 0.756436
4452 0.755335
4453 0.765121
4454 0.765169
4455 0.735621
4456 0.738013
4457 0.751818
4458 0.765935
4459 0.753134
4460 0.786917
4461 0.759116
4462 0.757872
4463 0.774428
4464 0.801656
4465 0.790411
4466 0.801967
4467 0.78297
4468 0.777897
4469 0.789645
4470 0.776725
4471 0.782515
4472 0.801823
4473 0.804742
4474 0.818547
4475 0.818021
4476 0.785721
4477 0.783711
4478 0.752536
4479 0.720595
4480 0.715021
4481 0.698631
4482 0.651641
4483 0.630898
4484 0.618935
4485 0.591899
4486 0.560101
4487 0.555579
4488 0.582951
4489 0.590942
4490 0.58843
4491 0.599268
4492 0.582376
4493 0.578046
4494 0.57338
4495 0.575821
4496 0.576467
4497 0.559312
4498 0.553163
4499 0.550124
4500 0.531008
4501 0.523064
4502 0.510671
4503 0.505599
4504 0.519117
4505 0.525983
4506 0.53529
4507 0.515815
4508 0.512657
4509 0.528663
4510 0.549742
4511 0.559766
4512 0.594722
4513 0.576108
4514 0.583549
4515 0.621136
4516 0.662743
4517 0.679754
4518 0.691262
4519 0.705953
4520 0.71983
4521 0.722438
4522 0.728108
4523 0.727223
4524 0.752991
4525 0.765217
4526 0.765001
4527 0.765815
4528 0.814097
4529 0.826203
4530 0.860896
4531 0.893387
4532 0.902096
4533 0.926572
4534 0.935879
4535 0.945976
4536 0.940162
4537 0.946909
4538 0.947268
4539 0.945067
4540 0.965834
4541 0.958202
4542 0.978204
4543 0.984424
4544 0.971217
4545 0.973849
4546 0.988468
4547 0.995669
4548 0.999139
4549 0.998493
4550 0.996555
4551 0.991913
4552 0.972581
4553 0.961264
4554 0.93119
4555 0.908867
4556 0.896593
4557 0.836444
4558 0.791894
4559 0.770528
4560 0.729041
4561 0.698679
4562 0.684491
4563 0.670519
4564 0.603862
4565 0.603503
4566 0.620466
4567 0.619533
4568 0.627811
4569 0.600368
4570 0.610226
4571 0.640085
4572 0.679395
4573 0.715547
4574 0.739257
4575 0.750502
4576 0.740167
4577 0.740454
4578 0.732726
4579 0.714877
4580 0.706886
4581 0.749545
4582 0.732845
4583 0.728012
4584 0.701024
4585 0.685783
4586 0.699469
4587 0.681309
4588 0.694564
4589 0.704254
4590 0.720165
4591 0.752129
4592 0.754666
4593 0.765695
4594 0.762896
4595 0.763063
4596 0.742774
4597 0.72172
4598 0.713298
4599 0.701957
4600 0.695067
4601 0.69277
4602 0.688008
4603 0.688989
4604 0.680256
4605 0.680926
4606 0.651617
4607 0.653292
4608 0.644344
4609 0.636616
4610 0.630706
4611 0.660948
4612 0.712772
4613 0.72038
4614 0.749569
4615 0.764786
4616 0.773112
4617 0.788138
4618 0.793999
4619 0.755072
4620 0.757226
4621 0.743349
4622 0.737822
4623 0.66803
4624 0.671571
4625 0.655996
4626 0.629941
4627 0.59221
4628 0.580438
4629 0.534022
4630 0.49555
4631 0.468609
4632 0.444205
4633 0.412695
4634 0.406546
4635 0.408006
4636 0.415542
4637 0.408484
4638 0.423366
4639 0.430233
4640 0.448631
4641 0.444325
4642 0.438272
4643 0.435401
4644 0.424538
4645 0.451598
4646 0.457412
4647 0.465667
4648 0.501651
4649 0.498014
4650 0.514595
4651 0.550483
4652 0.560245
4653 0.570557
4654 0.593574
4655 0.602259
4656 0.626041
4657 0.629343
4658 0.628649
4659 0.623433
4660 0.613623
4661 0.630276
4662 0.618959
4663 0.62963
4664 0.626998
4665 0.663508
4666 0.66547
4667 0.697842
4668 0.718968
4669 0.744019
4670 0.75646
4671 0.748541
4672 0.748253
4673 0.748325
4674 0.750048
4675 0.750359
4676 0.768519
4677 0.75268
4678 0.726744
4679 0.707221
4680 0.654106
4681 0.590918
4682 0.574409
4683 0.507919
4684 0.41815
4685 0.387334
4686 0.362618
4687 0.34477
4688 0.327089
4689 0.305268
4690 0.307781
4691 0.304886
4692 0.300077
4693 0.287659
4694 0.288138
4695 0.287205
4696 0.277371
4697 0.261939
4698 0.270026
4699 0.273399
4700 0.262011
4701 0.266413
4702 0.308068
4703 0.290865
4704 0.353981
4705 0.391281
4706 0.376424
4707 0.40011
4708 0.451311
4709 0.43107
4710 0.412456
4711 0.395708
4712 0.379677
4713 0.380467
4714 0.372715
4715 0.361614
4716 0.32862
4717 0.317782
4718 0.303881
4719 0.347234
4720 0.333764
4721 0.327232
4722 0.320461
4723 0.323811
4724 0.331898
4725 0.35434
4726 0.412623
4727 0.423222
4728 0.471337
4729 0.496555
4730 0.505718
4731 0.527586
4732 0.565365
4733 0.584171
4734 0.597282
4735 0.620753
4736 0.635085
4737 0.659944
4738 0.672337
4739 0.680544
4740 0.666691
4741 0.643483
4742 0.630635
4743 0.598287
4744 0.587449
4745 0.584936
4746 0.581467
4747 0.58697
4748 0.589482
4749 0.610944
4750 0.63987
4751 0.653029
4752 0.679323
4753 0.704039
4754 0.713465
4755 0.719208
4756 0.713465
4757 0.70624
4758 0.696119
4759 0.712652
4760 0.70167
4761 0.691669
4762 0.676381
4763 0.677457
4764 0.698177
4765 0.698895
4766 0.700761
4767 0.685759
4768 0.686334
4769 0.625945
4770 0.61793
4771 0.618935
4772 0.613815
4773 0.61202
4774 0.625203
4775 0.642167
4776 0.612475
4777 0.599962
4778 0.594889
4779 0.590702
4780 0.567375
4781 0.554048
4782 0.52072
4783 0.51737
4784 0.511604
4785 0.492248
4786 0.462843
4787 0.444612
4788 0.411451
4789 0.376974
4790 0.34843
4791 0.297612
4792 0.252105
4793 0.220978
4794 0.166523
4795 0.133577
4796 0.116782
4797 0.0885731
4798 0.0634989
4799 0.0513207
4800 0.0305053
4801 0.0114365
4802 0.000574218
4803 0
4804 0
4805 0
4806 0
4807 0
4808 0
4809 0
4810 0
4811 0
4812 0
4813 0
4814 0
4815 0
4816 0
4817 0
4818 0
4819 0
4820 0
4821 0
4822 0
4823 0
4824 0
4825 0
4826 0
4827 0
4828 0
4829 0
4830 0
4831 0
4832 0
4833 0
4834 0
4835 0
4836 0
4837 0
4838 0
4839 0
4840 0
4841 0
4842 0
4843 0
4844 0
4845 0
4846 0
4847 0
4848 0
4849 0
4850 0
4851 0
4852 0
4853 0
4854 0
4855 0
4856 0
4857 0
4858 0
4859 0
4860 0
4861 0
4862 0
4863 0
4864 0
4865 0
4866 0
4867 0
4868 0
4869 0
4870 0
4871 0
4872 0
4873 0
4874 0
4875 0
4876 0
4877 0
4878 0
4879 0
4880 0
4881 0
4882 0
4883 0
4884 0
4885 0
4886 0
4887 0
4888 0
4889 0
4890 0
4891 0
4892 0
4893 0
4894 0
4895 0
4896 0
4897 0
4898 0
4899 0
4900 0
4901 0
4902 0
4903 0
4904 0
4905 0
4906 0
4907 0
4908 0
4909 0
4910 0
4911 0
4912 0
4913 0
4914 0
4915 0
4916 0
4917 0
4918 0
4919 0
4920 0
4921 0
4922 0
4923 0
4924 0
4925 0
4926 0
4927 0
4928 0
4929 0
4930 0
4931 0
4932 0
4933 0
4934 0
4935 0
4936 0
4937 0
4938 0
4939 0
4940 0
4941 0
4942 0.0100488
4943 0.0399081
4944 0.0759881
4945 0.0917073
4946 0.123505
4947 0.154082
4948 0.166188
4949 0.182697
4950 0.179587
4951 0.189755
4952 0.185257
4953 0.179108
4954 0.175639
4955 0.175782
4956 0.193918
4957 0.210618
4958 0.235549
4959 0.286678
4960 0.297469
4961 0.326012
4962 0.336324
4963 0.352235
4964 0.350871
4965 0.335487
4966 0.327519
4967 0.308163
4968 0.291631
4969 0.286415
4970 0.27304
4971 0.267394
4972 0.264044
4973 0.255024
4974 0.227917
4975 0.215954
4976 0.184515
4977 0.15535
4978 0.140947
4979 0.109101
4980 0.0823524
4981 0.0684276
4982 0.0437362
4983 0.0207436
4984 0.0111255
4985 0
4986 0
4987 0
4988 0
4989 0
4990 0
4991 0
4992 0
4993 0
4994 0.0216289
4995 0.0530912
4996 0.0698153
4997 0.109843
4998 0.143124
4999 0.150062
5000 0.166978
5001 0.182194
5002 0.187817
5003 0.19856
5004 0.212221
5005 0.21648
5006 0.250407
5007 0.289143
5008 0.302493
5009 0.335152
5010 0.37573
5011 0.394105
5012 0.402694
5013 0.39188
5014 0.385396
5015 0.358192
5016 0.329098
5017 0.318212
5018 0.300938
5019 0.286295
5020 0.268519
5021 0.24476
5022 0.211791
5023 0.194373
5024 0.167576
5025 0.138793
5026 0.121662
5027 0.0967796
5028 0.0725428
5029 0.0588095
5030 0.0374438
5031 0.0178247
5032 0.00925926
5033 0
5034 0
5035 0
5036 0
5037 0
5038 0
5039 0
5040 0
5041 0
5042 0
5043 0
5044 0
5045 0
5046 0.00210546
5047 0.0065078
5048 0.0155996
5049 0.0301225
5050 0.0387358
5051 0.0553163
5052 0.0669681
5053 0.0723275
5054 0.0804862
5055 0.0862523
5056 0.0893387
5057 0.086994
5058 0.0837879
5059 0.0829984
5060 0.0764188
5061 0.0669442
5062 0.0603886
5063 0.0492631
5064 0.0398603
5065 0.0329457
5066 0.0258159
5067 0.0155278
5068 0.0117715
5069 0.00356493
5070 0.000957029
5071 0.000598143
5072 0.0133984
5073 0.0390707
5074 0.0538568
5075 0.0896737
5076 0.141018
5077 0.171643
5078 0.2099
5079 0.234735
5080 0.235573
5081 0.252201
5082 0.269954
5083 0.266006
5084 0.285219
5085 0.288401
5086 0.290913
5087 0.294693
5088 0.315222
5089 0.315963
5090 0.310293
5091 0.270576
5092 0.258302
5093 0.27572
5094 0.290841
5095 0.300531
5096 0.336133
5097 0.394511
5098 0.404369
5099 0.42705
5100 0.456982
5101 0.469375
5102 0.448488
5103 0.411834
5104 0.399344
5105 0.378816
5106 0.357427
5107 0.333477
5108 0.31003
5109 0.317662
5110 0.320437
5111 0.32527
5112 0.3363
5113 0.36147
5114 0.381663
5115 0.403412
5116 0.401258
5117 0.400014
5118 0.381472
5119 0.375754
5120 0.353311
5121 0.320581
5122 0.298521
5123 0.259283
5124 0.1932
5125 0.172672
5126 0.12616
5127 0.0865394
5128 0.0696957
5129 0.0337114
5130 0.00172265
5131 0.000598143
5132 0
5133 0
5134 0
5135 0
5136 0
5137 0
5138 0
5139 0
5140 0
5141 0
5142 0
5143 0
5144 0
5145 0
5146 0
5147 0
5148 0
5149 0
5150 0
5151 0
5152 0
5153 0
5154 0
5155 0
5156 0
5157 0
5158 0
5159 0
5160 0
5161 0
5162 0
5163 0
5164 0
5165 0
5166 0
5167 0
5168 0
5169 0
5170 0
5171 0
5172 0
5173 0
5174 0
5175 0
5176 0
5177 0
5178 0
5179 0
5180 0
5181 0
5182 0
5183 0
5184 0
5185 0
5186 0
5187 0
5188 0
5189 0
5190 0
5191 0
5192 0
5193 0
5194 0
5195 0
5196 0
5197 0
5198 0
5199 0
5200 0
5201 0
5202 0
5203 0
5204 0
5205 0
5206 0
5207 0
5208 0
5209 0
5210 0
5211 0
5212 0
5213 0
5214 0
5215 0
5216 0
5217 0
5218 0
5219 0
5220 0
5221 0
5222 0
5223 0
5224 0
5225 0
5226 0
5227 0
5228 0
5229 0
5230 0
5231 0
5232 0
5233 0
5234 0
5235 0
5236 0
5237 0
5238 0
5239 0
5240 0
5241 0
5242 0
5243 0
5244 0
5245 0
5246 0
5247 0
5248 0
5249 0
5250 0
5251 0
5252 0
5253 0
5254 0
5255 0
5256 0
5257 0
5258 0
5259 0
5260 0
5261 0
5262 0
5263 0
5264 0
5265 0
5266 0
5267 0
5268 0
5269 0
5270 0
5271 0
5272 0
5273 0
5274 0
5275 0
5276 0
5277 0
5278 0
5279 0
5280 0
5281 0
5282 0
5283 0
5284 0
5285 0
5286 0
5287 0
5288 0
5289 0
5290 0
5291 0
5292 0
5293 0
5294 0.00339745
5295 0
5296 0
5297 0
5298 0
5299 0
5300 0
5301 0
5302 0.000598143
5303 0.000598143
5304 0.000598143
5305 0.000598143
5306 0.000598143
5307 0.000598143
5308 0.000598143
5309 0.000598143
5310 0
5311 0
5312 0
5313 0
5314 0
5315 0
5316 0.00342138
5317 0.00564647
5318 0.00617284
5319 0.0138291
5320 0.0138051
5321 0.0127046
5322 0.013853
5323 0.0147143
5324 0.015145
5325 0.0171069
5326 0.0171308
5327 0.0170351
5328 0.0169394
5329 0.0171069
5330 0.0184228
5331 0.0185424
5332 0.0189731
5333 0.0190927
5334 0.0192124
5335 0.0192124
5336 0.0193798
5337 0.0193798
5338 0.0185424
5339 0.0185424
5340 0.0185424
5341 0.0185424
5342 0.0185903
5343 0.0185664
5344 0.0231123
5345 0.0231123
5346 0.0223945
5347 0.0221313
5348 0.0216289
5349 0.0201215
5350 0.0202651
5351 0.0213657
5352 0.0211264
5353 0.0198823
5354 0.0182793
5355 0.0182793
5356 0.0186381
5357 0.0190688
5358 0.0239257
5359 0.0268207
5360 0.0277778
5361 0.0308642
5362 0.0330893
5363 0.03352
5364 0.0339985
5365 0.0359604
5366 0.0367499
5367 0.0374198
5368 0.0374916
5369 0.036415
5370 0.0374677
5371 0.0378505
5372 0.0378266
5373 0.0389032
5374 0.0396689
5375 0.0401474
5376 0.0405541
5377 0.0408652
5378 0.0415829
5379 0.0417265
5380 0.043497
5381 0.0453153
5382 0.0463202
5383 0.0471337
5384 0.0471576
5385 0.0487606
5386 0.0490956
5387 0.0489042
5388 0.0461767
5389 0.0441191
5390 0.0439276
5391 0.0421332
5392 0.0424682
5393 0.04254
5394 0.0431381
5395 0.0431381
5396 0.0430185
5397 0.0444301
5398 0.0442626
5399 0.0437602
5400 0.0436884
5401 0.0430185
5402 0.0430663
5403 0.0431381
5404 0.0438798
5405 0.0426596
5406 0.041894
5407 0.0419179
5408 0.0417504
5409 0.0443583
5410 0.0449086
5411 0.0452675
5412 0.0479232
5413 0.0500048
5414 0.0497655
5415 0.052206
5416 0.0525648
5417 0.051871
5418 0.0520385
5419 0.0534262
5420 0.0535936
5421 0.0559862
5422 0.0601254
5423 0.0625179
5424 0.065413
5425 0.0701742
5426 0.0705809
5427 0.0740262
5428 0.0765863
5429 0.0762992
5430 0.0812518
5431 0.0851995
5432 0.0879989
5433 0.0930711
5434 0.097282
5435 0.0991482
5436 0.105249
5437 0.106541
5438 0.109508
5439 0.111063
5440 0.111374
5441 0.113432
5442 0.118169
5443 0.120155
5444 0.122428
5445 0.125203
5446 0.128864
5447 0.125873
5448 0.126328
5449 0.129295
5450 0.131783
5451 0.133817
5452 0.131424
5453 0.133649
5454 0.133338
5455 0.13542
5456 0.137142
5457 0.137501
5458 0.139056
5459 0.140013
5460 0.140731
5461 0.140994
5462 0.147909
5463 0.145732
5464 0.146114
5465 0.145708
5466 0.145971
5467 0.147311
5468 0.146904
5469 0.156307
5470 0.158006
5471 0.154369
5472 0.15401
5473 0.156498
5474 0.157049
5475 0.155924
5476 0.15779
5477 0.157958
5478 0.158532
5479 0.157742
5480 0.159298
5481 0.158556
5482 0.165853
5483 0.164346
5484 0.168102
5485 0.165327
5486 0.164633
5487 0.166978
5488 0.165901
5489 0.167337
5490 0.167504
5491 0.166906
5492 0.16571
5493 0.166523
5494 0.18229
5495 0.180687
5496 0.183319
5497 0.187673
5498 0.187291
5499 0.185855
5500 0.188415
5501 0.188152
5502 0.187721
5503 0.187984
5504 0.188535
5505 0.189133
5506 0.189276
5507 0.189588
5508 0.189229
5509 0.190329
5510 0.190138
5511 0.190162
5512 0.189085
5513 0.189683
5514 0.189659
5515 0.189707
5516 0.18997
5517 0.189707
5518 0.190234
5519 0.215188
5520 0.211121
5521 0.212628
5522 0.209948
5523 0.209398
5524 0.209278
5525 0.209589
5526 0.210546
5527 0.211551
5528 0.210834
5529 0.210403
5530 0.211647
5531 0.211288
5532 0.211312
5533 0.210929
5534 0.214231
5535 0.212724
5536 0.214757
5537 0.212221
5538 0.212078
5539 0.216241
5540 0.216336
5541 0.214997
5542 0.214901
5543 0.214111
5544 0.235716
5545 0.233419
5546 0.233539
5547 0.228802
5548 0.226888
5549 0.225356
5550 0.218538
5551 0.217748
5552 0.218873
5553 0.218179
5554 0.217676
5555 0.215427
5556 0.213753
5557 0.212987
5558 0.212197
5559 0.211671
5560 0.210881
5561 0.2127
5562 0.215212
5563 0.215499
5564 0.213776
5565 0.210427
5566 0.211097
5567 0.211838
5568 0.211527
5569 0.223323
5570 0.222246
5571 0.22215
5572 0.221959
5573 0.221337
5574 0.220619
5575 0.220045
5576 0.219638
5577 0.218753
5578 0.219519
5579 0.2177
5580 0.217222
5581 0.215595
5582 0.212915
5583 0.215858
5584 0.215858
5585 0.216097
5586 0.215475
5587 0.21526
5588 0.216169
5589 0.217365
5590 0.220643
5591 0.224902
5592 0.224112
5593 0.222246
5594 0.25055
5595 0.249019
5596 0.247751
5597 0.24811
5598 0.248684
5599 0.247057
5600 0.247201
5601 0.247918
5602 0.246555
5603 0.246555
5604 0.24622
5605 0.247679
5606 0.248134
5607 0.247464
5608 0.24677
5609 0.246603
5610 0.246794
5611 0.246603
5612 0.245861
5613 0.244473
5614 0.245454
5615 0.245669
5616 0.246363
5617 0.244425
5618 0.243875
5619 0.264882
5620 0.265384
5621 0.263422
5622 0.264547
5623 0.263686
5624 0.265097
5625 0.265647
5626 0.267059
5627 0.267107
5628 0.267155
5629 0.265815
5630 0.264619
5631 0.263901
5632 0.262441
5633 0.261843
5634 0.258637
5635 0.265552
5636 0.269547
5637 0.271246
5638 0.2795
5639 0.283831
5640 0.281103
5641 0.288018
5642 0.305675
5643 0.31771
5644 0.508733
5645 0.50823
5646 0.513662
5647 0.528687
5648 0.522323
5649 0.556202
5650 0.555197
5651 0.554216
5652 0.639056
5653 0.653651
5654 0.678318
5655 0.761652
5656 0.74433
5657 0.794813
5658 0.769571
5659 0.768375
5660 0.814193
5661 0.840152
5662 0.832831
5663 0.819337
5664 0.821227
5665 0.793282
5666 0.832089
5667 0.801847
5668 0.864844
5669 0.836922
5670 0.813068
5671 0.819959
5672 0.810867
5673 0.819815
5674 0.810436
5675 0.814145
5676 0.829601
5677 0.84465
5678 0.811968
5679 0.841923
5680 0.853694
5681 0.859604
5682 0.842784
5683 0.848885
5684 0.837377
5685 0.839841
5686 0.838166
5687 0.839841
5688 0.873146
5689 0.841229
5690 0.869748
5691 0.847617
5692 0.867021
5693 0.860298
5694 0.95179
5695 0.951646
5696 0.948105
5697 0.916906
5698 0.937841
5699 0.938152
5700 0.990262
5701 0.991459
5702 0.991817
5703 0.994688
5704 0.993684
5705 0.994593
5706 0.994521
5707 0.994521
5708 0.994521
5709 0.994114
5710 0.994401
5711 0.994401
5712 0.994377
5713 0.994736
5714 0.994712
5715 0.994665
5716 0.994617
5717 0.994617
5718 0.994617
5719 0.996196
5720 0.994928
5721 0.993396
5722 0.993396
5723 0.993396
5724 0.993157
5725 0.993349
5726 0.993373
5727 0.994641
5728 0.994425
5729 0.994401
5730 0.994306
5731 0.994377
5732 0.994138
5733 0.994401
5734 0.994401
5735 0.994401
5736 0.99488
6 , runtime: 390
