0 0.555821
1 0.498743
2 0.469198
3 0.41476
4 0.363842
5 0.341275
6 0.303244
7 0.281305
8 0.264207
9 0.258675
10 0.266407
11 0.270619
12 0.276339
13 0.279985
14 0.281368
15 0.285831
16 0.287277
17 0.287591
18 0.289854
19 0.293249
20 0.293814
21 0.294506
22 0.294003
23 0.294506
24 0.294757
25 0.294883
26 0.295197
27 0.295826
28 0.295826
29 0.293689
30 0.293689
31 0.293689
32 0.293814
33 0.293877
34 0.293752
35 0.293563
36 0.293689
37 0.293814
38 0.293814
39 0.293437
40 0.292872
41 0.292054
42 0.292054
43 0.291614
44 0.296895
45 0.29834
46 0.295889
47 0.293626
48 0.293626
49 0.293563
50 0.293563
51 0.302238
52 0.315942
53 0.321159
54 0.332726
55 0.342784
56 0.346869
57 0.35391
58 0.361202
59 0.36818
60 0.370568
61 0.379117
62 0.379306
63 0.39125
64 0.394456
65 0.400427
66 0.408285
67 0.413503
68 0.416583
69 0.425258
70 0.442105
71 0.452854
72 0.470644
73 0.490885
74 0.499246
75 0.516658
76 0.526088
77 0.533065
78 0.548403
79 0.583543
80 0.591023
81 0.606424
82 0.624529
83 0.641438
84 0.654199
85 0.678275
86 0.683367
87 0.686258
88 0.670166
89 0.665703
90 0.649987
91 0.633141
92 0.629117
93 0.60831
94 0.619625
95 0.614408
96 0.627734
97 0.62654
98 0.628929
99 0.640495
100 0.642633
101 0.640495
102 0.64521
103 0.64609
104 0.644456
105 0.632198
106 0.616985
107 0.605293
108 0.594166
109 0.581531
110 0.584989
111 0.584234
112 0.570656
113 0.562296
114 0.568582
115 0.566947
116 0.56525
117 0.565187
118 0.564307
119 0.558838
120 0.566885
121 0.568142
122 0.567387
123 0.577885
124 0.574365
125 0.578074
126 0.5804
127 0.5826
128 0.599258
129 0.607556
130 0.6305
131 0.639741
132 0.656776
133 0.675698
134 0.68607
135 0.711089
136 0.721147
137 0.734913
138 0.756035
139 0.779105
140 0.78558
141 0.768481
142 0.768607
143 0.763955
144 0.743274
145 0.740382
146 0.74692
147 0.741137
148 0.732022
149 0.729696
150 0.73221
151 0.728501
152 0.73133
153 0.736862
154 0.736422
155 0.731079
156 0.737051
157 0.730953
158 0.728439
159 0.709329
160 0.704488
161 0.700779
162 0.689904
163 0.699585
164 0.696002
165 0.690219
166 0.688899
167 0.689716
168 0.687453
169 0.660297
170 0.656211
171 0.652188
172 0.652628
173 0.647159
174 0.644267
175 0.638924
176 0.638421
177 0.633015
178 0.630563
179 0.629557
180 0.635529
181 0.628929
182 0.629809
183 0.625786
184 0.619122
185 0.618305
186 0.610636
187 0.602464
188 0.600013
189 0.593286
190 0.586057
191 0.579708
192 0.571976
193 0.567199
194 0.567387
195 0.564244
196 0.563553
197 0.566633
198 0.561164
199 0.556512
200 0.554249
201 0.548843
202 0.541489
203 0.541237
204 0.540608
205 0.538031
206 0.538723
207 0.539603
208 0.538848
209 0.538094
210 0.53866
211 0.538848
212 0.540797
213 0.539854
214 0.541991
215 0.544946
216 0.542872
217 0.543312
218 0.545009
219 0.549472
220 0.550918
221 0.5457
222 0.544569
223 0.543626
224 0.543123
225 0.542054
226 0.543312
227 0.545072
228 0.54306
229 0.54702
230 0.549472
231 0.550855
232 0.553495
233 0.553495
234 0.557455
235 0.55953
236 0.558775
237 0.554627
238 0.547523
239 0.539603
240 0.554752
241 0.588069
242 0.592029
243 0.595738
244 0.590458
245 0.596744
246 0.591903
247 0.575497
248 0.564307
249 0.55997
250 0.570279
251 0.575874
252 0.58172
253 0.581594
254 0.580588
255 0.589578
256 0.593224
257 0.594041
258 0.602087
259 0.606424
260 0.607493
261 0.606236
262 0.608436
263 0.606487
264 0.608247
265 0.604664
266 0.602778
267 0.59951
268 0.60391
269 0.596241
270 0.59951
271 0.600075
272 0.599573
273 0.598504
274 0.594544
275 0.589955
276 0.575119
277 0.555192
278 0.541991
279 0.535391
280 0.535202
281 0.544066
282 0.556952
283 0.54702
284 0.542431
285 0.537465
286 0.550981
287 0.547712
288 0.548592
289 0.536648
290 0.53602
291 0.536082
292 0.534511
293 0.534825
294 0.535391
295 0.53734
296 0.536397
297 0.537214
298 0.535454
299 0.535705
300 0.535705
301 0.535768
302 0.534511
303 0.536963
304 0.536523
305 0.536648
306 0.534385
307 0.533694
308 0.533819
309 0.534511
310 0.535768
311 0.538157
312 0.537528
313 0.538408
314 0.539728
315 0.540357
316 0.540168
317 0.540923
318 0.539603
319 0.54218
320 0.542306
321 0.535265
322 0.532499
323 0.531494
324 0.531494
325 0.533065
326 0.531871
327 0.531745
328 0.532562
329 0.532814
330 0.531242
331 0.531556
332 0.531556
333 0.5347
334 0.53514
335 0.535391
336 0.535894
337 0.535077
338 0.535391
339 0.535202
340 0.536082
341 0.536963
342 0.536523
343 0.537088
344 0.548969
345 0.551421
346 0.547209
347 0.549849
348 0.546329
349 0.546203
350 0.547083
351 0.546392
352 0.549221
353 0.543312
354 0.543814
355 0.540986
356 0.539037
357 0.539163
358 0.54174
359 0.542243
360 0.543123
361 0.545637
362 0.545323
363 0.544066
364 0.542369
365 0.542683
366 0.542557
367 0.541049
368 0.541677
369 0.544066
370 0.540294
371 0.541551
372 0.540168
373 0.537151
374 0.536082
375 0.538597
376 0.537905
377 0.538157
378 0.535705
379 0.537528
380 0.538157
381 0.541363
382 0.541111
383 0.542117
384 0.542243
385 0.543186
386 0.543123
387 0.543437
388 0.544694
389 0.544632
390 0.545072
391 0.545386
392 0.545637
393 0.544569
394 0.545763
395 0.545386
396 0.549158
397 0.550352
398 0.550478
399 0.549723
400 0.550478
401 0.550226
402 0.552426
403 0.550352
404 0.551169
405 0.552741
406 0.552804
407 0.551986
408 0.549346
409 0.549912
410 0.551421
411 0.553809
412 0.553244
413 0.553495
414 0.548529
415 0.54702
416 0.547963
417 0.54878
418 0.550981
419 0.562924
420 0.559844
421 0.55777
422 0.551735
423 0.556072
424 0.554187
425 0.554941
426 0.560473
427 0.561919
428 0.56437
429 0.556638
430 0.551484
431 0.551358
432 0.550541
433 0.548655
434 0.544254
435 0.54394
436 0.544129
437 0.543123
438 0.547083
439 0.54482
440 0.5457
441 0.547146
442 0.548718
443 0.54834
444 0.561416
445 0.553558
446 0.558021
447 0.560221
448 0.561038
449 0.564747
450 0.56745
451 0.569336
452 0.569273
453 0.576314
454 0.591275
455 0.594041
456 0.603219
457 0.620694
458 0.626226
459 0.645336
460 0.659291
461 0.664634
462 0.681607
463 0.693425
464 0.694053
465 0.713855
466 0.720392
467 0.723221
468 0.724918
469 0.73529
470 0.737805
471 0.7478
472 0.755029
473 0.764584
474 0.778539
475 0.78602
476 0.788031
477 0.793312
478 0.797775
479 0.798089
480 0.81173
481 0.816256
482 0.811164
483 0.822479
484 0.824931
485 0.828325
486 0.83788
487 0.843161
488 0.847435
489 0.849258
490 0.854601
491 0.854036
492 0.857367
493 0.861013
494 0.873208
495 0.877546
496 0.881569
497 0.865665
498 0.885089
499 0.892067
500 0.876603
501 0.878677
502 0.877986
503 0.876729
504 0.892507
505 0.888924
506 0.887667
507 0.88905
508 0.891061
509 0.889992
510 0.889678
511 0.889238
512 0.888987
513 0.894833
514 0.894016
515 0.894016
516 0.893764
517 0.875786
518 0.876792
519 0.901056
520 0.901119
521 0.902502
522 0.901873
523 0.904199
524 0.909039
525 0.909291
526 0.906336
527 0.907908
528 0.906965
529 0.907845
530 0.910045
531 0.909857
532 0.908034
533 0.909228
534 0.907845
535 0.907342
536 0.909039
537 0.911177
538 0.91476
539 0.912623
540 0.916017
541 0.92136
542 0.924315
543 0.928275
544 0.925321
545 0.930664
546 0.924566
547 0.920669
548 0.9218
549 0.922869
550 0.922555
551 0.923875
552 0.92224
553 0.921612
554 0.9218
555 0.92356
556 0.931795
557 0.931795
558 0.933995
559 0.937201
560 0.94091
561 0.949082
562 0.954237
563 0.957506
564 0.953671
565 0.953357
566 0.951408
567 0.951597
568 0.949334
569 0.94399
570 0.93959
571 0.940407
572 0.93871
573 0.94091
574 0.946442
575 0.942796
576 0.929155
577 0.922366
578 0.924126
579 0.929784
580 0.932298
581 0.929218
582 0.932675
583 0.914508
584 0.916017
585 0.905331
586 0.900742
587 0.899045
588 0.89477
589 0.898353
590 0.89653
591 0.886409
592 0.875346
593 0.8717
594 0.863905
595 0.857933
596 0.863716
597 0.867928
598 0.869437
599 0.866357
600 0.859568
601 0.855984
602 0.851396
603 0.845235
604 0.847058
605 0.844544
606 0.848755
607 0.849258
608 0.849133
609 0.848001
610 0.845864
611 0.845424
612 0.845361
613 0.848755
614 0.852338
615 0.857367
616 0.857493
617 0.857053
618 0.852841
619 0.867299
620 0.854601
621 0.853659
622 0.855733
623 0.853847
624 0.860448
625 0.859002
626 0.859127
627 0.857556
628 0.85787
629 0.859316
630 0.860573
631 0.859819
632 0.859316
633 0.859127
634 0.855419
635 0.854224
636 0.852778
637 0.854601
638 0.848818
639 0.85083
640 0.83788
641 0.840646
642 0.836057
643 0.835743
644 0.858247
645 0.86051
646 0.863654
647 0.866671
648 0.875911
649 0.878803
650 0.87258
651 0.87654
652 0.875346
653 0.876603
654 0.875849
655 0.882135
656 0.886095
657 0.882575
658 0.879117
659 0.875849
660 0.877546
661 0.88226
662 0.879746
663 0.885906
664 0.881443
665 0.876917
666 0.873334
667 0.87478
668 0.877232
669 0.870443
670 0.859065
671 0.864345
672 0.859379
673 0.851584
674 0.856864
675 0.864094
676 0.866419
677 0.864722
678 0.857745
679 0.859127
680 0.864534
681 0.865728
682 0.865162
683 0.864094
684 0.865728
685 0.865539
686 0.862711
687 0.863088
688 0.866357
689 0.868242
690 0.864345
691 0.863025
692 0.862836
693 0.866419
694 0.876289
695 0.875911
696 0.88006
697 0.873208
698 0.877483
699 0.870128
700 0.87522
701 0.872706
702 0.874906
703 0.877546
704 0.87698
705 0.882512
706 0.878866
707 0.877232
708 0.877232
709 0.881946
710 0.887164
711 0.898102
712 0.888169
713 0.885026
714 0.898353
715 0.904639
716 0.91036
717 0.918783
718 0.919663
719 1.0044
720 0.993211
721 0.993588
722 0.997548
723 1.00427
724 1.00453
725 1.0093
726 1.01414
727 1.01502
728 1.01113
729 1.00522
730 1.00761
731 1.02257
732 1.03483
733 1.03344
734 1.03841
735 1.03086
736 1.05463
737 1.07845
738 1.08643
739 1.08549
740 1.09794
741 1.09278
742 1.09398
743 1.09134
744 1.15973
745 1.20455
746 1.23422
747 1.25798
748 1.24717
749 1.25522
750 1.23472
751 1.25585
752 1.27181
753 1.28143
754 1.29564
755 1.29583
756 1.26188
757 1.23868
758 1.22938
759 1.25163
760 1.29425
761 1.31167
762 1.29771
763 1.29828
764 1.27546
765 1.24019
766 1.27144
767 1.29513
768 1.32707
769 1.45128
770 1.44782
771 1.43048
772 1.40602
773 1.38836
774 1.42582
775 1.42268
776 1.42086
777 1.42312
778 1.37271
779 1.36736
780 1.36108
781 1.40024
782 1.42029
783 1.42821
784 1.42054
785 1.39603
786 1.37415
787 1.37654
788 1.37107
789 1.3854
790 1.40508
791 1.40791
792 1.38848
793 1.36082
794 1.33342
795 1.3204
796 1.34241
797 1.35215
798 1.36309
799 1.3678
800 1.35184
801 1.34259
802 1.33719
803 1.31556
804 1.32116
805 1.31456
806 1.31336
807 1.31644
808 1.3194
809 1.32713
810 1.34498
811 1.35617
812 1.37623
813 1.40238
814 1.40282
815 1.41319
816 1.42381
817 1.4377
818 1.44418
819 1.56519
820 1.55689
821 1.5594
822 1.59297
823 1.72479
824 1.73139
825 1.7737
826 1.85655
827 1.88987
828 1.91595
829 1.95839
830 1.98692
831 1.99906
832 2.03407
833 2.0501
834 2.06016
835 2.05651
836 2.06902
837 2.03325
838 2.03872
839 2.04243
840 2.04444
841 2.0408
842 2.03413
843 2.03929
844 2.2092
845 2.20116
846 2.20977
847 2.1679
848 2.16677
849 2.16199
850 2.14175
851 2.11969
852 2.12591
853 2.12421
854 2.11378
855 2.09058
856 2.08876
857 2.11724
858 2.12239
859 2.14351
860 2.12836
861 2.13534
862 2.09272
863 2.08669
864 2.09624
865 2.08015
866 2.08273
867 2.08977
868 2.08995
869 2.14307
870 2.14873
871 2.13855
872 2.13905
873 2.13459
874 2.14326
875 2.1151
876 2.10756
877 2.10014
878 2.06802
879 2.42312
880 2.41413
881 2.42048
882 2.40709
883 2.41313
884 2.39948
885 2.39314
886 2.38729
887 2.39138
888 2.33958
889 2.34561
890 2.35397
891 2.31934
892 2.31657
893 2.272
894 2.24899
895 2.18198
896 2.16652
897 2.17431
898 2.19977
899 2.1884
900 2.18953
901 2.20034
902 2.20468
903 2.20034
904 2.16005
905 2.12918
906 2.14766
907 2.14691
908 2.15062
909 2.14697
910 2.14666
911 2.13283
912 2.09266
913 2.1014
914 2.09109
915 2.0892
916 2.08826
917 2.07965
918 2.07059
919 2.07336
920 2.07606
921 2.10624
922 2.10114
923 2.1007
924 2.10517
925 2.10473
926 2.10718
927 2.11064
928 2.12679
929 2.22919
930 2.23711
931 2.22586
932 2.23158
933 2.24485
934 2.2566
935 2.27382
936 2.25415
937 2.25497
938 2.27024
939 2.29011
940 2.25899
941 2.24749
942 2.23472
943 2.26138
944 2.25515
945 2.25849
946 2.25559
947 2.24943
948 2.23862
949 2.26018
950 2.19827
951 2.18205
952 2.1906
953 2.18645
954 2.42758
955 2.56437
956 2.41363
957 2.38201
958 2.37164
959 2.33109
960 2.33813
961 2.29557
962 2.23334
963 2.24346
964 2.21687
965 2.22046
966 2.21348
967 2.2202
968 2.21121
969 2.18802
970 2.17607
971 2.1349
972 2.16162
973 2.15904
974 2.15451
975 2.15131
976 2.16683
977 2.14596
978 2.13289
979 2.06173
980 2.0711
981 2.02445
982 2.0308
983 2.0418
984 2.03263
985 2.02181
986 2.02213
987 2.00597
988 1.99893
989 1.99742
990 2.00911
991 2.00446
992 2.00453
993 2.01452
994 2.01264
995 2.00258
996 1.99265
997 1.99516
998 1.99717
999 1.99032
1000 2.00409
1001 2.00057
1002 2.00069
1003 2.00038
1004 2.05896
1005 2.08178
1006 2.08097
1007 2.08568
1008 2.08455
1009 2.05771
1010 1.98045
1011 1.96876
1012 1.99133
1013 1.9819
1014 1.98102
1015 1.98221
1016 1.96511
1017 1.97398
1018 1.98026
1019 1.97743
1020 1.98906
1021 1.96467
1022 1.96926
1023 1.97027
1024 1.95059
1025 1.95065
1026 1.95713
1027 1.95348
1028 1.95267
1029 1.94148
1030 1.94569
1031 1.94116
1032 1.94776
1033 1.94795
1034 1.93978
1035 2.02986
1036 2.02797
1037 2.03721
1038 2.0347
1039 2.03093
1040 2.03143
1041 2.02558
1042 2.02452
1043 2.0193
1044 2.01572
1045 2.01641
1046 2.01528
1047 2.01238
1048 2.00893
1049 2.00101
1050 2.00346
1051 2.00069
1052 1.99874
1053 2.00201
1054 2.0088
1055 2.00176
1056 2.00453
1057 2.00107
1058 2.00616
1059 2.00295
1060 2.03809
1061 2.03659
1062 2.04155
1063 2.03143
1064 2.03137
1065 2.01829
1066 2.01458
1067 2.01465
1068 2.00528
1069 1.99975
1070 2.0044
1071 1.96964
1072 1.93035
1073 1.94443
1074 1.93293
1075 1.92909
1076 1.93814
1077 1.95895
1078 1.95443
1079 1.95235
1080 1.95449
1081 1.9653
1082 1.97423
1083 1.98862
1084 2.00277
1085 2.10127
1086 2.09932
1087 2.07122
1088 2.05255
1089 2.03916
1090 2.04979
1091 2.10636
1092 2.11416
1093 2.14747
1094 2.15162
1095 2.0992
1096 2.10636
1097 2.12484
1098 2.10793
1099 2.11705
1100 2.08989
1101 2.04413
1102 2.04111
1103 1.99686
1104 2.05161
1105 2.04268
1106 2.05532
1107 2.05268
1108 2.04312
1109 2.01873
1110 2.10906
1111 2.098
1112 2.10561
1113 2.08122
1114 2.05488
1115 2.05821
1116 2.06487
1117 2.06299
1118 2.04444
1119 2.03684
1120 2.0286
1121 2.00465
1122 2.00295
1123 2.00886
1124 2.00534
1125 2.01226
1126 2.01836
1127 2.02703
1128 2.04564
1129 2.06984
1130 2.14087
1131 2.11409
1132 2.13874
1133 2.17425
1134 2.16973
1135 2.30375
1136 2.28948
1137 2.2918
1138 2.31167
1139 2.30733
1140 2.38352
1141 2.33719
1142 2.3204
1143 2.25905
1144 2.24887
1145 2.27162
1146 2.15904
1147 2.16023
1148 2.15885
1149 2.08461
1150 2.07751
1151 2.04155
1152 2.00723
1153 1.99799
1154 1.93079
1155 1.95857
1156 1.91922
1157 1.92953
1158 1.94173
1159 1.94871
1160 1.85221
1161 1.87252
1162 1.83964
1163 1.82694
1164 1.80023
1165 1.80651
1166 1.88911
1167 1.86988
1168 1.90087
1169 1.88528
1170 1.89867
1171 1.89276
1172 1.90552
1173 1.89829
1174 1.89006
1175 1.84813
1176 1.85265
1177 1.85334
1178 1.87289
1179 1.8695
1180 1.87189
1181 1.90615
1182 1.96247
1183 2.00189
1184 1.98887
1185 2.21134
1186 2.25748
1187 2.26119
1188 2.27074
1189 2.24705
1190 2.23956
1191 2.2241
1192 2.21687
1193 2.23183
1194 2.2544
1195 2.25572
1196 2.28753
1197 2.32996
1198 2.35617
1199 2.40131
1200 2.37723
1201 2.41181
1202 2.41784
1203 2.43902
1204 2.38735
1205 2.28357
1206 2.23975
1207 2.24321
1208 2.20537
1209 2.19537
1210 2.21417
1211 2.18324
1212 2.25905
1213 2.23982
1214 2.21392
1215 2.22756
1216 2.22454
1217 2.20524
1218 2.24698
1219 2.26804
1220 2.30821
1221 2.30023
1222 2.29809
1223 2.32393
1224 2.3331
1225 2.31255
1226 2.3629
1227 2.32393
1228 2.32135
1229 2.31626
1230 2.33222
1231 2.32858
1232 2.26968
1233 2.26276
1234 2.27144
1235 2.1713
1236 2.16093
1237 2.19405
1238 2.16558
1239 2.14037
1240 2.15005
1241 2.15282
1242 2.1723
1243 2.18242
1244 2.20964
1245 2.19116
1246 2.24296
1247 2.25471
1248 2.20619
1249 2.1833
1250 2.19871
1251 2.17985
1252 2.18444
1253 2.19154
1254 2.21121
1255 2.18632
1256 2.20468
1257 2.20311
1258 2.1625
1259 2.16652
1260 2.22706
1261 2.22284
1262 2.25629
1263 2.29356
1264 2.27854
1265 2.32512
1266 2.23774
1267 2.22706
1268 2.25321
1269 2.1916
1270 2.18896
1271 2.20637
1272 2.16017
1273 2.16375
1274 2.13427
1275 2.09643
1276 2.10699
1277 2.08147
1278 2.04193
1279 2.04733
1280 2.04595
1281 2.04344
1282 2.03501
1283 2.02709
1284 2.01119
1285 2.10548
1286 2.09517
1287 2.09844
1288 2.07757
1289 2.07405
1290 2.06311
1291 2.03187
1292 2.02628
1293 2.03501
1294 2.03923
1295 2.05167
1296 1.98912
1297 1.97008
1298 1.98347
1299 1.99981
1300 2.00547
1301 2.03143
1302 2.07575
1303 2.05714
1304 2.07556
1305 2.07757
1306 2.04042
1307 2.0137
1308 2.01295
1309 2.01716
1310 2.09127
1311 2.06098
1312 1.99415
1313 2.01163
1314 2.00075
1315 1.99227
1316 1.96605
1317 1.96983
1318 1.95229
1319 1.9582
1320 1.97152
1321 1.9521
1322 1.90256
1323 1.90495
1324 1.88729
1325 1.84524
1326 1.86592
1327 1.84938
1328 1.85856
1329 1.87597
1330 1.84354
1331 1.81116
1332 1.81921
1333 1.8211
1334 1.81651
1335 1.79325
1336 1.75987
1337 1.7307
1338 1.74133
1339 1.73221
1340 1.71511
1341 1.71367
1342 1.71461
1343 1.70788
1344 1.71499
1345 1.7109
1346 1.72517
1347 1.71725
1348 1.71499
1349 1.72052
1350 1.72963
1351 1.73623
1352 1.71819
1353 1.72146
1354 1.71574
1355 1.71442
1356 1.71869
1357 1.73089
1358 1.72486
1359 1.73334
1360 1.80419
1361 1.80915
1362 1.80186
1363 1.81519
1364 1.81255
1365 1.81456
1366 1.816
1367 1.82763
1368 1.84404
1369 1.84127
1370 1.8453
1371 1.84096
1372 1.84046
1373 1.86346
1374 1.85988
1375 1.86686
1376 1.85422
1377 1.82613
1378 1.82751
1379 1.83977
1380 1.84429
1381 1.84385
1382 1.84115
1383 1.85737
1384 1.86761
1385 1.75817
1386 1.75955
1387 1.76396
1388 1.77483
1389 1.77276
1390 1.78703
1391 1.79325
1392 1.80293
1393 1.79413
1394 1.81462
1395 1.81695
1396 1.82833
1397 1.83122
1398 1.83141
1399 1.83386
1400 1.83505
1401 1.84417
1402 1.8695
1403 1.87698
1404 1.87491
1405 1.88295
1406 1.88081
1407 1.8971
1408 1.90879
1409 1.91495
1410 2.08455
1411 2.07858
1412 2.07833
1413 2.08285
1414 2.07342
1415 2.09165
1416 2.08845
1417 2.09656
1418 2.09197
1419 2.13396
1420 2.1454
1421 2.1547
1422 2.14904
1423 2.15231
1424 2.15885
1425 2.15785
1426 2.13396
1427 2.14282
1428 2.1503
1429 2.15747
1430 2.18714
1431 2.19412
1432 2.20474
1433 2.22479
1434 2.18676
1435 2.31399
1436 2.32267
1437 2.25503
1438 2.27364
1439 2.26892
1440 2.28244
1441 2.28212
1442 2.28074
1443 2.28872
1444 2.27684
1445 2.30312
1446 2.34241
1447 2.36334
1448 2.3937
1449 2.44166
1450 2.45411
1451 2.47907
1452 2.49397
1453 2.54953
1454 2.5562
1455 2.61365
1456 2.60969
1457 2.64131
1458 2.68374
1459 2.70832
1460 2.82946
1461 2.81952
1462 2.83807
1463 2.88025
1464 2.89402
1465 2.93198
1466 2.91118
1467 2.93117
1468 2.95524
1469 2.98366
1470 3.0352
1471 3.05557
1472 3.10881
1473 3.15024
1474 3.14754
1475 3.18362
1476 3.23648
1477 3.25057
1478 3.27345
1479 3.29658
1480 3.28652
1481 3.29526
1482 3.30966
1483 3.31946
1484 3.36673
1485 3.50339
1486 3.50704
1487 3.47649
1488 3.49428
1489 3.40791
1490 3.48391
1491 3.40816
1492 3.38591
1493 3.42947
1494 3.44047
1495 3.41055
1496 3.50497
1497 3.55513
1498 3.55934
1499 3.58002
1500 3.57883
1501 3.58329
1502 3.57694
1503 3.47372
1504 3.47209
1505 3.47511
1506 3.43846
1507 3.4406
1508 3.4526
1509 3.47963
1510 3.47146
1511 3.49315
1512 3.59574
1513 3.5689
1514 3.51949
1515 3.56952
1516 3.5704
1517 3.56613
1518 3.54677
1519 3.46348
1520 3.50251
1521 3.4973
1522 3.51414
1523 3.53187
1524 3.3629
1525 3.36516
1526 3.57411
1527 3.55129
1528 3.30859
1529 3.26924
1530 3.34989
1531 3.32053
1532 3.28351
1533 3.28017
1534 3.33581
1535 3.28269
1536 3.25616
1537 3.2363
1538 3.20939
1539 3.21222
1540 3.20241
1541 3.11108
1542 3.07977
1543 3.06732
1544 3.00899
1545 2.96134
1546 2.90495
1547 2.91476
1548 2.86567
1549 2.71071
1550 2.65156
1551 2.61837
1552 2.6107
1553 2.60228
1554 2.58134
1555 2.59542
1556 2.58895
1557 2.62013
1558 2.5523
1559 2.55896
1560 2.53162
1561 2.53149
1562 2.50767
1563 2.62044
1564 2.6139
1565 2.63584
1566 2.65332
1567 2.6581
1568 2.65432
1569 2.65772
1570 2.66426
1571 2.70518
1572 2.71976
1573 2.76697
1574 2.80035
1575 2.79331
1576 2.79639
1577 2.81745
1578 2.84844
1579 2.88584
1580 2.92922
1581 2.8106
1582 2.85504
1583 2.90282
1584 2.93431
1585 3.1112
1586 3.1774
1587 3.03068
1588 3.06651
1589 3.09825
1590 3.10209
1591 3.10353
1592 3.20053
1593 3.16627
1594 3.15986
1595 3.19223
1596 3.20103
1597 3.2984
1598 3.206
1599 3.20499
1600 3.2417
1601 3.316
1602 3.34461
1603 3.37547
1604 3.38245
1605 3.37723
1606 3.41313
1607 3.39238
1608 3.38723
1609 3.3778
1610 3.34957
1611 3.3646
1612 3.35812
1613 3.45241
1614 3.33669
1615 3.36038
1616 3.62987
1617 3.70348
1618 3.69122
1619 3.78571
1620 3.71813
1621 3.78055
1622 3.76169
1623 3.5017
1624 3.66225
1625 3.39622
1626 3.47391
1627 3.49987
1628 3.49359
1629 3.47712
1630 3.50126
1631 3.57059
1632 3.65093
1633 3.69066
1634 3.68142
1635 3.66294
1636 3.70505
1637 3.7148
1638 3.69871
1639 3.69751
1640 3.7131
1641 3.6635
1642 3.66985
1643 3.60033
1644 3.52445
1645 3.56512
1646 3.46241
1647 3.24032
1648 3.15891
1649 3.17991
1650 3.09806
1651 3.02357
1652 2.98787
1653 2.97599
1654 2.9841
1655 3.00013
1656 3.04425
1657 3.06544
1658 3.11567
1659 3.0711
1660 3.13496
1661 3.0931
1662 3.10215
1663 3.11453
1664 3.11441
1665 3.14081
1666 3.12811
1667 3.11818
1668 3.28715
1669 3.28055
1670 3.31041
1671 3.08775
1672 3.05607
1673 3.10209
1674 3.0689
1675 3.06211
1676 3.05482
1677 3.0557
1678 3.05953
1679 3.07707
1680 3.17928
1681 3.16212
1682 3.14163
1683 3.24126
1684 3.16973
1685 2.9819
1686 3.26553
1687 3.09121
1688 3.07386
1689 3.09171
1690 3.08499
1691 3.15388
1692 3.21103
1693 3.24686
1694 3.29344
1695 3.31839
1696 3.31255
1697 3.31223
1698 3.35039
1699 3.34549
1700 3.32644
1701 3.31487
1702 3.30626
1703 3.29212
1704 3.27552
1705 3.29576
1706 3.347
1707 3.36975
1708 3.35586
1709 3.37403
1710 3.44764
1711 3.40263
1712 3.43312
1713 3.37711
1714 3.37101
1715 3.33769
1716 3.30148
1717 3.30463
1718 3.22882
1719 3.17325
1720 3.1371
1721 3.15835
1722 3.10756
1723 3.07305
1724 3.04425
1725 2.97699
1726 3.00811
1727 2.99447
1728 3.08876
1729 3.0479
1730 2.84109
1731 2.8475
1732 2.90747
1733 2.84058
1734 3.01188
1735 3.03853
1736 3.05186
1737 3.00258
1738 2.96392
1739 2.93758
1740 2.93261
1741 2.96197
1742 2.96417
1743 2.98227
1744 3.03527
1745 3.0264
1746 2.98523
1747 2.93896
1748 3.03074
1749 2.95857
1750 2.97517
1751 2.89936
1752 2.87641
1753 2.87541
1754 2.8331
1755 2.94418
1756 2.73718
1757 2.66639
1758 2.67815
1759 2.64798
1760 2.56418
1761 2.63207
1762 2.7319
1763 2.72448
1764 2.75
1765 2.61648
1766 2.58769
1767 2.6073
1768 2.6051
1769 2.65432
1770 2.68877
1771 2.72152
1772 2.76232
1773 2.76848
1774 2.76119
1775 2.87465
1776 2.90954
1777 2.90992
1778 2.91011
1779 2.91463
1780 2.91281
1781 2.90344
1782 2.93312
1783 2.90143
1784 2.87233
1785 2.81028
1786 2.7803
1787 2.79337
1788 2.78847
1789 2.76194
1790 2.76471
1791 2.78998
1792 2.79042
1793 2.82814
1794 2.73516
1795 2.78929
1796 2.76113
1797 2.72523
1798 2.67545
1799 2.65451
1800 2.59347
1801 2.63968
1802 2.67589
1803 2.7549
1804 2.69047
1805 2.82493
1806 2.82128
1807 2.83914
1808 2.891
1809 2.92809
1810 2.90131
1811 2.96316
1812 2.88742
1813 2.89175
1814 2.77081
1815 2.8282
1816 2.82738
1817 2.65326
1818 2.67325
1819 2.70091
1820 2.65935
1821 2.685
1822 2.71216
1823 2.70826
1824 2.6933
1825 2.65785
1826 2.56424
1827 2.52577
1828 2.54652
1829 2.38515
1830 2.35542
1831 2.34316
1832 2.31418
1833 2.283
1834 2.26308
1835 2.29011
1836 2.33191
1837 2.36585
1838 2.48982
1839 2.43752
1840 2.46228
1841 2.64351
1842 2.63704
1843 2.65992
1844 2.69462
1845 2.57851
1846 2.56374
1847 2.60114
1848 2.56934
1849 2.54645
1850 2.38679
1851 2.27049
1852 2.21379
1853 2.10913
1854 1.95801
1855 1.89081
1856 1.75805
1857 1.65131
1858 1.61749
1859 1.52301
1860 1.37685
1861 1.30425
1862 1.20587
1863 1.08832
1864 1.02301
1865 0.906839
1866 0.755155
1867 0.831531
1868 0.741011
1869 0.691413
1870 0.66916
1871 0.646027
1872 0.656525
1873 0.654199
1874 0.695625
1875 0.734725
1876 0.748617
1877 0.767978
1878 0.783945
1879 0.799032
1880 0.830588
1881 0.862271
1882 0.881632
1883 0.799849
1884 0.893198
1885 0.958071
1886 1.0369
1887 1.12566
1888 1.17394
1889 1.28055
1890 1.37836
1891 1.40873
1892 1.50088
1893 1.59329
1894 1.64716
1895 1.6757
1896 1.68858
1897 1.70933
1898 1.71863
1899 1.72624
1900 1.75823
1901 1.87264
1902 1.97882
1903 2.05117
1904 2.17683
1905 2.32141
1906 2.38151
1907 2.54884
1908 2.6383
1909 2.67142
1910 2.62377
1911 2.57311
1912 2.57311
1913 2.51257
1914 2.49648
1915 2.467
1916 2.42626
1917 2.33053
1918 2.2984
1919 2.22806
1920 2.19085
1921 2.16595
1922 2.1696
1923 2.15684
1924 2.13867
1925 2.10806
1926 2.07499
1927 2.13471
1928 2.17117
1929 2.18224
1930 2.17375
1931 2.19619
1932 2.26968
1933 2.3057
1934 2.28904
1935 2.28897
1936 2.3551
1937 2.40634
1938 2.30664
1939 2.39892
1940 2.48554
1941 2.54972
1942 2.59951
1943 2.69399
1944 2.77558
1945 2.80192
1946 2.848
1947 2.91501
1948 2.92526
1949 2.93431
1950 2.94141
1951 2.93004
1952 2.93984
1953 2.93393
1954 2.89609
1955 2.7715
1956 2.77879
1957 2.69034
1958 2.58637
1959 2.49195
1960 2.39427
1961 2.19952
1962 2.0308
1963 1.97467
1964 1.86089
1965 1.6965
1966 1.6635
1967 1.47838
1968 1.36365
1969 1.29469
1970 1.13999
1971 0.958637
1972 0.886975
1973 0.745663
1974 0.614596
1975 0.551295
1976 0.41432
1977 0.337692
1978 0.296517
1979 0.235165
1980 0.201911
1981 0.196505
1982 0.199837
1983 0.187013
1984 0.18123
1985 0.178338
1986 0.161177
1987 0.153885
1988 0.138044
1989 0.137981
1990 0.136787
1991 0.142821
1992 0.148919
1993 0.148542
1994 0.151559
1995 0.137981
1996 0.134964
1997 0.130752
1998 0.137604
1999 0.131695
2000 0.124654
2001 0.122831
2002 0.114408
2003 0.10655
2004 0.102213
2005 0.103344
2006 0.111831
2007 0.134083
2008 0.141941
2009 0.160045
2010 0.153382
2011 0.159605
2012 0.175509
2013 0.1674
2014 0.180538
2015 0.187076
2016 0.202477
2017 0.216998
2018 0.282059
2019 0.268104
2020 0.284197
2021 0.276905
2022 0.314999
2023 0.395461
2024 0.592092
2025 0.756286
2026 0.852338
2027 1.0203
2028 1.25421
2029 1.37692
2030 1.61466
2031 1.93255
2032 1.60058
2033 1.62943
2034 1.75484
2035 1.80909
2036 1.90407
2037 1.9113
2038 1.90068
2039 1.94468
2040 1.99164
2041 2.02747
2042 2.0506
2043 2.02445
2044 2.04237
2045 2.08511
2046 2.08524
2047 2.14081
2048 2.21561
2049 2.28797
2050 2.33285
2051 2.32745
2052 2.37667
2053 2.32606
2054 2.17117
2055 2.06374
2056 2.26144
2057 1.9191
2058 1.98372
2059 1.80431
2060 1.69456
2061 1.68928
2062 1.69292
2063 1.60768
2064 1.65917
2065 1.6525
2066 1.64754
2067 1.57468
2068 1.55218
2069 1.4262
2070 1.38899
2071 1.30947
2072 1.25899
2073 1.1928
2074 1.11969
2075 1.00396
2076 0.939653
2077 0.903068
2078 0.811919
2079 0.701974
2080 0.653508
2081 0.559404
2082 0.471712
2083 0.442545
2084 0.368745
2085 0.370757
2086 0.360636
2087 0.354853
2088 0.342595
2089 0.337817
2090 0.32996
2091 0.331531
2092 0.334297
2093 0.33128
2094 0.327634
2095 0.330588
2096 0.329834
2097 0.321914
2098 0.319713
2099 0.31393
2100 0.311101
2101 0.306135
2102 0.312296
2103 0.308461
2104 0.306638
2105 0.302301
2106 0.308461
2107 0.313113
2108 0.312296
2109 0.310598
2110 0.320531
2111 0.324365
2112 0.322291
2113 0.317953
2114 0.331154
2115 0.319148
2116 0.323799
2117 0.321411
2118 0.334046
2119 0.334989
2120 0.343286
2121 0.352338
2122 0.367488
2123 0.389867
2124 0.404702
2125 0.406148
2126 0.417903
2127 0.493462
2128 0.518356
2129 0.592343
2130 0.654199
2131 0.700277
2132 0.729444
2133 0.799032
2134 0.816193
2135 0.866482
2136 0.95738
2137 0.979256
2138 1.02118
2139 1.10077
2140 1.13962
2141 1.24874
2142 1.45612
2143 1.46084
2144 1.49434
2145 1.58983
2146 1.63962
2147 1.74604
2148 1.8441
2149 1.86636
2150 1.75553
2151 1.75409
2152 1.76194
2153 1.8629
2154 1.8546
2155 1.8942
2156 1.88226
2157 1.96341
2158 1.97253
2159 2.07003
2160 2.19701
2161 2.24774
2162 2.24755
2163 2.36271
2164 2.40891
2165 2.45009
2166 2.50113
2167 2.52018
2168 2.57971
2169 2.63962
2170 2.65502
2171 2.69858
2172 2.74635
2173 2.75082
2174 2.74051
2175 2.73674
2176 2.71832
2177 2.68978
2178 2.56739
2179 2.52672
2180 2.45191
2181 2.37082
2182 2.33386
2183 2.26188
2184 2.09637
2185 2.0049
2186 1.86579
2187 1.70795
2188 1.66784
2189 1.56613
2190 1.44707
2191 1.39515
2192 1.2803
2193 1.1569
2194 1.12434
2195 1.04344
2196 0.965175
2197 0.93079
2198 0.820153
2199 0.719638
2200 0.687579
2201 0.605544
2202 0.494782
2203 0.465552
2204 0.387227
2205 0.357682
2206 0.356487
2207 0.327194
2208 0.309027
2209 0.289917
2210 0.281116
2211 0.233405
2212 0.212849
2213 0.17136
2214 0.13006
2215 0.105167
2216 0.0928464
2217 0.079394
2218 0.068959
2219 0.0809656
2220 0.0768796
2221 0.0792683
2222 0.0758738
2223 0.0795197
2224 0.10523
2225 0.0973095
2226 0.0832286
2227 0.096178
2228 0.104979
2229 0.10303
2230 0.0981267
2231 0.109568
2232 0.110196
2233 0.114282
2234 0.123837
2235 0.0970581
2236 0.104916
2237 0.104539
2238 0.110385
2239 0.124277
2240 0.123711
2241 0.118242
2242 0.121008
2243 0.112648
2244 0.123146
2245 0.131066
2246 0.136912
2247 0.133895
2248 0.12346
2249 0.14565
2250 0.141313
2251 0.147724
2252 0.156714
2253 0.160674
2254 0.165829
2255 0.18167
2256 0.172429
2257 0.182927
2258 0.184813
2259 0.190722
2260 0.173309
2261 0.179658
2262 0.205117
2263 0.209894
2264 0.210774
2265 0.206814
2266 0.204551
2267 0.209014
2268 0.231833
2269 0.229004
2270 0.222844
2271 0.212157
2272 0.227998
2273 0.215866
2274 0.226993
2275 0.235982
2276 0.253709
2277 0.234222
2278 0.232713
2279 0.2478
2280 0.246228
2281 0.249246
2282 0.234096
2283 0.212849
2284 0.210649
2285 0.208197
2286 0.192733
2287 0.181481
2288 0.174755
2289 0.168846
2290 0.163188
2291 0.149987
2292 0.132701
2293 0.122454
2294 0.10215
2295 0.100767
2296 0.0981896
2297 0.090269
2298 0.133455
2299 0.176766
2300 0.280299
2301 0.390181
2302 0.451785
2303 0.573359
2304 0.679092
2305 0.735919
2306 0.838509
2307 0.915891
2308 0.969072
2309 1.07763
2310 1.11862
2311 1.12409
2312 1.08203
2313 1.06098
2314 1.01735
2315 1.00214
2316 0.974038
2317 0.95254
2318 0.930412
2319 0.933367
2320 0.918154
2321 0.91872
2322 0.827697
2323 0.773133
2324 0.655959
2325 0.646593
2326 0.639804
2327 0.634649
2328 0.627923
2329 0.609253
2330 0.620191
2331 0.582286
2332 0.575308
2333 0.567199
2334 0.5391
2335 0.487742
2336 0.466621
2337 0.442796
2338 0.396656
2339 0.371197
2340 0.386032
2341 0.389804
2342 0.393701
2343 0.398353
2344 0.418154
2345 0.442733
2346 0.45122
2347 0.438396
2348 0.41872
2349 0.356424
2350 0.345487
2351 0.28866
2352 0.25044
2353 0.232399
2354 0.202351
2355 0.168532
2356 0.151999
2357 0.126289
2358 0.0932235
2359 0.0797083
2360 0.0483405
2361 0.0257103
2362 0.0194871
2363 0.00150867
2364 0
2365 0
2366 0
2367 0
2368 0
2369 0
2370 0
2371 0
2372 0.00710334
2373 0.0365225
2374 0.0514835
2375 0.103407
2376 0.123837
2377 0.131506
2378 0.179029
2379 0.172555
2380 0.182738
2381 0.217752
2382 0.228187
2383 0.237553
2384 0.230639
2385 0.20738
2386 0.203671
2387 0.184058
2388 0.181544
2389 0.166709
2390 0.147284
2391 0.1283
2392 0.120443
2393 0.0965552
2394 0.0731707
2395 0.0642444
2396 0.0457003
2397 0.0241388
2398 0.0133266
2399 0
2400 0
2401 0
2402 0
2403 0
2404 0
2405 0.115414
2406 0.264584
2407 0.352087
2408 0.473724
2409 0.521499
2410 0.571411
2411 0.73617
2412 0.888672
2413 0.938144
2414 0.9631
2415 0.983279
2416 0.983279
2417 0.98573
2418 1.02269
2419 1.02533
2420 0.959329
2421 0.865917
2422 0.814119
2423 0.703231
2424 0.611956
2425 0.565439
2426 0.45958
2427 0.35655
2428 0.313176
2429 0.219386
2430 0.145399
2431 0.110699
2432 0.0454488
2433 0.0044003
2434 0
2435 0
2436 0
2437 0
2438 0
2439 0
2440 0
2441 0
2442 0
2443 0
2444 0
2445 0
2446 0
2447 0
2448 0
2449 0
2450 0
2451 0
2452 0
2453 0
2454 0.075308
2455 0.127043
2456 0.234976
2457 0.335994
2458 0.384461
2459 0.48573
2460 0.583857
2461 0.632198
2462 0.716621
2463 0.747234
2464 0.744154
2465 0.739754
2466 0.701157
2467 0.700025
2468 0.673812
2469 0.601018
2470 0.586309
2471 0.526088
2472 0.435693
2473 0.401685
2474 0.346807
2475 0.311604
2476 0.288911
2477 0.224353
2478 0.16696
2479 0.139427
2480 0.0810284
2481 0.0333166
2482 0.00716621
2483 0
2484 0
2485 0
2486 0
2487 0
2488 0
2489 0
2490 0
2491 0
2492 0
2493 0
2494 0
2495 0
2496 0
2497 0
2498 0.00176012
2499 0.0341338
2500 0.0505406
2501 0.0874403
2502 0.136409
2503 0.158034
2504 0.199459
2505 0.232965
2506 0.251257
2507 0.279733
2508 0.305507
2509 0.314999
2510 0.309593
2511 0.310221
2512 0.296203
2513 0.268984
2514 0.23617
2515 0.221964
2516 0.20122
2517 0.168343
2518 0.153319
2519 0.124466
2520 0.0912748
2521 0.0780111
2522 0.0523007
2523 0.024956
2524 0.014081
2525 0.00113151
2526 0.00113151
2527 0.00113151
2528 0.00113151
2529 0.00169726
2530 0.00220015
2531 0.00370883
2532 0.00458889
2533 0.00484033
2534 0.00377169
2535 0.00314307
2536 0.00314307
2537 0.00220015
2538 0.068519
2539 0.114219
2540 0.214169
2541 0.337503
2542 0.386032
2543 0.54306
2544 0.685441
2545 0.758172
2546 0.899547
2547 1.04784
2548 1.11919
2549 1.18846
2550 1.27194
2551 1.29023
2552 1.33568
2553 1.33681
2554 1.34109
2555 1.29105
2556 1.2544
2557 1.20493
2558 1.08907
2559 0.978439
2560 0.938962
2561 0.824554
2562 0.692293
2563 0.635844
2564 0.526842
2565 0.426452
2566 0.366859
2567 0.275647
2568 0.190785
2569 0.154325
2570 0.0900805
2571 0.0448202
2572 0.039037
2573 0.0225044
2574 0.0035831
2575 0
2576 0.00182298
2577 0.00150867
2578 0.00207443
2579 0.00207443
2580 0.00113151
2581 0.00113151
2582 0
2583 0
2584 0
2585 0
2586 0
2587 0
2588 0
2589 0
2590 0
2591 0
2592 0.000942922
2593 0.0024516
2594 0.00377169
2595 0.00377169
2596 0.00377169
2597 0.00396027
2598 0.00207443
2599 0.00282877
2600 0.00282877
2601 0.0024516
2602 0.00282877
2603 0.0024516
2604 0.0024516
2605 0.00308021
2606 0.00546895
2607 0.00634901
2608 0.00653759
2609 0.00634901
2610 0.00672618
2611 0.00641187
2612 0.00289163
2613 0.00251446
2614 0.00251446
2615 0.00113151
2616 0
2617 0
2618 0
2619 0
2620 0
2621 0.00150867
2622 0.00207443
2623 0.00238874
2624 0.00213729
2625 0.00213729
2626 0.00213729
2627 0
2628 0
2629 0
2630 0
2631 0
2632 0
2633 0
2634 0
2635 0.00113151
2636 0.00289163
2637 0.00295449
2638 0.00320593
2639 0.00414886
2640 0.00414886
2641 0.00414886
2642 0.00264018
2643 0
2644 0
2645 0
2646 0
2647 0
2648 0
2649 0
2650 0
2651 0.00132009
2652 0.0346367
2653 0.0718506
2654 0.16212
2655 0.252577
2656 0.296077
2657 0.384775
2658 0.46046
2659 0.495725
2660 0.585114
2661 0.630438
2662 0.646027
2663 0.720518
2664 0.721461
2665 0.740885
2666 0.761378
2667 0.776025
2668 0.801861
2669 0.89609
2670 0.979193
2671 0.991325
2672 1.01798
2673 1.04683
2674 1.05928
2675 1.0672
2676 1.14276
2677 1.19512
2678 1.31531
2679 1.4081
2680 1.42438
2681 1.41451
2682 1.42161
2683 1.43255
2684 1.46863
2685 1.5325
2686 1.56569
2687 1.64119
2688 1.67903
2689 1.66111
2690 1.63119
2691 1.62516
2692 1.58537
2693 1.51735
2694 1.42073
2695 1.37836
2696 1.27709
2697 1.16331
2698 1.10561
2699 0.996354
2700 0.889427
2701 0.828388
2702 0.705117
2703 0.604287
2704 0.548466
2705 0.435127
2706 0.323171
2707 0.265338
2708 0.164948
2709 0.0714735
2710 0.0482776
2711 0
2712 0
2713 0.00282877
2714 0.00433744
2715 0.00546895
2716 0.00578325
2717 0.00672618
2718 0.00735479
2719 0.0106864
2720 0.0138295
2721 0.0177269
2722 0.0187956
2723 0.0306764
2724 0.0396027
2725 0.0436887
2726 0.0550038
2727 0.0672618
2728 0.0732965
2729 0.0868117
2730 0.108562
2731 0.117237
2732 0.134586
2733 0.150993
2734 0.164194
2735 0.162497
2736 0.177269
2737 0.186133
2738 0.198768
2739 0.2087
2740 0.209203
2741 0.209329
2742 0.199962
2743 0.21222
2744 0.218192
2745 0.214546
2746 0.226993
2747 0.22517
2748 0.228879
2749 0.23529
2750 0.235856
2751 0.234347
2752 0.236799
2753 0.231644
2754 0.231582
2755 0.23617
2756 0.250566
2757 0.24692
2758 0.248617
2759 0.265841
2760 0.2544
2761 0.257103
2762 0.255155
2763 0.247611
2764 0.246794
2765 0.251446
2766 0.270179
2767 0.278225
2768 0.276088
2769 0.274139
2770 0.277093
2771 0.29526
2772 0.304627
2773 0.304249
2774 0.299786
2775 0.29614
2776 0.29658
2777 0.311101
2778 0.319148
2779 0.325245
2780 0.333857
2781 0.355544
2782 0.366419
2783 0.386724
2784 0.4152
2785 0.408788
2786 0.399925
2787 0.398039
2788 0.409542
2789 0.427646
2790 0.424881
2791 0.431481
2792 0.424692
2793 0.420292
2794 0.426641
2795 0.412308
2796 0.409354
2797 0.408977
2798 0.408285
2799 0.41564
2800 0.422618
2801 0.422178
2802 0.42224
2803 0.427269
2804 0.439276
2805 0.454488
2806 0.461592
2807 0.475735
2808 0.488999
2809 0.49604
2810 0.494028
2811 0.501509
2812 0.504463
2813 0.512384
2814 0.511818
2815 0.515967
2816 0.514961
2817 0.511252
2818 0.507543
2819 0.507481
2820 0.544254
2821 0.535077
2822 0.527093
2823 0.520556
2824 0.520556
2825 0.515841
2826 0.503835
2827 0.501383
2828 0.500314
2829 0.495788
2830 0.491639
2831 0.491137
2832 0.489125
2833 0.482336
2834 0.47341
2835 0.460397
2836 0.46178
2837 0.467563
2838 0.472152
2839 0.479759
2840 0.491074
2841 0.499371
2842 0.501886
2843 0.495034
2844 0.491074
2845 0.491074
2846 0.488433
2847 0.488056
2848 0.485228
2849 0.481959
2850 0.479884
2851 0.476867
2852 0.475044
2853 0.472592
2854 0.474038
2855 0.470895
2856 0.469889
2857 0.47385
2858 0.480576
2859 0.485165
2860 0.476553
2861 0.478313
2862 0.476176
2863 0.475547
2864 0.482965
2865 0.487742
2866 0.489754
2867 0.496605
2868 0.504149
2869 0.514081
2870 0.50264
2871 0.536837
2872 0.526905
2873 0.502012
2874 0.490005
2875 0.486422
2876 0.46046
2877 0.450717
2878 0.443488
2879 0.431607
2880 0.435064
2881 0.443048
2882 0.457317
2883 0.472278
2884 0.486233
2885 0.477747
2886 0.480827
2887 0.485165
2888 0.48485
2889 0.491702
2890 0.492079
2891 0.478879
2892 0.459957
2893 0.452602
2894 0.415829
2895 0.427269
2896 0.431292
2897 0.437013
2898 0.436887
2899 0.440973
2900 0.430538
2901 0.424566
2902 0.418594
2903 0.403256
2904 0.402062
2905 0.402942
2906 0.416457
2907 0.432801
2908 0.438207
2909 0.443425
2910 0.436258
2911 0.437327
2912 0.436824
2913 0.441225
2914 0.443488
2915 0.439842
2916 0.431481
2917 0.425132
2918 0.422178
2919 0.42092
2920 0.421297
2921 0.422052
2922 0.432172
2923 0.436321
2924 0.434876
2925 0.426892
2926 0.42268
2927 0.417211
2928 0.416834
2929 0.414446
2930 0.446002
2931 0.45694
2932 0.460963
2933 0.482587
2934 0.459266
2935 0.442482
2936 0.410548
2937 0.41212
2938 0.411743
2939 0.422492
2940 0.433618
2941 0.44091
2942 0.452854
2943 0.452162
2944 0.448768
2945 0.443865
2946 0.448328
2947 0.450717
2948 0.458637
2949 0.462535
2950 0.460397
2951 0.463226
2952 0.446316
2953 0.43431
2954 0.409228
2955 0.400616
2956 0.401245
2957 0.410485
2958 0.422492
2959 0.422492
2960 0.39917
2961 0.406651
2962 0.406085
2963 0.396907
2964 0.397913
2965 0.400679
2966 0.40005
2967 0.400742
2968 0.400805
2969 0.40269
2970 0.402879
2971 0.402125
2972 0.404325
2973 0.403759
2974 0.403131
2975 0.404451
2976 0.404199
2977 0.405079
2978 0.404828
2979 0.401496
2980 0.402565
2981 0.404073
2982 0.409731
2983 0.414823
2984 0.415766
2985 0.481456
2986 0.480073
2987 0.489251
2988 0.489062
2989 0.474793
2990 0.489188
2991 0.500126
2992 0.520053
2993 0.520996
2994 0.524767
2995 0.527533
2996 0.539917
2997 0.547272
2998 0.554752
2999 0.566947
3000 0.60083
3001 0.610385
3002 0.638107
3003 0.650993
3004 0.667023
3005 0.679218
3006 0.700905
3007 0.712597
3008 0.745097
3009 0.766093
3010 0.79174
3011 0.822919
3012 0.830463
3013 0.828514
3014 0.845989
3015 0.854224
3016 0.865099
3017 0.91124
3018 0.912685
3019 0.898667
3020 0.936573
3021 0.952351
3022 0.969575
3023 0.999686
3024 0.995285
3025 1.00339
3026 0.991828
3027 0.992645
3028 1.00861
3029 1.02056
3030 1.043
3031 1.05218
3032 1.06613
3033 1.08518
3034 1.08191
3035 1.21857
3036 1.2688
3037 1.27452
3038 1.29425
3039 1.27577
3040 1.25616
3041 1.27188
3042 1.25239
3043 1.2412
3044 1.23592
3045 1.24529
3046 1.24246
3047 1.25126
3048 1.25484
3049 1.24698
3050 1.26106
3051 1.25981
3052 1.25031
3053 1.25251
3054 1.2549
3055 1.25729
3056 1.25823
3057 1.2566
3058 1.24403
3059 1.23868
3060 1.33241
3061 1.32091
3062 1.32022
3063 1.3255
3064 1.26157
3065 1.31223
3066 1.27219
3067 1.30444
3068 1.2527
3069 1.25434
3070 1.28489
3071 1.29073
3072 1.2908
3073 1.30023
3074 1.32487
3075 1.35448
3076 1.36416
3077 1.34693
3078 1.34492
3079 1.34605
3080 1.32374
3081 1.3277
3082 1.35008
3083 1.34693
3084 1.34498
3085 1.40458
3086 1.37943
3087 1.39659
3088 1.40703
3089 1.35837
3090 1.3492
3091 1.35888
3092 1.34536
3093 1.3485
3094 1.35052
3095 1.3431
3096 1.34241
3097 1.35058
3098 1.36139
3099 1.36567
3100 1.37403
3101 1.39816
3102 1.40401
3103 1.39571
3104 1.41715
3105 1.41577
3106 1.42262
3107 1.42545
3108 1.43186
3109 1.42991
3110 1.50641
3111 1.50698
3112 1.50748
3113 1.52018
3114 1.50761
3115 1.5188
3116 1.51565
3117 1.4929
3118 1.48768
3119 1.51653
3120 1.50283
3121 1.50717
3122 1.50597
3123 1.49987
3124 1.49742
3125 1.48868
3126 1.47806
3127 1.46543
3128 1.46712
3129 1.46618
3130 1.46781
3131 1.47108
3132 1.46712
3133 1.46429
3134 1.46323
3135 1.51584
3136 1.479
3137 1.46348
3138 1.47548
3139 1.4719
3140 1.47567
3141 1.49962
3142 1.49327
3143 1.49359
3144 1.48529
3145 1.47982
3146 1.46825
3147 1.47039
3148 1.47567
3149 1.45235
3150 1.45933
3151 1.46568
3152 1.42941
3153 1.4296
3154 1.43123
3155 1.43198
3156 1.42614
3157 1.41947
3158 1.42035
3159 1.42331
3160 1.47347
3161 1.46499
3162 1.4797
3163 1.46964
3164 1.45958
3165 1.46517
3166 1.45989
3167 1.44871
3168 1.4421
3169 1.42953
3170 1.43129
3171 1.42601
3172 1.41319
3173 1.41507
3174 1.42199
3175 1.41658
3176 1.44487
3177 1.45185
3178 1.44921
3179 1.44437
3180 1.44198
3181 1.4069
3182 1.40948
3183 1.41093
3184 1.41998
3185 1.52615
3186 1.52835
3187 1.50239
3188 1.49415
3189 1.50302
3190 1.48322
3191 1.51326
3192 1.52112
3193 1.51886
3194 1.52571
3195 1.49095
3196 1.48485
3197 1.45204
3198 1.42067
3199 1.42413
3200 1.40684
3201 1.41369
3202 1.39446
3203 1.38861
3204 1.38421
3205 1.38176
3206 1.39741
3207 1.38107
3208 1.38999
3209 1.38748
3210 1.38063
3211 1.38427
3212 1.38509
3213 1.38358
3214 1.38911
3215 1.38666
3216 1.40659
3217 1.40313
3218 1.40797
3219 1.40319
3220 1.39402
3221 1.36799
3222 1.36592
3223 1.36126
3224 1.35121
3225 1.36164
3226 1.36453
3227 1.37371
3228 1.41564
3229 1.42149
3230 1.42444
3231 1.41602
3232 1.41489
3233 1.41363
3234 1.40979
3235 1.38918
3236 1.38654
3237 1.38107
3238 1.37315
3239 1.37949
3240 1.37076
3241 1.37981
3242 1.37019
3243 1.38446
3244 1.38239
3245 1.38402
3246 1.3778
3247 1.36931
3248 1.3634
3249 1.36403
3250 1.37183
3251 1.36045
3252 1.35969
3253 1.35812
3254 1.33486
3255 1.32066
3256 1.32147
3257 1.31644
3258 1.33669
3259 1.33901
3260 1.33625
3261 1.32499
3262 1.34153
3263 1.37742
3264 1.38358
3265 1.35661
3266 1.33373
3267 1.33832
3268 1.33417
3269 1.35466
3270 1.35862
3271 1.36981
3272 1.36755
3273 1.37277
3274 1.37597
3275 1.37905
3276 1.45732
3277 1.45298
3278 1.46046
3279 1.46649
3280 1.46241
3281 1.46052
3282 1.4829
3283 1.48931
3284 1.49246
3285 1.57405
3286 1.56619
3287 1.55318
3288 1.52615
3289 1.49447
3290 1.48171
3291 1.49969
3292 1.50434
3293 1.53024
3294 1.52954
3295 1.5159
3296 1.50239
3297 1.5093
3298 1.50446
3299 1.50251
3300 1.48868
3301 1.47926
3302 1.48604
3303 1.49038
3304 1.48875
3305 1.49749
3306 1.49057
3307 1.48535
3308 1.48259
3309 1.48447
3310 1.56192
3311 1.57606
3312 1.57971
3313 1.57883
3314 1.55852
3315 1.54155
3316 1.5325
3317 1.53049
3318 1.5269
3319 1.53803
3320 1.53149
3321 1.48234
3322 1.50201
3323 1.4873
3324 1.47687
3325 1.49579
3326 1.4878
3327 1.49956
3328 1.49057
3329 1.48837
3330 1.47435
3331 1.47856
3332 1.4807
3333 1.4812
3334 1.48083
3335 1.41696
3336 1.41055
3337 1.41671
3338 1.41281
3339 1.39823
3340 1.39785
3341 1.40558
3342 1.39892
3343 1.39351
3344 1.39904
3345 1.38817
3346 1.38251
3347 1.38817
3348 1.38509
3349 1.38773
3350 1.3502
3351 1.35202
3352 1.35265
3353 1.36673
3354 1.37025
3355 1.3695
3356 1.38276
3357 1.38823
3358 1.3905
3359 1.38672
3360 1.41753
3361 1.41086
3362 1.41621
3363 1.41011
3364 1.40407
3365 1.38647
3366 1.36837
3367 1.36164
3368 1.34385
3369 1.32625
3370 1.31688
3371 1.30827
3372 1.29457
3373 1.29306
3374 1.28715
3375 1.28269
3376 1.27841
3377 1.27068
3378 1.26804
3379 1.27112
3380 1.26609
3381 1.27043
3382 1.26653
3383 1.27917
3384 1.2803
3385 1.25767
3386 1.24962
3387 1.23692
3388 1.23347
3389 1.23472
3390 1.23868
3391 1.23479
3392 1.23252
3393 1.22548
3394 1.22762
3395 1.22944
3396 1.21329
3397 1.21304
3398 1.20776
3399 1.21323
3400 1.21945
3401 1.21989
3402 1.21341
3403 1.21712
3404 1.2192
3405 1.22328
3406 1.22228
3407 1.22391
3408 1.22039
3409 1.20801
3410 1.25754
3411 1.25339
3412 1.25459
3413 1.2368
3414 1.22479
3415 1.22467
3416 1.22008
3417 1.21863
3418 1.21851
3419 1.21637
3420 1.21712
3421 1.20939
3422 1.2126
3423 1.20857
3424 1.2109
3425 1.2153
3426 1.20549
3427 1.20298
3428 1.2038
3429 1.20223
3430 1.2004
3431 1.2016
3432 1.22643
3433 1.22825
3434 1.29601
3435 1.49667
3436 1.48139
3437 1.49001
3438 1.49051
3439 1.48246
3440 1.48567
3441 1.51088
3442 1.5115
3443 1.51968
3444 1.52364
3445 1.52351
3446 1.53828
3447 1.53363
3448 1.52804
3449 1.52263
3450 1.52351
3451 1.54457
3452 1.53929
3453 1.54834
3454 1.54344
3455 1.54319
3456 1.54576
3457 1.54928
3458 1.5474
3459 1.54325
3460 1.73039
3461 1.72448
3462 1.72322
3463 1.72844
3464 1.72743
3465 1.72297
3466 1.71832
3467 1.72121
3468 1.71794
3469 1.72856
3470 1.71524
3471 1.71763
3472 1.70556
3473 1.70304
3474 1.69808
3475 1.69355
3476 1.69889
3477 1.69707
3478 1.69141
3479 1.69374
3480 1.69393
3481 1.68576
3482 1.68349
3483 1.6828
3484 1.6828
3485 1.88578
3486 1.86881
3487 1.86849
3488 1.86353
3489 1.84517
3490 1.85976
3491 1.88754
3492 1.91375
3493 1.95914
3494 2.02087
3495 2.09404
3496 2.03457
3497 2.02263
3498 1.99353
3499 1.99246
3500 1.98051
3501 2.02646
3502 2.01949
3503 2.08819
3504 2.0738
3505 2.02106
3506 1.99767
3507 2.03338
3508 1.98573
3509 1.97756
3510 1.96436
3511 1.94468
3512 1.95348
3513 1.91482
3514 1.90282
3515 1.91313
3516 1.84366
3517 1.83134
3518 1.83335
3519 1.8397
3520 1.80922
3521 1.8028
3522 1.80695
3523 1.80073
3524 1.78703
3525 1.7803
3526 1.80199
3527 1.80544
3528 1.80614
3529 1.81468
3530 1.81374
3531 1.805
3532 1.80419
3533 1.79979
3534 1.79507
3535 1.7703
3536 1.77056
3537 1.76942
3538 1.76955
3539 1.76584
3540 1.75346
3541 1.74855
3542 1.74749
3543 1.74554
3544 1.73912
3545 1.74026
3546 1.73485
3547 1.73579
3548 1.72586
3549 1.72404
3550 1.72046
3551 1.71932
3552 1.72064
3553 1.71461
3554 1.72322
3555 1.71756
3556 1.71297
3557 1.71807
3558 1.71901
3559 1.70851
3560 1.69481
3561 1.695
3562 1.68777
3563 1.6884
3564 1.68827
3565 1.68789
3566 1.69286
3567 1.70254
3568 1.68645
3569 1.64276
3570 1.63371
3571 1.63911
3572 1.65483
3573 1.65621
3574 1.65332
3575 1.65332
3576 1.64433
3577 1.6464
3578 1.65332
3579 1.67538
3580 1.66055
3581 1.66306
3582 1.66243
3583 1.66218
3584 1.65483
3585 1.65602
3586 1.65891
3587 1.65841
3588 1.65854
3589 1.63842
3590 1.6366
3591 1.63616
3592 1.63716
3593 1.64615
3594 1.55991
3595 1.54803
3596 1.55186
3597 1.53357
3598 1.53483
3599 1.53797
3600 1.53407
3601 1.53237
3602 1.54457
3603 1.54457
3604 1.53816
3605 1.54557
3606 1.55966
3607 1.57053
3608 1.57631
3609 1.55846
3610 1.56135
3611 1.57179
3612 1.56173
3613 1.57921
3614 1.57839
3615 1.58216
3616 1.58819
3617 1.57349
3618 1.58882
3619 1.69066
3620 1.69003
3621 1.71266
3622 1.69871
3623 1.70593
3624 1.66363
3625 1.65395
3626 1.64741
3627 1.64496
3628 1.65879
3629 1.68085
3630 1.6938
3631 1.69801
3632 1.70216
3633 1.70606
3634 1.71109
3635 1.71668
3636 1.71781
3637 1.73378
3638 1.75063
3639 1.76157
3640 1.76754
3641 1.76949
3642 1.7737
3643 1.78281
3644 1.89521
3645 1.89332
3646 1.91067
3647 1.85774
3648 1.85957
3649 1.86516
3650 1.8695
3651 1.86497
3652 1.88584
3653 1.89402
3654 1.88729
3655 1.89772
3656 1.90797
3657 1.90954
3658 1.92255
3659 1.94091
3660 1.93921
3661 1.95166
3662 1.94481
3663 1.96832
3664 1.97247
3665 1.97379
3666 1.98265
3667 1.98529
3668 1.99001
3669 1.95625
3670 1.93066
3671 1.92004
3672 1.88987
3673 1.86711
3674 1.86975
3675 1.86409
3676 1.85096
3677 1.85215
3678 1.85265
3679 1.8475
3680 1.83505
3681 1.83713
3682 1.8436
3683 1.83342
3684 1.84278
3685 1.84241
3686 1.84077
3687 1.84341
3688 1.84429
3689 1.83524
3690 1.82977
3691 1.82587
3692 1.81575
3693 1.81311
3694 1.81267
3695 1.80494
3696 1.80991
3697 1.82103
3698 1.81701
3699 1.81154
3700 1.80243
3701 1.80211
3702 1.80048
3703 1.78514
3704 1.7781
3705 1.77552
3706 1.7725
3707 1.7776
3708 1.76565
3709 1.76484
3710 1.74661
3711 1.73699
3712 1.74114
3713 1.74302
3714 1.74001
3715 1.73912
3716 1.739
3717 1.74371
3718 1.74063
3719 1.71392
3720 1.70801
3721 1.70593
3722 1.69908
3723 1.69606
3724 1.70179
3725 1.68261
3726 1.68676
3727 1.68022
3728 1.67444
3729 1.68356
3730 1.67633
3731 1.68544
3732 1.68123
3733 1.68318
3734 1.68613
3735 1.69676
3736 1.69154
3737 1.68921
3738 1.69977
3739 1.70103
3740 1.70072
3741 1.69745
3742 1.70197
3743 1.69808
3744 1.65458
3745 1.65602
3746 1.65018
3747 1.64659
3748 1.64452
3749 1.6405
3750 1.64332
3751 1.64112
3752 1.63874
3753 1.63509
3754 1.62151
3755 1.62315
3756 1.63389
3757 1.6107
3758 1.60448
3759 1.60605
3760 1.59561
3761 1.6029
3762 1.59253
3763 1.58398
3764 1.57663
3765 1.55079
3766 1.53539
3767 1.51666
3768 1.50503
3769 1.43802
3770 1.43217
3771 1.42607
3772 1.41922
3773 1.41859
3774 1.41966
3775 1.42211
3776 1.41174
3777 1.41715
3778 1.41287
3779 1.41023
3780 1.41501
3781 1.41602
3782 1.41055
3783 1.40627
3784 1.40571
3785 1.40495
3786 1.40935
3787 1.39691
3788 1.40212
3789 1.39848
3790 1.39842
3791 1.39659
3792 1.39703
3793 1.39659
3794 1.46178
3795 1.45417
3796 1.45135
3797 1.45612
3798 1.44839
3799 1.44676
3800 1.42985
3801 1.43638
3802 1.4362
3803 1.43186
3804 1.43343
3805 1.4267
3806 1.42519
3807 1.42318
3808 1.52087
3809 1.67394
3810 1.74214
3811 1.87139
3812 1.97341
3813 2.0286
3814 2.04136
3815 2.56864
3816 2.87949
3817 3.32462
3818 3.4399
3819 3.64232
3820 3.64584
3821 3.64735
3822 3.65018
3823 3.6449
3824 3.63861
3825 3.63691
3826 3.64119
3827 3.81726
3828 3.81638
3829 3.8182
3830 3.82084
3831 3.82128
3832 3.82116
3833 3.82122
3834 3.82078
3835 3.83643
3836 3.83486
3837 3.83342
3838 3.82688
3839 3.82864
3840 3.83643
3841 3.83643
3842 3.83549
3843 3.83493
3844 3.81827
3845 3.8211
3846 3.82066
3847 3.82034
3848 3.8204
3849 3.82047
3850 3.8189
3851 3.8106
3852 3.81072
3853 3.81066
3854 3.81066
3855 3.82053
3856 3.81871
3857 3.81739
3858 3.80947
3859 3.81167
3860 3.80764
3861 3.80758
3862 3.81123
3863 3.805
3864 3.7984
3865 3.81934
3866 3.81248
3867 3.81883
3868 3.81217
3869 3.84555
3870 3.84316
3871 3.84436
3872 3.84448
3873 3.82481
3874 3.82537
3875 3.8255
3876 3.82424
3877 3.82116
3878 3.82066
3879 3.81657
3880 3.81569
3881 3.83178
3882 3.83247
3883 3.83172
3884 3.83593
3885 3.83612
3886 3.83687
3887 3.84392
3888 3.84347
3889 3.83857
3890 3.83995
3891 3.83995
3892 3.83995
3893 3.83995
3894 3.82172
3895 3.81965
3896 3.82141
3897 3.82141
3898 3.82141
3899 3.82292
3900 3.83141
3901 3.83021
3902 3.82481
3903 3.83329
3904 3.82286
3905 3.79947
3906 3.81104
3907 3.81154
3908 3.79312
3909 3.80595
3910 3.78112
3911 3.73416
3912 3.74271
3913 3.70625
3914 3.63974
3915 3.63867
3916 3.58511
3917 3.58738
3918 3.57845
3919 3.58449
3920 3.57235
3921 3.57851
3922 3.59322
3923 3.58857
3924 3.5941
3925 3.59253
3926 3.58197
3927 3.57895
3928 3.58493
3929 3.58555
3930 3.58769
3931 3.60492
3932 3.64716
3933 3.64326
3934 3.69525
3935 3.80915
3936 3.79124
3937 3.79777
3938 3.81877
3939 3.81751
3940 3.8216
3941 3.81946
3942 3.82292
3943 3.82336
3944 3.84995
3945 3.85133
3946 3.85171
3947 3.85058
3948 3.83775
3949 3.84718
3950 3.84945
3951 3.84712
3952 3.84706
3953 3.84712
3954 3.83656
3955 3.8502
3956 3.85045
3957 3.83926
3958 3.83876
3959 3.82581
3960 3.83141
3961 3.82273
3962 3.8182
3963 3.78344
3964 3.85309
3965 3.82216
3966 3.85504
3967 3.85504
3968 3.85504
3969 3.88182
3970 3.86648
3971 3.88088
3972 3.88069
3973 3.88113
3974 3.88125
3975 3.88125
3976 3.88566
3977 3.87025
3978 3.84687
3979 3.88471
3980 3.88477
3981 3.881
3982 3.88283
3983 3.88503
3984 3.88157
3985 3.88339
3986 3.8822
3987 3.8805
3988 3.87975
3989 3.87685
3990 3.87616
3991 3.87604
3992 3.8744
3993 3.87503
3994 3.8756
3995 3.87145
3996 3.85171
3997 3.85272
3998 3.85127
3999 3.82216
4000 3.73711
4001 3.72486
4002 3.71197
4003 3.76936
4004 3.77848
4005 3.79721
4006 3.83845
4007 3.87095
4008 3.86774
4009 3.86906
4010 3.87101
4011 3.87491
4012 3.87051
4013 3.88056
4014 3.88063
4015 3.87497
4016 3.87509
4017 3.87843
4018 3.87836
4019 3.89081
4020 3.88742
4021 3.89024
4022 3.89226
4023 3.89182
4024 3.892
4025 3.89163
4026 3.89207
4027 3.89219
4028 3.89119
4029 3.89075
4030 3.88855
4031 3.88641
4032 3.88729
4033 3.88578
4034 3.88572
4035 3.88792
4036 3.88779
4037 3.88666
4038 3.88936
4039 3.86611
4040 3.87289
4041 3.80318
4042 3.76326
4043 3.6977
4044 3.62491
4045 3.58034
4046 3.58744
4047 3.59467
4048 3.66878
4049 3.68915
4050 3.6415
4051 3.69047
4052 3.65772
4053 3.65043
4054 3.64791
4055 3.66501
4056 3.6459
4057 3.65231
4058 3.65665
4059 3.68902
4060 3.73454
4061 3.85052
4062 3.7341
4063 3.85498
4064 3.84731
4065 3.84366
4066 3.84718
4067 3.84599
4068 3.84819
4069 3.86969
4070 3.87239
4071 3.87428
4072 3.87195
4073 3.87264
4074 3.87346
4075 3.87384
4076 3.87352
4077 3.87541
4078 3.87547
4079 3.87541
4080 3.87333
4081 3.87453
4082 3.87491
4083 3.87491
4084 3.87497
4085 3.87497
4086 3.87503
4087 3.87503
4088 3.8744
4089 3.8668
4090 3.86567
4091 3.86491
4092 3.86717
4093 3.86164
4094 3.83738
4095 3.837
4096 3.8353
4097 3.83398
4098 3.83342
4099 3.81443
4100 3.8067
4101 3.80211
4102 3.79231
4103 3.76754
4104 3.76389
4105 3.78897
4106 3.79287
4107 3.79507
4108 3.81173
4109 3.81085
4110 3.80412
4111 3.80978
4112 3.81663
4113 3.815
4114 3.81355
4115 3.81085
4116 3.75679
4117 3.75849
4118 3.70876
4119 3.79834
4120 3.79796
4121 3.79583
4122 3.79438
4123 3.79608
4124 3.79507
4125 3.79476
4126 3.79136
4127 3.8006
4128 3.80067
4129 3.80041
4130 3.80268
4131 3.80425
4132 3.80079
4133 3.80148
4134 3.79834
4135 3.79765
4136 3.79759
4137 3.79853
4138 3.79891
4139 3.79784
4140 3.79941
4141 3.79847
4142 3.7984
4143 3.79752
4144 3.78791
4145 3.79055
4146 3.78765
4147 3.78791
4148 3.78652
4149 3.78313
4150 3.77697
4151 3.77225
4152 3.75842
4153 3.7478
4154 3.74246
4155 3.73699
4156 3.72523
4157 3.66903
4158 3.71209
4159 3.71165
4160 3.7021
4161 3.69399
4162 3.67771
4163 3.67073
4164 3.66495
4165 3.65627
4166 3.65766
4167 3.68884
4168 3.67205
4169 3.66621
4170 3.65898
4171 3.64992
4172 3.62817
4173 3.62975
4174 3.61416
4175 3.6036
4176 3.58907
4177 3.58373
4178 3.51836
4179 3.4724
4180 3.49491
4181 3.53395
4182 3.51188
4183 3.53709
4184 3.52816
4185 3.52584
4186 3.56098
4187 3.55324
4188 3.54966
4189 3.57587
4190 3.5799
4191 3.57437
4192 3.58329
4193 3.57751
4194 3.53231
4195 3.57455
4196 3.57688
4197 3.61472
4198 3.61717
4199 3.60523
4200 3.59907
4201 3.57675
4202 3.55859
4203 3.5308
4204 3.60353
4205 3.597
4206 3.5958
4207 3.5484
4208 3.53495
4209 3.53156
4210 3.5276
4211 3.52841
4212 3.52395
4213 3.52602
4214 3.51691
4215 3.53721
4216 3.51748
4217 3.52081
4218 3.75195
4219 3.77602
4220 3.78577
4221 3.68946
4222 3.66658
4223 3.69292
4224 3.75842
4225 3.75792
4226 3.76603
4227 3.78759
4228 3.60825
4229 3.62516
4230 3.64703
4231 3.65231
4232 3.65583
4233 3.67614
4234 3.69757
4235 3.71555
4236 3.77426
4237 3.79193
4238 3.82644
4239 3.84744
4240 3.85001
4241 3.85818
4242 3.85774
4243 3.84159
4244 3.69273
4245 3.68236
4246 3.61334
4247 3.59442
4248 3.37195
4249 3.36868
4250 3.34693
4251 3.32462
4252 3.35316
4253 3.33505
4254 3.34907
4255 3.34341
4256 3.35184
4257 3.35416
4258 3.39112
4259 3.42211
4260 3.43362
4261 3.46341
4262 3.49013
4263 3.51094
4264 3.45292
4265 3.45543
4266 3.49076
4267 3.50742
4268 3.51942
4269 3.59197
4270 3.63905
4271 3.67369
4272 3.74422
4273 3.78275
4274 3.73994
4275 3.77219
4276 3.78753
4277 3.80186
4278 3.83882
4279 3.83291
4280 3.83354
4281 3.80463
4282 3.8167
4283 3.81123
4284 3.81343
4285 3.80802
4286 3.79576
4287 3.79438
4288 3.81393
4289 3.84612
4290 3.85831
4291 3.79073
4292 3.75503
4293 3.69575
4294 3.72165
4295 3.64408
4296 3.58147
4297 3.55098
4298 3.52263
4299 3.50396
4300 3.4697
4301 3.45631
4302 3.44324
4303 3.38691
4304 3.37258
4305 3.38119
4306 3.36642
4307 3.37327
4308 3.38402
4309 3.37025
4310 3.30777
4311 3.29891
4312 3.23278
4313 3.21675
4314 3.17419
4315 3.18381
4316 3.23045
4317 3.38371
4318 3.06871
4319 2.99862
4320 2.94104
4321 2.93016
4322 2.92903
4323 2.81217
4324 2.91671
4325 2.87541
4326 2.91646
4327 2.88301
4328 2.87113
4329 2.8832
4330 2.90106
4331 2.95323
4332 2.95323
4333 3.00226
4334 3.02804
4335 3.07745
4336 3.04859
4337 3.05456
4338 3.04055
4339 3.04664
4340 3.05689
4341 3.07323
4342 3.08958
4343 3.12051
4344 3.15741
4345 3.22328
4346 3.26352
4347 3.25629
4348 3.30425
4349 3.33247
4350 3.37308
4351 3.41709
4352 3.41231
4353 3.46838
4354 3.46888
4355 3.47812
4356 3.48762
4357 3.42438
4358 3.39967
4359 3.36164
4360 3.35988
4361 3.37981
4362 3.3524
4363 3.40275
4364 3.37786
4365 3.36416
4366 3.25685
4367 3.3123
4368 3.28853
4369 3.30274
4370 3.29796
4371 3.38905
4372 3.3734
4373 3.34643
4374 3.31575
4375 3.22127
4376 3.24723
4377 3.26402
4378 3.28212
4379 3.22178
4380 3.21668
4381 3.22511
4382 3.20631
4383 3.18538
4384 3.20436
4385 3.20373
4386 3.27552
4387 3.3766
4388 3.40835
4389 3.44544
4390 3.4812
4391 3.53558
4392 3.57921
4393 3.62553
4394 3.49767
4395 3.5413
4396 3.57763
4397 3.59454
4398 3.56525
4399 3.54174
4400 3.60347
4401 3.57179
4402 3.61334
4403 3.61202
4404 3.60448
4405 3.60888
4406 3.59039
4407 3.59285
4408 3.63572
4409 3.64376
4410 3.6911
4411 3.66344
4412 3.63289
4413 3.60548
4414 3.54337
4415 3.53709
4416 3.52665
4417 3.521
4418 3.53256
4419 3.52948
4420 3.56098
4421 3.56808
4422 3.55268
4423 3.55161
4424 3.56978
4425 3.54985
4426 3.48636
4427 3.47416
4428 3.42941
4429 3.5154
4430 3.31814
4431 3.52804
4432 3.52068
4433 3.62189
4434 3.22674
4435 3.20568
4436 3.19242
4437 2.99862
4438 2.96084
4439 2.90476
4440 3.03351
4441 2.85322
4442 2.81443
4443 2.81129
4444 2.7715
4445 2.82323
4446 2.83027
4447 2.9235
4448 2.9724
4449 3.03646
4450 3.09618
4451 3.11032
4452 3.14125
4453 3.1862
4454 3.20065
4455 3.19179
4456 3.26044
4457 3.1965
4458 3.21775
4459 3.14571
4460 3.15803
4461 3.14596
4462 3.12076
4463 3.11523
4464 3.15979
4465 3.14043
4466 3.15263
4467 3.12346
4468 3.13918
4469 3.14559
4470 3.10404
4471 3.02188
4472 3.03916
4473 3.01427
4474 2.97442
4475 2.93638
4476 2.77716
4477 2.7307
4478 2.63421
4479 2.59561
4480 2.57782
4481 2.52967
4482 2.47077
4483 2.42997
4484 2.4311
4485 2.43871
4486 2.43984
4487 2.4274
4488 2.42123
4489 2.39791
4490 2.45411
4491 2.38345
4492 2.33442
4493 2.24786
4494 2.17752
4495 2.17978
4496 2.18884
4497 2.15043
4498 2.03168
4499 2.0364
4500 1.96216
4501 1.9284
4502 1.86648
4503 2.02024
4504 1.94707
4505 1.97272
4506 2.21499
4507 2.11026
4508 2.12321
4509 2.27081
4510 2.36246
4511 2.39452
4512 2.58549
4513 2.56349
4514 2.61604
4515 2.74711
4516 2.88314
4517 2.99214
4518 3.02659
4519 3.11975
4520 3.15558
4521 3.19745
4522 3.2522
4523 3.26031
4524 3.37736
4525 3.40049
4526 3.32983
4527 3.34241
4528 3.46216
4529 3.49246
4530 3.58172
4531 3.74736
4532 3.76785
4533 3.84662
4534 3.8673
4535 3.90646
4536 3.79809
4537 3.82179
4538 3.82223
4539 3.8238
4540 3.85077
4541 3.85944
4542 3.89496
4543 3.88063
4544 3.85749
4545 3.79985
4546 3.83392
4547 3.83417
4548 3.78847
4549 3.76308
4550 3.75321
4551 3.72385
4552 3.71096
4553 3.69512
4554 3.61013
4555 3.60366
4556 3.56839
4557 3.35045
4558 3.2429
4559 3.20449
4560 3.12007
4561 3.05595
4562 3.11617
4563 3.03357
4564 2.83675
4565 2.84725
4566 2.7918
4567 2.6464
4568 2.62541
4569 2.76282
4570 2.68777
4571 2.76182
4572 2.88786
4573 3.00346
4574 3.17777
4575 3.25861
4576 3.27521
4577 3.28219
4578 3.2412
4579 3.27213
4580 3.26961
4581 3.3006
4582 3.27885
4583 3.27879
4584 3.21398
4585 3.21015
4586 3.08254
4587 3.09121
4588 3.01628
4589 3.00339
4590 3.00063
4591 3.02873
4592 3.03042
4593 3.02087
4594 2.99969
4595 2.95072
4596 2.87233
4597 2.80444
4598 2.78501
4599 2.75641
4600 2.84593
4601 2.75138
4602 2.84385
4603 2.86233
4604 2.86497
4605 2.86761
4606 2.86026
4607 2.86925
4608 2.7776
4609 2.90187
4610 2.9069
4611 3.03998
4612 3.08876
4613 3.11271
4614 3.14741
4615 3.15445
4616 3.10743
4617 3.10668
4618 3.06123
4619 3.00836
4620 2.87843
4621 2.78753
4622 2.75383
4623 2.48347
4624 2.43104
4625 2.38044
4626 2.29677
4627 2.18374
4628 2.14226
4629 2.02225
4630 1.90753
4631 1.84599
4632 1.81846
4633 1.73894
4634 1.76553
4635 1.77514
4636 1.80959
4637 1.80997
4638 1.91363
4639 1.98083
4640 2.05155
4641 2.10894
4642 2.16363
4643 2.19223
4644 2.14332
4645 2.24114
4646 2.21926
4647 2.2214
4648 2.31324
4649 2.271
4650 2.33995
4651 2.32154
4652 2.34888
4653 2.50163
4654 2.56462
4655 2.55482
4656 2.70065
4657 2.5919
4658 2.58053
4659 2.57116
4660 2.63226
4661 2.64496
4662 2.66124
4663 2.64119
4664 2.6503
4665 2.78131
4666 2.81028
4667 2.87698
4668 2.90671
4669 3.08379
4670 3.09297
4671 2.98573
4672 2.95543
4673 2.9653
4674 2.92941
4675 2.72775
4676 2.69336
4677 2.53036
4678 2.32499
4679 2.20524
4680 2.03671
4681 1.96763
4682 1.95348
4683 1.87478
4684 1.68255
4685 1.60674
4686 1.51264
4687 1.42746
4688 1.36516
4689 1.29023
4690 1.26289
4691 1.23315
4692 1.23183
4693 1.24849
4694 1.20474
4695 1.23001
4696 1.2769
4697 1.29815
4698 1.39691
4699 1.42193
4700 1.43701
4701 1.45109
4702 1.47756
4703 1.48617
4704 1.58769
4705 1.597
4706 1.53916
4707 1.54306
4708 1.62849
4709 1.57782
4710 1.50654
4711 1.46543
4712 1.42174
4713 1.39835
4714 1.49868
4715 1.40156
4716 1.50874
4717 1.54847
4718 1.39087
4719 1.57311
4720 1.52414
4721 1.52024
4722 1.5528
4723 1.62585
4724 1.68532
4725 1.76113
4726 1.91369
4727 1.90954
4728 2.21536
4729 2.24805
4730 2.29344
4731 2.36076
4732 2.57015
4733 2.61579
4734 2.55764
4735 2.51961
4736 2.50302
4737 2.48824
4738 2.53432
4739 2.5628
4740 2.62252
4741 2.64314
4742 2.64018
4743 2.67167
4744 2.7246
4745 2.7412
4746 2.75578
4747 2.59002
4748 2.60316
4749 2.62377
4750 2.67369
4751 2.69104
4752 2.76069
4753 2.8057
4754 2.8343
4755 2.88691
4756 2.8866
4757 2.7737
4758 2.84033
4759 2.84335
4760 2.87025
4761 2.82487
4762 2.8182
4763 2.80368
4764 2.7627
4765 2.68456
4766 2.68016
4767 2.59737
4768 2.57864
4769 2.3546
4770 2.49635
4771 2.40106
4772 2.38993
4773 2.38383
4774 2.35825
4775 2.34303
4776 2.23353
4777 2.12849
4778 2.09228
4779 2.01326
4780 1.89213
4781 1.84014
4782 1.73284
4783 1.65219
4784 1.59674
4785 1.47781
4786 1.33989
4787 1.26817
4788 1.11868
4789 0.990445
4790 0.922932
4791 0.791929
4792 0.670166
4793 0.587315
4794 0.443488
4795 0.352967
4796 0.310473
4797 0.233027
4798 0.166269
4799 0.135781
4800 0.0800226
4801 0.0292934
4802 0.00150867
4803 0
4804 0
4805 0
4806 0
4807 0
4808 0
4809 0
4810 0
4811 0
4812 0
4813 0
4814 0
4815 0
4816 0
4817 0
4818 0
4819 0
4820 0
4821 0
4822 0
4823 0
4824 0
4825 0
4826 0
4827 0
4828 0
4829 0
4830 0
4831 0
4832 0
4833 0
4834 0
4835 0
4836 0
4837 0
4838 0
4839 0.00427458
4840 0.00458889
4841 0.00339452
4842 0.00484033
4843 0.00270304
4844 0.00213729
4845 0
4846 0
4847 0
4848 0
4849 0
4850 0
4851 0
4852 0.000942922
4853 0.00389741
4854 0.00936636
4855 0.0110008
4856 0.0140181
4857 0.0181041
4858 0.0173498
4859 0.0096178
4860 0.00773196
4861 0.00660045
4862 0.00886346
4863 0.00729193
4864 0.0084863
4865 0.00716621
4866 0.00817199
4867 0.00842343
4868 0.00817199
4869 0.0127609
4870 0.0132638
4871 0.0145839
4872 0.011818
4873 0.00949208
4874 0.00678904
4875 0.00867488
4876 0.00905205
4877 0.00949208
4878 0.00955494
4879 0.00942922
4880 0.00810913
4881 0.0079834
4882 0.0101836
4883 0.00842343
4884 0.00779482
4885 0.0060347
4886 0.00741765
4887 0.0093035
4888 0.00590898
4889 0.00660045
4890 0.00804627
4891 0.00779482
4892 0.0079834
4893 0.0104979
4894 0.00980639
4895 0.00754337
4896 0.00333166
4897 0
4898 0
4899 0
4900 0
4901 0
4902 0
4903 0
4904 0
4905 0
4906 0
4907 0
4908 0
4909 0
4910 0
4911 0
4912 0
4913 0
4914 0
4915 0
4916 0
4917 0
4918 0
4919 0
4920 0
4921 0
4922 0
4923 0
4924 0
4925 0
4926 0
4927 0
4928 0
4929 0
4930 0
4931 0
4932 0
4933 0
4934 0
4935 0
4936 0
4937 0
4938 0
4939 0.039477
4940 0.133015
4941 0.229947
4942 0.276653
4943 0.364534
4944 0.428275
4945 0.449271
4946 0.514961
4947 0.599195
4948 0.64521
4949 0.684938
4950 0.715803
4951 0.714798
4952 0.744154
4953 0.831028
4954 0.879935
4955 0.983405
4956 1.00459
4957 1.05538
4958 1.06135
4959 1.13742
4960 1.15401
4961 1.21574
4962 1.25434
4963 1.29306
4964 1.29878
4965 1.2346
4966 1.20971
4967 1.1376
4968 1.06261
4969 1.00836
4970 0.891375
4971 0.805632
4972 0.768984
4973 0.675195
4974 0.594292
4975 0.564307
4976 0.48353
4977 0.406714
4978 0.370757
4979 0.28558
4980 0.215803
4981 0.179909
4982 0.115917
4983 0.0548152
4984 0.0292306
4985 0
4986 0
4987 0
4988 0
4989 0
4990 0
4991 0.0885718
4992 0.184121
4993 0.236925
4994 0.344858
4995 0.400742
4996 0.425006
4997 0.504275
4998 0.586057
4999 0.625849
5000 0.726616
5001 0.821411
5002 0.905645
5003 1.00962
5004 1.05331
5005 1.07826
5006 1.23604
5007 1.29564
5008 1.23435
5009 1.29363
5010 1.35781
5011 1.38477
5012 1.34951
5013 1.34014
5014 1.31927
5015 1.24422
5016 1.15351
5017 1.108
5018 0.965741
5019 0.863654
5020 0.794946
5021 0.677144
5022 0.548278
5023 0.51999
5024 0.44003
5025 0.363151
5026 0.320279
5027 0.25396
5028 0.188899
5029 0.153759
5030 0.0991325
5031 0.0465803
5032 0.0242017
5033 0
5034 0
5035 0
5036 0
5037 0
5038 0
5039 0
5040 0
5041 0
5042 0
5043 0.00955494
5044 0.0211214
5045 0.0526779
5046 0.10347
5047 0.123774
5048 0.160988
5049 0.200654
5050 0.218444
5051 0.260938
5052 0.289666
5053 0.303244
5054 0.323988
5055 0.322354
5056 0.312107
5057 0.276716
5058 0.251949
5059 0.231393
5060 0.20298
5061 0.174001
5062 0.157782
5063 0.129432
5064 0.104727
5065 0.0865602
5066 0.0678275
5067 0.0407971
5068 0.0305507
5069 0.0375911
5070 0.0907091
5071 0.116105
5072 0.209266
5073 0.311667
5074 0.382826
5075 0.525019
5076 0.707003
5077 0.794254
5078 0.900427
5079 0.964672
5080 0.981582
5081 1.04696
5082 1.12201
5083 1.13025
5084 1.20248
5085 1.21662
5086 1.20933
5087 1.23479
5088 1.25911
5089 1.25314
5090 1.33178
5091 1.22919
5092 1.2334
5093 1.30456
5094 1.35837
5095 1.39112
5096 1.50465
5097 1.71536
5098 1.73642
5099 1.65684
5100 1.66067
5101 1.6476
5102 1.55827
5103 1.46241
5104 1.46788
5105 1.47398
5106 1.45625
5107 1.38654
5108 1.35309
5109 1.38792
5110 1.4274
5111 1.47247
5112 1.49497
5113 1.5479
5114 1.5325
5115 1.51201
5116 1.46109
5117 1.31538
5118 1.16099
5119 1.1002
5120 0.965363
5121 0.851836
5122 0.789666
5123 0.683304
5124 0.510184
5125 0.455557
5126 0.331846
5127 0.227936
5128 0.183053
5129 0.0884461
5130 0.00484033
5131 0.00157154
5132 0
5133 0
5134 0
5135 0
5136 0
5137 0
5138 0
5139 0
5140 0
5141 0
5142 0
5143 0
5144 0
5145 0
5146 0
5147 0
5148 0
5149 0
5150 0
5151 0
5152 0
5153 0
5154 0
5155 0
5156 0
5157 0
5158 0
5159 0
5160 0
5161 0
5162 0
5163 0
5164 0
5165 0
5166 0
5167 0
5168 0
5169 0
5170 0
5171 0
5172 0
5173 0
5174 0
5175 0
5176 0
5177 0
5178 0
5179 0
5180 0
5181 0
5182 0
5183 0
5184 0
5185 0
5186 0
5187 0
5188 0
5189 0
5190 0
5191 0
5192 0
5193 0
5194 0
5195 0
5196 0
5197 0
5198 0
5199 0
5200 0
5201 0
5202 0
5203 0
5204 0
5205 0
5206 0
5207 0
5208 0
5209 0
5210 0
5211 0
5212 0
5213 0
5214 0
5215 0
5216 0
5217 0
5218 0
5219 0
5220 0
5221 0
5222 0
5223 0
5224 0
5225 0
5226 0
5227 0
5228 0
5229 0
5230 0
5231 0
5232 0
5233 0
5234 0
5235 0
5236 0
5237 0
5238 0
5239 0
5240 0
5241 0
5242 0
5243 0
5244 0
5245 0
5246 0
5247 0
5248 0
5249 0
5250 0
5251 0
5252 0
5253 0
5254 0
5255 0
5256 0
5257 0
5258 0
5259 0
5260 0
5261 0
5262 0
5263 0
5264 0
5265 0
5266 0
5267 0
5268 0
5269 0
5270 0
5271 0
5272 0
5273 0
5274 0
5275 0
5276 0
5277 0
5278 0
5279 0
5280 0
5281 0
5282 0
5283 0
5284 0
5285 0
5286 0
5287 0
5288 0
5289 0
5290 0
5291 0
5292 0
5293 0
5294 0.00892633
5295 0.00188584
5296 0
5297 0
5298 0
5299 0.0216872
5300 0.0339452
5301 0.0627986
5302 0.091212
5303 0.104287
5304 0.133392
5305 0.154576
5306 0.167463
5307 0.192733
5308 0.215426
5309 0.225861
5310 0.245788
5311 0.264081
5312 0.273007
5313 0.289288
5314 0.306701
5315 0.312547
5316 0.323171
5317 0.333166
5318 0.334297
5319 0.351898
5320 0.348504
5321 0.348881
5322 0.353156
5323 0.360573
5324 0.361328
5325 0.367425
5326 0.366859
5327 0.368682
5328 0.369185
5329 0.370003
5330 0.372706
5331 0.371323
5332 0.374026
5333 0.372957
5334 0.373271
5335 0.374277
5336 0.377169
5337 0.377169
5338 0.374466
5339 0.383392
5340 0.398604
5341 0.412811
5342 0.420606
5343 0.43519
5344 0.467501
5345 0.476741
5346 0.487176
5347 0.504463
5348 0.512761
5349 0.531934
5350 0.552866
5351 0.564559
5352 0.584737
5353 0.593601
5354 0.597247
5355 0.617237
5356 0.631255
5357 0.635152
5358 0.651119
5359 0.663628
5360 0.67092
5361 0.686196
5362 0.694933
5363 0.695059
5364 0.701282
5365 0.708951
5366 0.712723
5367 0.723535
5368 0.727181
5369 0.722027
5370 0.729444
5371 0.733656
5372 0.734976
5373 0.738056
5374 0.743022
5375 0.744845
5376 0.747171
5377 0.747863
5378 0.749874
5379 0.748806
5380 0.753395
5381 0.758926
5382 0.761692
5383 0.785391
5384 0.794317
5385 0.812924
5386 0.82776
5387 0.840143
5388 0.846869
5389 0.854979
5390 0.861076
5391 0.862522
5392 0.875974
5393 0.886409
5394 0.89741
5395 0.907531
5396 0.920166
5397 0.933241
5398 0.946631
5399 0.949899
5400 0.962849
5401 0.966181
5402 0.972152
5403 0.977181
5404 0.985982
5405 0.982147
5406 0.992079
5407 0.991954
5408 0.991451
5409 0.999749
5410 0.994657
5411 0.9934
5412 1.00013
5413 1.00302
5414 1.00214
5415 1.00302
5416 1.0049
5417 0.998114
5418 0.997297
5419 1.01163
5420 1.01176
5421 1.02621
5422 1.03967
5423 1.05318
5424 1.07059
5425 1.08731
5426 1.0909
5427 1.10686
5428 1.11881
5429 1.12025
5430 1.13471
5431 1.14823
5432 1.13786
5433 1.13339
5434 1.14144
5435 1.14301
5436 1.15439
5437 1.15973
5438 1.16533
5439 1.1669
5440 1.16841
5441 1.17274
5442 1.18249
5443 1.18726
5444 1.19078
5445 1.19782
5446 1.20612
5447 1.19877
5448 1.20204
5449 1.21323
5450 1.2209
5451 1.23246
5452 1.22655
5453 1.23912
5454 1.24221
5455 1.25207
5456 1.2566
5457 1.25987
5458 1.26414
5459 1.26722
5460 1.27301
5461 1.29413
5462 1.3101
5463 1.30419
5464 1.30331
5465 1.30129
5466 1.3035
5467 1.30639
5468 1.30507
5469 1.31154
5470 1.31582
5471 1.30607
5472 1.30771
5473 1.31475
5474 1.30984
5475 1.3062
5476 1.31091
5477 1.31167
5478 1.30626
5479 1.30576
5480 1.30702
5481 1.30626
5482 1.32657
5483 1.3189
5484 1.32399
5485 1.31745
5486 1.3172
5487 1.31965
5488 1.32097
5489 1.32958
5490 1.3304
5491 1.33857
5492 1.33914
5493 1.33285
5494 1.38213
5495 1.37591
5496 1.38874
5497 1.40344
5498 1.41118
5499 1.4125
5500 1.41482
5501 1.41451
5502 1.41369
5503 1.41721
5504 1.41859
5505 1.42733
5506 1.42494
5507 1.42859
5508 1.47486
5509 1.48315
5510 1.48529
5511 1.48491
5512 1.43928
5513 1.44525
5514 1.44569
5515 1.44355
5516 1.44154
5517 1.4384
5518 1.43726
5519 1.55098
5520 1.52697
5521 1.51301
5522 1.51729
5523 1.50918
5524 1.49881
5525 1.49642
5526 1.489
5527 1.51044
5528 1.51264
5529 1.51018
5530 1.51251
5531 1.51251
5532 1.51383
5533 1.51333
5534 1.521
5535 1.5176
5536 1.52263
5537 1.51766
5538 1.51741
5539 1.52829
5540 1.53055
5541 1.52351
5542 1.52338
5543 1.52213
5544 1.5958
5545 1.58958
5546 1.5677
5547 1.55639
5548 1.55796
5549 1.55394
5550 1.53589
5551 1.53564
5552 1.53432
5553 1.53105
5554 1.52816
5555 1.52338
5556 1.52395
5557 1.5149
5558 1.50685
5559 1.4983
5560 1.49717
5561 1.50409
5562 1.50987
5563 1.51188
5564 1.50591
5565 1.49931
5566 1.50063
5567 1.50258
5568 1.50107
5569 1.54463
5570 1.54325
5571 1.54469
5572 1.5418
5573 1.54017
5574 1.53954
5575 1.53904
5576 1.53677
5577 1.533
5578 1.53633
5579 1.53055
5580 1.52892
5581 1.52037
5582 1.51201
5583 1.52313
5584 1.52269
5585 1.52376
5586 1.5215
5587 1.52169
5588 1.52282
5589 1.52822
5590 1.54281
5591 1.5518
5592 1.54872
5593 1.54337
5594 1.62384
5595 1.62924
5596 1.62377
5597 1.62987
5598 1.63037
5599 1.62509
5600 1.63081
5601 1.63188
5602 1.62975
5603 1.63006
5604 1.62239
5605 1.63452
5606 1.63559
5607 1.64634
5608 1.64213
5609 1.65351
5610 1.64301
5611 1.64546
5612 1.6383
5613 1.63698
5614 1.63905
5615 1.63949
5616 1.6427
5617 1.65143
5618 1.65168
5619 1.71002
5620 1.70637
5621 1.70292
5622 1.70983
5623 1.71216
5624 1.71989
5625 1.71662
5626 1.71392
5627 1.71235
5628 1.71059
5629 1.70883
5630 1.70593
5631 1.696
5632 1.69223
5633 1.69594
5634 1.68865
5635 1.70964
5636 1.72379
5637 1.73102
5638 1.75101
5639 1.76484
5640 1.76226
5641 1.78407
5642 1.85504
5643 1.89188
5644 2.60033
5645 2.59964
5646 2.61189
5647 2.6569
5648 2.64238
5649 2.73359
5650 2.73045
5651 2.73303
5652 2.94789
5653 2.99057
5654 3.0826
5655 3.44594
5656 3.39873
5657 3.48089
5658 3.3998
5659 3.3959
5660 3.53828
5661 3.68777
5662 3.61969
5663 3.65458
5664 3.61183
5665 3.59844
5666 3.70436
5667 3.5611
5668 3.66577
5669 3.63842
5670 3.57449
5671 3.58769
5672 3.56688
5673 3.58801
5674 3.56072
5675 3.55834
5676 3.59788
5677 3.64307
5678 3.55368
5679 3.63371
5680 3.65967
5681 3.73762
5682 3.67784
5683 3.65942
5684 3.63257
5685 3.59737
5686 3.61523
5687 3.62987
5688 3.74063
5689 3.64835
5690 3.71241
5691 3.66841
5692 3.6977
5693 3.65816
5694 3.90407
5695 3.92111
5696 3.91231
5697 3.86585
5698 3.92086
5699 3.92123
5700 3.98862
5701 3.99013
5702 3.99145
5703 3.99887
5704 3.99742
5705 3.99887
5706 3.99774
5707 3.99755
5708 4
5709 4
5710 4
5711 4
5712 4
5713 4
5714 4
5715 4
5716 4
5717 4
5718 4
5719 4
5720 4
5721 4
5722 4
5723 4
5724 4
5725 4
5726 4
5727 4
5728 4
5729 4
5730 4
5731 4
5732 4
5733 4
5734 4
5735 4
5736 4
