0 0.131 0.131
1 0.127771 0.134777
2 0.128543 0.122508
3 0.128817 0.171425
4 0.13437 0.137062
5 0.13765 0.116532
6 0.144347 0.1379
7 0.150444 0.134389
8 0.151644 0.12219
9 0.153673 0.132254
10 0.159939 0.158082
11 0.160986 0.115756
12 0.164254 0.13707
13 0.165426 0.12049
14 0.165978 0.12607
15 0.16813 0.153266
16 0.168937 0.124698
17 0.169948 0.111774
18 0.16967 0.106127
19 0.166613 0.405954
20 0.164376 0.0766506
21 0.165038 0.11034
22 0.166315 0.105136
23 0.165892 0.0794329
24 0.165833 0.097753
25 0.163921 0.0989717
26 0.163192 0.0831518
27 0.163337 0.0933327
28 0.163995 0.101252
29 0.163917 0.0845586
30 0.164027 0.113589
31 0.164665 0.0954644
32 0.164705 0.0825013
33 0.165022 0.11815
34 0.165085 0.112558
35 0.165124 0.0991598
36 0.165089 0.111943
37 0.165943 0.113636
38 0.166484 0.0847663
39 0.166413 0.126575
40 0.166727 0.106472
41 0.166946 0.0926038
42 0.167373 0.114666
43 0.167503 0.0987092
44 0.170403 0.408415
45 0.168079 0.0921453
46 0.167969 0.109791
47 0.167808 0.0910128
48 0.168157 0.113295
49 0.16804 0.0956251
50 0.16791 0.0881678
51 0.16811 0.104227
52 0.167777 0.0911303
53 0.167981 0.0872547
54 0.168173 0.0974552
55 0.168286 0.103674
56 0.168443 0.0870039
57 0.168427 0.0958054
58 0.169176 0.0992029
59 0.169756 0.0814745
60 0.168185 0.100527
61 0.169199 0.102875
62 0.168267 0.0881403
63 0.167181 0.105622
64 0.167479 0.102009
65 0.167221 0.109787
66 0.167377 0.103729
67 0.167542 0.100108
68 0.167526 0.0599567
69 0.167064 0.371003
70 0.166546 0.11342
71 0.165383 0.066407
72 0.1655 0.110262
73 0.165234 0.0830851
74 0.165935 0.0926861
75 0.166578 0.0753143
76 0.166304 0.0714739
77 0.166139 0.0671084
78 0.16887 0.125161
79 0.16878 0.10735
80 0.168878 0.0897039
81 0.168776 0.0670457
82 0.170069 0.0798483
83 0.170759 0.0903152
84 0.171492 0.10291
85 0.17302 0.0970045
86 0.174784 0.0886027
87 0.176351 0.0778811
88 0.178322 0.0756004
89 0.179114 0.0825914
90 0.182457 0.089171
91 0.185102 0.0933131
92 0.185317 0.0763449
93 0.187363 0.0902995
94 0.188488 0.37433
95 0.189369 0.122241
96 0.187665 0.175775
97 0.187159 0.136423
98 0.186458 0.104728
99 0.184682 0.133547
100 0.184408 0.135698
101 0.18424 0.113103
102 0.18453 0.150487
103 0.185086 0.157353
104 0.184996 0.11737
105 0.184679 0.154054
106 0.184628 0.142615
107 0.183585 0.131403
108 0.183922 0.16001
109 0.18538 0.16398
110 0.185788 0.117284
111 0.189197 0.168549
112 0.192265 0.156632
113 0.194899 0.143022
114 0.197324 0.15896
115 0.200197 0.154061
116 0.202031 0.143058
117 0.201533 0.150064
118 0.201929 0.156707
119 0.214155 0.457564
120 0.216209 0.164995
121 0.217251 0.163529
122 0.218243 0.151616
123 0.220143 0.176751
124 0.221264 0.158889
125 0.220801 0.142552
126 0.223188 0.161064
127 0.22405 0.158932
128 0.223897 0.135455
129 0.226503 0.176469
130 0.22568 0.203006
131 0.227209 0.136709
132 0.227777 0.1441
133 0.230481 0.166613
134 0.231237 0.119859
135 0.233541 0.154786
136 0.233929 0.135099
137 0.235904 0.133919
138 0.237186 0.127014
139 0.238914 0.172201
140 0.238871 0.110105
141 0.238918 0.139425
142 0.239647 0.129761
143 0.238397 0.126042
144 0.233193 0.44096
145 0.234153 0.153317
146 0.234987 0.130902
147 0.234188 0.154489
148 0.232087 0.132571
149 0.233647 0.121853
150 0.233357 0.150284
151 0.233161 0.133214
152 0.234815 0.120693
153 0.233624 0.114235
154 0.234137 0.134656
155 0.235963 0.123452
156 0.235673 0.154269
157 0.237315 0.141208
158 0.237887 0.100864
159 0.236857 0.107421
160 0.237754 0.118221
161 0.237566 0.0838297
162 0.237029 0.104658
163 0.23657 0.0932739
164 0.236527 0.114427
165 0.237981 0.0975688
166 0.237084 0.0925842
167 0.236053 0.115054
168 0.235646 0.105238
169 0.23648 0.427742
170 0.236476 0.0884538
171 0.235775 0.116402
172 0.236833 0.113071
173 0.237754 0.0899743
174 0.237135 0.120682
175 0.237013 0.110097
176 0.238306 0.0981174
177 0.238099 0.0892219
178 0.23802 0.111351
179 0.238542 0.0927331
180 0.23784 0.0937441
181 0.237887 0.102706
182 0.237299 0.0808711
183 0.236853 0.08729
184 0.236296 0.08343
185 0.235485 0.0734372
186 0.235849 0.106053
187 0.235544 0.0791194
188 0.236006 0.0727671
189 0.2359 0.0719246
190 0.234533 0.0689424
191 0.232283 0.0569236
192 0.233177 0.0689816
193 0.234106 0.0601879
194 0.221903 0.359807
195 0.224771 0.0897548
196 0.224219 0.0872312
197 0.225096 0.0680529
198 0.225927 0.0667479
199 0.226656 0.0630604
200 0.225257 0.078171
201 0.224744 0.0676414
202 0.225798 0.0515314
203 0.226221 0.0633935
204 0.227338 0.0510377
205 0.224399 0.0533184
206 0.223294 0.0471503
207 0.223886 0.0682057
208 0.222839 0.0531264
209 0.223016 0.0417855
210 0.222596 0.0646827
211 0.221468 0.0510103
212 0.222001 0.0717208
213 0.220449 0.052711
214 0.220794 0.0446619
215 0.220453 0.0443053
216 0.221691 0.0522094
217 0.221421 0.0277329
218 0.221734 0.0448147
219 0.213348 0.312704
220 0.213564 0.0713916
221 0.215762 0.0769602
222 0.215688 0.0750635
223 0.215045 0.0689659
224 0.213916 0.0504891
225 0.212239 0.0679745
226 0.212478 0.064816
227 0.213564 0.0714739
228 0.214234 0.061007
229 0.214872 0.0673201
230 0.215131 0.0669556
231 0.215053 0.0862672
232 0.215868 0.0561791
233 0.216836 0.0832458
234 0.216021 0.0633896
235 0.215864 0.0467623
236 0.216381 0.0619279
237 0.216996 0.0750321
238 0.21613 0.0591142
239 0.21528 0.0589849
240 0.217424 0.0698359
241 0.218607 0.0654704
242 0.219547 0.0437175
243 0.218905 0.0324864
244 0.22367 0.384064
245 0.222804 0.100998
246 0.224223 0.0894962
247 0.222733 0.0857381
248 0.222287 0.069879
249 0.222263 0.0423655
250 0.220398 0.230128
251 0.221091 0.0514413
252 0.221291 0.0518802
253 0.222976 0.0508809
254 0.224912 0.0814824
255 0.225014 0.0815412
256 0.227303 0.0968164
257 0.226856 0.0639656
258 0.226703 0.0441681
259 0.227985 0.059898
260 0.228913 0.0639539
261 0.230869 0.0736919
262 0.23043 0.0404061
263 0.232201 0.0774108
264 0.23208 0.0519782
265 0.234349 0.0674768
266 0.233976 0.0469112
267 0.233004 0.0275135
268 0.233294 0.0277956
269 0.225402 0.379499
270 0.225747 0.0796837
271 0.225002 0.0599646
272 0.226488 0.0859929
273 0.2261 0.0413035
274 0.226194 0.0603173
275 0.226264 0.0543412
276 0.226307 0.0428671
277 0.228494 0.0502892
278 0.229478 0.0472326
279 0.230524 0.0737625
280 0.230822 0.0652274
281 0.231684 0.0744913
282 0.235548 0.0799423
283 0.237993 0.0699182
284 0.238365 0.0665481
285 0.241065 0.0607562
286 0.241336 0.0607366
287 0.242829 0.0689894
288 0.24489 0.0727436
289 0.245838 0.0723987
290 0.246849 0.0702826
291 0.246246 0.0707176
292 0.247335 0.0750752
293 0.246896 0.0508927
294 0.25308 0.410222
295 0.25259 0.117723
296 0.251368 0.087431
297 0.248719 0.0930466
298 0.250807 0.0991716
299 0.250153 0.0903348
300 0.25029 0.0788098
301 0.247704 0.0776616
302 0.24652 0.0540825
303 0.247171 0.091534
304 0.248346 0.0724458
305 0.250713 0.0709175
306 0.24857 0.0604544
307 0.24922 0.0507869
308 0.250733 0.0555482
309 0.249416 0.0541061
310 0.250223 0.0486081
311 0.250153 0.0463234
312 0.251959 0.0555286
313 0.252234 0.0639617
314 0.252626 0.0424948
315 0.251924 0.0556148
316 0.252179 0.0404649
317 0.252175 0.0595139
318 0.252022 0.0475892
319 0.234913 0.316525
320 0.235983 0.0803342
321 0.23668 0.085409
322 0.235203 0.0775911
323 0.235759 0.056665
324 0.236347 0.0625745
325 0.235595 0.0481613
326 0.237339 0.07745
327 0.23951 0.0726535
328 0.239792 0.0436117
329 0.239368 0.0276467
330 0.238969 0.0805066
331 0.242809 0.0648003
332 0.243573 0.0294219
333 0.245948 0.0410919
334 0.246493 0.0563672
335 0.247516 0.0345163
336 0.246638 0.0390032
337 0.246983 0.0471816
338 0.24837 0.0357193
339 0.247762 0.0354881
340 0.248918 0.0383606
341 0.249157 0.0332388
342 0.248444 0.0309776
343 0.247782 0.0362758
344 0.24585 0.345057
345 0.245529 0.0645142
346 0.244765 0.0857538
347 0.245466 0.0611676
348 0.245544 0.0604701
349 0.247512 0.0583069
350 0.248307 0.0531146
351 0.248777 0.0436665
352 0.252532 0.0627312
353 0.253825 0.0850915
354 0.25424 0.0677119
355 0.255561 0.107953
356 0.255741 0.0601056
357 0.256968 0.0633269
358 0.257955 0.0553287
359 0.257841 0.0602036
360 0.257908 0.0472522
361 0.258151 0.0425732
362 0.258609 0.0667205
363 0.25801 0.0610657
364 0.259624 0.0471503
365 0.260291 0.0701651
366 0.259691 0.0602232
367 0.263629 0.0708626
368 0.26439 0.0421735
369 0.257195 0.374545
370 0.258911 0.102714
371 0.258178 0.0735548
372 0.259291 0.082611
373 0.255149 0.0840883
374 0.256207 0.0700161
375 0.257555 0.0633464
376 0.258174 0.0517313
377 0.25928 0.076149
378 0.261204 0.0605289
379 0.262442 0.0466409
380 0.262258 0.0666147
381 0.262371 0.04514
382 0.26352 0.0525699
383 0.262779 0.0552934
384 0.263629 0.0548741
385 0.265115 0.0516568
386 0.264296 0.0550779
387 0.263308 0.0501207
388 0.264131 0.0507085
389 0.264397 0.0657369
390 0.26323 0.0661248
391 0.262505 0.059945
392 0.263238 0.0621199
393 0.264217 0.0704825
394 0.255239 0.391992
395 0.256019 0.112362
396 0.254753 0.113832
397 0.258171 0.110246
398 0.258609 0.100143
399 0.256168 0.113165
400 0.256274 0.0896882
401 0.256329 0.0815059
402 0.25808 0.0892415
403 0.25841 0.0755416
404 0.257947 0.0750792
405 0.256666 0.0880384
406 0.258249 0.0863573
407 0.256517 0.0750165
408 0.256395 0.0923255
409 0.2587 0.0960523
410 0.258331 0.0812198
411 0.26198 0.0942144
412 0.263426 0.101327
413 0.264339 0.0786922
414 0.263876 0.100661
415 0.264127 0.0961502
416 0.263296 0.0709331
417 0.265514 0.115203
418 0.265843 0.113624
419 0.267066 0.403846
420 0.269057 0.139401
421 0.272384 0.148364
422 0.271189 0.126031
423 0.272063 0.11701
424 0.274755 0.123456
425 0.277819 0.121516
426 0.274359 0.119118
427 0.276843 0.129303
428 0.278074 0.126575
429 0.275825 0.131772
430 0.279316 0.13578
431 0.281095 0.136404
432 0.286131 0.147325
433 0.28345 0.151397
434 0.284838 0.130753
435 0.286856 0.13723
436 0.290328 0.148234
437 0.29483 0.163478
438 0.2963 0.170422
439 0.296939 0.150072
440 0.298526 0.149061
441 0.298859 0.16472
442 0.301214 0.162216
443 0.303996 0.158141
444 0.318182 0.423973
445 0.316383 0.179329
446 0.316583 0.174121
447 0.317606 0.181959
448 0.316905 0.174545
449 0.316752 0.158834
450 0.316646 0.164568
451 0.318002 0.163153
452 0.318398 0.148983
453 0.317645 0.156558
454 0.31808 0.153838
455 0.31935 0.146177
456 0.318347 0.159203
457 0.317312 0.165582
458 0.317681 0.144649
459 0.317986 0.179929
460 0.31846 0.172468
461 0.318809 0.161229
462 0.319828 0.169207
463 0.318766 0.179815
464 0.319319 0.148269
465 0.320741 0.1881
466 0.320698 0.177668
467 0.32069 0.164403
468 0.316826 0.168984
469 0.305677 0.397274
470 0.305799 0.154445
471 0.307727 0.18067
472 0.306246 0.18656
473 0.307837 0.184886
474 0.306579 0.187998
475 0.307241 0.173298
476 0.307323 0.161758
477 0.306073 0.171155
478 0.304541 0.166084
479 0.305764 0.152788
480 0.305117 0.17324
481 0.303851 0.157631
482 0.305407 0.160614
483 0.304039 0.159352
484 0.3044 0.15789
485 0.306156 0.146322
486 0.306003 0.13872
487 0.30804 0.145926
488 0.306485 0.139296
489 0.307688 0.164944
490 0.307394 0.144825
491 0.308319 0.146036
492 0.308581 0.140071
493 0.308961 0.136541
494 0.303879 0.39207
495 0.307692 0.180999
496 0.305097 0.162408
497 0.307018 0.145358
498 0.308789 0.160339
499 0.303303 0.143485
500 0.300967 0.290057
501 0.303412 0.13281
502 0.306046 0.103968
503 0.307939 0.078994
504 0.312061 0.116253
505 0.316101 0.124498
506 0.319695 0.0842333
507 0.321913 0.08941
508 0.324809 0.0899547
509 0.325667 0.0829127
510 0.329825 0.0917534
511 0.333916 0.114463
512 0.333477 0.0838415
513 0.336773 0.108616
514 0.327846 0.105116
515 0.321921 0.106359
516 0.304443 0.0919768
517 0.292115 0.0762665
518 0.288035 0.0748519
519 0.258762 0.255122
520 0.258367 0.100022
521 0.258939 0.125556
522 0.258578 0.10949
523 0.256595 0.100974
524 0.256564 0.121889
525 0.256533 0.114333
526 0.256756 0.14968
527 0.256631 0.114917
528 0.256599 0.126089
529 0.256313 0.121399
530 0.257101 0.126485
531 0.257547 0.139778
532 0.258876 0.125701
533 0.259201 0.14274
534 0.259381 0.130659
535 0.260502 0.123636
536 0.260792 0.130764
537 0.26098 0.138022
538 0.261176 0.145522
539 0.261274 0.129616
540 0.261987 0.159806
541 0.262368 0.137446
542 0.263038 0.118562
543 0.263637 0.128554
544 0.258253 0.357009
545 0.258856 0.123158
546 0.260036 0.180305
547 0.260945 0.164905
548 0.261631 0.162741
549 0.261968 0.161589
550 0.262485 0.155989
551 0.262716 0.134828
552 0.262642 0.153258
553 0.262681 0.136482
554 0.263143 0.114024
555 0.263508 0.143308
556 0.263763 0.139766
557 0.264331 0.127238
558 0.264331 0.148889
559 0.264335 0.174188
560 0.264178 0.144946
561 0.264158 0.195698
562 0.263622 0.18788
563 0.263449 0.183421
564 0.263312 0.195044
565 0.263437 0.201067
566 0.263206 0.155746
567 0.264002 0.215405
568 0.264421 0.180881
569 0.261611 0.435443
570 0.261176 0.163251
571 0.260569 0.212074
572 0.260945 0.171551
573 0.261114 0.177037
574 0.262164 0.178961
575 0.263343 0.132524
576 0.265565 0.163443
577 0.267866 0.109932
578 0.268775 0.101111
579 0.271228 0.134409
580 0.273736 0.121622
581 0.274904 0.0998143
582 0.276941 0.0926821
583 0.27854 0.104901
584 0.279155 0.101993
585 0.27894 0.07716
586 0.279159 0.0965891
587 0.279998 0.0800716
588 0.282236 0.0969967
589 0.283858 0.088877
590 0.284344 0.0718031
591 0.284771 0.0973925
592 0.283787 0.074123
593 0.283842 0.0529657
594 0.275672 0.251732
595 0.274939 0.105508
596 0.274904 0.0964089
597 0.273693 0.098235
598 0.274206 0.0898763
599 0.273599 0.0965695
600 0.274045 0.0783513
601 0.27439 0.0784336
602 0.274535 0.0760118
603 0.275452 0.0749969
604 0.276667 0.0710703
605 0.276718 0.0787824
606 0.277004 0.0897313
607 0.277271 0.0771326
608 0.276922 0.0724967
609 0.276824 0.0694087
610 0.277568 0.0711604
611 0.278039 0.062116
612 0.279297 0.0659602
613 0.280276 0.080197
614 0.280547 0.0849818
615 0.281452 0.086565
616 0.282118 0.0870666
617 0.28231 0.0753691
618 0.283635 0.0828814
619 0.275495 0.272737
620 0.276628 0.0851582
621 0.278121 0.111045
622 0.279865 0.0916829
623 0.280797 0.0837161
624 0.28231 0.0924196
625 0.28318 0.0809729
626 0.283607 0.104454
627 0.284614 0.0979803
628 0.285159 0.0746403
629 0.285504 0.069444
630 0.2857 0.0924823
631 0.286448 0.0732687
632 0.286824 0.0844567
633 0.286672 0.0766153
634 0.286585 0.0874154
635 0.286531 0.103682
636 0.286742 0.0991324
637 0.287083 0.0798757
638 0.287185 0.07658
639 0.287287 0.0714504
640 0.287561 0.0697222
641 0.287651 0.0859497
642 0.287843 0.0865572
643 0.28798 0.0677041
644 0.283141 0.298056
645 0.283396 0.105606
646 0.283556 0.110266
647 0.283905 0.109059
648 0.284238 0.111621
649 0.284215 0.0849622
650 0.284395 0.0907424
651 0.284795 0.125071
652 0.285167 0.10197
653 0.285237 0.108494
654 0.285708 0.0972788
655 0.286523 0.100398
656 0.287342 0.0951745
657 0.288314 0.0917652
658 0.289125 0.0953547
659 0.289528 0.0934659
660 0.29023 0.100386
661 0.290916 0.0882422
662 0.291249 0.0799423
663 0.292126 0.0857852
664 0.292703 0.0860007
665 0.292848 0.0813766
666 0.293494 0.0739388
667 0.293612 0.0854011
668 0.293831 0.0709057
669 0.29242 0.412741
670 0.292938 0.141083
671 0.293169 0.121218
672 0.293279 0.125686
673 0.293847 0.115622
674 0.294254 0.101887
675 0.294685 0.121579
676 0.294956 0.121117
677 0.295207 0.0924862
678 0.295685 0.12712
679 0.296202 0.110136
680 0.296178 0.105199
681 0.296437 0.124612
682 0.296551 0.120082
683 0.296892 0.108428
684 0.297515 0.13957
685 0.297895 0.106484
686 0.298169 0.119565
687 0.298671 0.0999201
688 0.299172 0.119063
689 0.299615 0.104423
690 0.300074 0.117884
691 0.300364 0.121736
692 0.30092 0.0919297
693 0.301116 0.0840492
694 0.30054 0.390381
695 0.300959 0.112342
696 0.301747 0.128923
697 0.302076 0.124538
698 0.302354 0.115662
699 0.302362 0.141596
700 0.302397 0.125635
701 0.302135 0.115285
702 0.301798 0.107812
703 0.301759 0.12366
704 0.301339 0.100104
705 0.30114 0.124788
706 0.301296 0.109501
707 0.301496 0.115975
708 0.30112 0.109921
709 0.301445 0.13906
710 0.301104 0.111735
711 0.301226 0.129695
712 0.301226 0.111135
713 0.301226 0.116943
714 0.301379 0.134139
715 0.300822 0.0985367
716 0.300622 0.100516
717 0.300528 0.0962717
718 0.300587 0.072677
719 0.291492 0.283282
720 0.291601 0.172346
721 0.291594 0.109419
722 0.291907 0.0938186
723 0.291954 0.0999788
724 0.291856 0.10775
725 0.291884 0.0830342
726 0.292052 0.0999318
727 0.292048 0.106112
728 0.292126 0.104113
729 0.292232 0.0965499
730 0.291774 0.0910128
731 0.291429 0.0706431
732 0.290896 0.0727514
733 0.290594 0.0811728
734 0.290504 0.0695655
735 0.290226 0.073931
736 0.28992 0.0847702
737 0.289603 0.0608228
738 0.289426 0.0645534
739 0.288604 0.0717012
740 0.2884 0.0537612
741 0.288259 0.051986
742 0.288176 0.0556618
743 0.2882 0.0254013
744 0.283697 0.340272
745 0.28349 0.0984388
746 0.283317 0.087623
747 0.282753 0.0856127
748 0.28242 0.0844332
749 0.282196 0.0627116
750 0.282016 0.298812
751 0.281793 0.0514492
752 0.281628 0.0498346
753 0.281503 0.0541492
754 0.281413 0.0548036
755 0.281464 0.0532479
756 0.28133 0.057245
757 0.281119 0.0789861
758 0.281123 0.0748205
759 0.281162 0.0672652
760 0.280813 0.0662424
761 0.280319 0.0572058
762 0.279755 0.0606856
763 0.279167 0.0445874
764 0.278654 0.0438076
765 0.278321 0.0543882
766 0.2778 0.0554463
767 0.277102 0.0549721
768 0.276859 0.0372672
769 0.270546 0.320306
770 0.27062 0.0961737
771 0.270609 0.0868863
772 0.270852 0.0828422
773 0.270758 0.0687504
774 0.270867 0.0768779
775 0.270824 0.0660308
776 0.270832 0.0730924
777 0.270879 0.0799619
778 0.271185 0.0643732
779 0.27131 0.0568335
780 0.271533 0.073304
781 0.271823 0.0738565
782 0.271788 0.062935
783 0.271957 0.0735038
784 0.271921 0.064624
785 0.271773 0.0858557
786 0.271953 0.0793898
787 0.272074 0.0815098
788 0.271957 0.0670732
789 0.272063 0.0589966
790 0.272047 0.0560184
791 0.272893 0.063464
792 0.274441 0.0887281
793 0.275668 0.0794799
794 0.279112 0.479615
795 0.2801 0.106747
796 0.281268 0.0981096
797 0.281867 0.0949119
798 0.283533 0.105222
799 0.284936 0.0884813
800 0.285696 0.0992931
801 0.287114 0.0888692
802 0.288517 0.1306
803 0.289383 0.0922041
804 0.29068 0.0889946
805 0.291472 0.0878621
806 0.291848 0.086518
807 0.292514 0.0937637
808 0.292797 0.0919885
809 0.292475 0.0703532
810 0.29271 0.0698006
811 0.292742 0.0708508
812 0.292581 0.0716816
813 0.29246 0.0661601
814 0.292295 0.0802088
815 0.291637 0.0665167
816 0.291394 0.0642478
817 0.290735 0.0605367
818 0.290708 0.0369028
819 0.282173 0.221969
820 0.282553 0.103655
821 0.282902 0.0979881
822 0.281797 0.0961228
823 0.280695 0.0683193
824 0.280139 0.0658662
825 0.279802 0.067755
826 0.279622 0.0620258
827 0.279912 0.0807731
828 0.280088 0.0786609
829 0.280507 0.0749224
830 0.280362 0.0616653
831 0.280217 0.056132
832 0.279775 0.0668772
833 0.2793 0.0647572
834 0.278854 0.0558107
835 0.278262 0.0643105
836 0.278293 0.0473423
837 0.278211 0.0627234
838 0.27807 0.0638324
839 0.278105 0.0567395
840 0.27816 0.0608189
841 0.278203 0.0662267
842 0.278407 0.0509044
843 0.278505 0.0273058
844 0.275307 0.330197
845 0.274982 0.095339
846 0.274884 0.0919846
847 0.275025 0.100065
848 0.275327 0.0725359
849 0.275374 0.0813727
850 0.275715 0.0744247
851 0.275907 0.0798012
852 0.276009 0.0829402
853 0.276103 0.0755612
854 0.276114 0.0816822
855 0.276005 0.0867884
856 0.276189 0.0794603
857 0.276283 0.0721323
858 0.276201 0.0713759
859 0.276526 0.0599685
860 0.276761 0.0668028
861 0.276604 0.0687857
862 0.2768 0.0861457
863 0.276859 0.0630212
864 0.27702 0.0742484
865 0.277035 0.0686093
866 0.276988 0.0578249
867 0.277012 0.0670693
868 0.276953 0.031248
869 0.275966 0.39988
870 0.275617 0.100022
871 0.275672 0.0886772
872 0.275801 0.0857303
873 0.275703 0.0754789
874 0.275985 0.0812355
875 0.276107 0.0734646
876 0.276087 0.0674572
877 0.27635 0.0674415
878 0.276526 0.0506105
879 0.276138 0.359019
880 0.276001 0.0974865
881 0.275734 0.0815216
882 0.275711 0.0847232
883 0.275566 0.0736723
884 0.275409 0.0671829
885 0.275037 0.068335
886 0.275194 0.0649492
887 0.27528 0.0763606
888 0.275346 0.0726809
889 0.275405 0.0675395
890 0.275738 0.0873213
891 0.275848 0.0702278
892 0.275852 0.0708469
893 0.275946 0.076341
894 0.275762 0.0647337
895 0.275762 0.0681469
896 0.275809 0.0641929
897 0.275664 0.0629546
898 0.275711 0.058256
899 0.275899 0.064475
900 0.275789 0.0540238
901 0.275973 0.0678922
902 0.275856 0.0616183
903 0.275922 0.0202834
904 0.275993 0.397317
905 0.276044 0.0985407
906 0.275868 0.0885635
907 0.275958 0.100974
908 0.275985 0.0738487
909 0.276064 0.0812982
910 0.275981 0.0692755
911 0.276032 0.0699025
912 0.275922 0.0725712
913 0.276169 0.0779751
914 0.276162 0.0779046
915 0.27613 0.0861104
916 0.276142 0.0632054
917 0.276338 0.0638559
918 0.276487 0.0761607
919 0.276428 0.056618
920 0.276412 0.0632877
921 0.276604 0.0716659
922 0.276679 0.0647572
923 0.276773 0.0807104
924 0.276694 0.0592161
925 0.276569 0.0487295
926 0.276722 0.0488824
927 0.276871 0.0512415
928 0.27691 0.0195271
929 0.275139 0.378147
930 0.275339 0.083818
931 0.275268 0.0888653
932 0.275487 0.0916515
933 0.275484 0.066842
934 0.275715 0.0684291
935 0.275644 0.0699064
936 0.276075 0.0760197
937 0.276522 0.069977
938 0.276992 0.057339
939 0.277216 0.0592279
940 0.27738 0.0817332
941 0.277545 0.0631779
942 0.27758 0.0729866
943 0.27785 0.0875408
944 0.277749 0.0643144
945 0.277698 0.0633112
946 0.277608 0.0624099
947 0.277623 0.0790919
948 0.277753 0.0608816
949 0.277792 0.0519899
950 0.277905 0.0668459
951 0.277858 0.0561516
952 0.277901 0.0615869
953 0.277858 0.0265024
954 0.278842 0.381407
955 0.279144 0.0934933
956 0.278999 0.0761255
957 0.279069 0.107863
958 0.2793 0.0778732
959 0.279383 0.0793819
960 0.279375 0.0631348
961 0.279512 0.0789352
962 0.279735 0.0908717
963 0.279767 0.0695537
964 0.2799 0.0802832
965 0.279998 0.0590515
966 0.279967 0.0616692
967 0.27999 0.0691775
968 0.280029 0.081114
969 0.280088 0.0672965
970 0.280876 0.0580366
971 0.28095 0.0511592
972 0.28115 0.0514727
973 0.281534 0.0546037
974 0.281389 0.0538239
975 0.281338 0.0693304
976 0.281381 0.0656076
977 0.281683 0.0620493
978 0.281957 0.0358369
979 0.2797 0.386219
980 0.279661 0.094716
981 0.279391 0.0951666
982 0.279328 0.0913811
983 0.279477 0.09153
984 0.278971 0.0767485
985 0.278924 0.0753613
986 0.278677 0.0643653
987 0.278364 0.0759295
988 0.278493 0.0731747
989 0.278254 0.0597334
990 0.278505 0.117323
991 0.27865 0.0695537
992 0.278587 0.0692206
993 0.278442 0.0682645
994 0.278556 0.0626293
995 0.278403 0.0663325
996 0.278235 0.0627665
997 0.278062 0.0557245
998 0.278242 0.0629938
999 0.278266 0.0643967
1000 0.27814 0.312167
1001 0.277972 0.0416523
1002 0.277878 0.0401083
1003 0.277976 0.0234889
1004 0.2766 0.393363
1005 0.277055 0.100657
1006 0.276973 0.0831792
1007 0.277031 0.0809494
1008 0.277212 0.080777
1009 0.277227 0.0500854
1010 0.278168 0.38676
1011 0.278215 0.107899
1012 0.278113 0.0822975
1013 0.27834 0.0871214
1014 0.278474 0.0813178
1015 0.27876 0.0630134
1016 0.278595 0.0901663
1017 0.278666 0.067951
1018 0.27892 0.0658544
1019 0.278897 0.090229
1020 0.279022 0.0744482
1021 0.27943 0.0904563
1022 0.279398 0.0524523
1023 0.279614 0.0646122
1024 0.279634 0.0703296
1025 0.2797 0.0618456
1026 0.27972 0.0723596
1027 0.279833 0.053675
1028 0.279653 0.0541727
1029 0.279669 0.0586831
1030 0.279822 0.0502147
1031 0.279747 0.0552386
1032 0.279594 0.0575585
1033 0.279586 0.0470837
1034 0.279457 0.0238965
1035 0.279297 0.393696
1036 0.279281 0.0813727
1037 0.279222 0.074554
1038 0.279297 0.0807182
1039 0.27941 0.0713093
1040 0.279485 0.0847428
1041 0.279316 0.0657447
1042 0.279269 0.0804792
1043 0.279128 0.0650158
1044 0.279159 0.0906522
1045 0.279285 0.0701063
1046 0.279183 0.0757689
1047 0.279104 0.0737585
1048 0.279195 0.070024
1049 0.27921 0.0697536
1050 0.279234 0.0616183
1051 0.279148 0.0590006
1052 0.278944 0.0699574
1053 0.279085 0.0529265
1054 0.279261 0.0694244
1055 0.279038 0.0609952
1056 0.278936 0.0811689
1057 0.278815 0.0576016
1058 0.278846 0.0558812
1059 0.278724 0.0441485
1060 0.277811 0.387834
1061 0.277702 0.0721715
1062 0.27789 0.100618
1063 0.278176 0.0929486
1064 0.27789 0.0853188
1065 0.277933 0.0702317
1066 0.278274 0.0673201
1067 0.278278 0.0712701
1068 0.278587 0.0606464
1069 0.278532 0.0665363
1070 0.278654 0.0534634
1071 0.27854 0.105861
1072 0.278697 0.0944887
1073 0.278677 0.0819017
1074 0.278956 0.0588203
1075 0.279371 0.0806203
1076 0.279144 0.0652157
1077 0.279285 0.0588438
1078 0.279249 0.0620611
1079 0.279347 0.0757493
1080 0.279532 0.0588438
1081 0.279594 0.0695812
1082 0.279735 0.0630643
1083 0.280076 0.0577936
1084 0.280108 0.044415
1085 0.278877 0.377974
1086 0.279328 0.0702317
1087 0.279363 0.0817802
1088 0.279904 0.0768152
1089 0.279841 0.100868
1090 0.279971 0.0935678
1091 0.279794 0.0814432
1092 0.279555 0.0864004
1093 0.279571 0.0839159
1094 0.279418 0.0643496
1095 0.2793 0.0697732
1096 0.279332 0.0782573
1097 0.279324 0.0715836
1098 0.279473 0.0700083
1099 0.279739 0.0563358
1100 0.279724 0.0733628
1101 0.279767 0.0701651
1102 0.279743 0.0835515
1103 0.279896 0.0671555
1104 0.279865 0.0696987
1105 0.279931 0.0741151
1106 0.279873 0.0625353
1107 0.280037 0.0735156
1108 0.280159 0.053432
1109 0.280163 0.042581
1110 0.279324 0.387226
1111 0.279285 0.107056
1112 0.279222 0.096836
1113 0.279159 0.0869843
1114 0.27923 0.075812
1115 0.279445 0.0772815
1116 0.27943 0.0664266
1117 0.279253 0.0619357
1118 0.279563 0.09452
1119 0.279696 0.0737233
1120 0.279739 0.0716816
1121 0.280025 0.108573
1122 0.280033 0.0743934
1123 0.280072 0.0724536
1124 0.280155 0.0751066
1125 0.280327 0.0550034
1126 0.280711 0.0739075
1127 0.28171 0.0817606
1128 0.282553 0.0566219
1129 0.282972 0.0724223
1130 0.283478 0.0429298
1131 0.283693 0.062982
1132 0.28365 0.0495956
1133 0.283925 0.0527227
1134 0.28349 0.050446
1135 0.282866 0.374381
1136 0.282776 0.0771287
1137 0.283145 0.122582
1138 0.283117 0.0840217
1139 0.283219 0.105069
1140 0.282964 0.0724614
1141 0.282772 0.105179
1142 0.283207 0.0925607
1143 0.283517 0.0914281
1144 0.283478 0.0991716
1145 0.28394 0.0752477
1146 0.284595 0.129973
1147 0.284524 0.0965695
1148 0.284203 0.111602
1149 0.28423 0.0961698
1150 0.284026 0.107374
1151 0.283055 0.0871528
1152 0.282737 0.100245
1153 0.282361 0.078947
1154 0.281597 0.0986347
1155 0.281562 0.0761999
1156 0.281922 0.0773873
1157 0.282063 0.0898371
1158 0.282925 0.0838219
1159 0.283552 0.0550074
1160 0.283474 0.430756
1161 0.284113 0.138194
1162 0.284814 0.14033
1163 0.285143 0.112025
1164 0.284857 0.115195
1165 0.284505 0.0971652
1166 0.283709 0.101562
1167 0.283807 0.0960327
1168 0.283544 0.113941
1169 0.283251 0.0894139
1170 0.283192 0.099007
1171 0.283388 0.108396
1172 0.28336 0.0964206
1173 0.282894 0.0772658
1174 0.282749 0.0834026
1175 0.282369 0.0998848
1176 0.282322 0.0838219
1177 0.282392 0.0806751
1178 0.282326 0.0928154
1179 0.282016 0.0770268
1180 0.28191 0.0685623
1181 0.28182 0.0654547
1182 0.281981 0.0686759
1183 0.281777 0.0520448
1184 0.281624 0.0449401
1185 0.278901 0.370196
1186 0.27854 0.079766
1187 0.278164 0.0920081
1188 0.278062 0.076294
1189 0.278113 0.096452
1190 0.278082 0.0734646
1191 0.278125 0.116555
1192 0.278282 0.0731747
1193 0.278391 0.0802441
1194 0.278756 0.0735783
1195 0.278948 0.0838258
1196 0.278959 0.101593
1197 0.279104 0.100939
1198 0.27941 0.0777792
1199 0.279485 0.0867021
1200 0.279473 0.0479497
1201 0.279304 0.0707725
1202 0.279434 0.0811571
1203 0.27932 0.0625627
1204 0.279524 0.0921923
1205 0.279324 0.084492
1206 0.279394 0.0697144
1207 0.279234 0.0512689
1208 0.279367 0.0638794
1209 0.279344 0.047695
1210 0.278399 0.386658
1211 0.278458 0.0792722
1212 0.278732 0.0984192
1213 0.278865 0.0733236
1214 0.279246 0.0882148
1215 0.279163 0.0900331
1216 0.279238 0.0990227
1217 0.279199 0.093125
1218 0.279199 0.094524
1219 0.279195 0.0769131
1220 0.279571 0.0942457
1221 0.279743 0.0862005
1222 0.279802 0.088301
1223 0.279873 0.0652157
1224 0.279826 0.0989051
1225 0.279974 0.0846801
1226 0.280221 0.0696948
1227 0.280339 0.106719
1228 0.280445 0.0653411
1229 0.280625 0.0744835
1230 0.28075 0.0645103
1231 0.280554 0.0566336
1232 0.280394 0.0928663
1233 0.280406 0.0525268
1234 0.28046 0.0321885
1235 0.280116 0.416241
1236 0.280637 0.115583
1237 0.280907 0.0966048
1238 0.281044 0.0972906
1239 0.281275 0.0864239
1240 0.281734 0.0808946
1241 0.282247 0.0881991
1242 0.282624 0.0889593
1243 0.283047 0.0930231
1244 0.283051 0.0795308
1245 0.282906 0.0686838
1246 0.282537 0.083767
1247 0.281989 0.0932347
1248 0.281475 0.0927331
1249 0.281522 0.0766702
1250 0.281099 0.307656
1251 0.28104 0.0987248
1252 0.280888 0.0630917
1253 0.280927 0.0777988
1254 0.280927 0.0748323
1255 0.280813 0.0717051
1256 0.280758 0.104203
1257 0.280739 0.092016
1258 0.280942 0.0492742
1259 0.280978 0.0622022
1260 0.279065 0.390432
1261 0.279626 0.0805105
1262 0.279465 0.0958877
1263 0.279559 0.0871724
1264 0.279645 0.0980704
1265 0.279543 0.0933131
1266 0.27972 0.112946
1267 0.280092 0.107934
1268 0.280018 0.111535
1269 0.28008 0.100755
1270 0.280182 0.0934032
1271 0.280233 0.0979568
1272 0.280311 0.120642
1273 0.280331 0.0803185
1274 0.280057 0.0944299
1275 0.279994 0.0738016
1276 0.280119 0.111284
1277 0.279806 0.0792761
1278 0.279841 0.0792879
1279 0.279731 0.0621277
1280 0.279708 0.0645691
1281 0.279363 0.0552347
1282 0.279477 0.0604818
1283 0.279434 0.0548937
1284 0.279426 0.0407392
1285 0.278579 0.388477
1286 0.278575 0.096887
1287 0.278897 0.0839865
1288 0.279163 0.0874075
1289 0.279316 0.0696321
1290 0.279371 0.0557794
1291 0.279402 0.0675238
1292 0.279692 0.0655174
1293 0.280323 0.0541727
1294 0.280543 0.0514962
1295 0.281146 0.0741935
1296 0.281644 0.114325
1297 0.282087 0.0731237
1298 0.282189 0.0634914
1299 0.282631 0.106637
1300 0.282859 0.0671947
1301 0.283043 0.0798757
1302 0.282914 0.0623746
1303 0.28291 0.0829245
1304 0.283164 0.07417
1305 0.283047 0.0641224
1306 0.283074 0.0846918
1307 0.2832 0.0666931
1308 0.283717 0.0766349
1309 0.283772 0.068143
1310 0.283591 0.424055
1311 0.283051 0.0881051
1312 0.282972 0.0777988
1313 0.282428 0.085648
1314 0.282016 0.0807378
1315 0.281895 0.0900605
1316 0.28162 0.0943829
1317 0.281605 0.0964755
1318 0.28166 0.0888692
1319 0.281777 0.0803303
1320 0.281683 0.0777831
1321 0.281934 0.084684
1322 0.281628 0.0867374
1323 0.281695 0.0792056
1324 0.281648 0.0791311
1325 0.281863 0.06462
1326 0.281781 0.0671515
1327 0.281757 0.0667989
1328 0.281918 0.0744051
1329 0.281714 0.0648591
1330 0.281832 0.0803146
1331 0.281949 0.0706157
1332 0.281961 0.0695655
1333 0.281612 0.0559165
1334 0.281581 0.0527854
1335 0.280123 0.417389
1336 0.280253 0.159422
1337 0.280386 0.115658
1338 0.280609 0.0876309
1339 0.280437 0.0992695
1340 0.280539 0.097416
1341 0.280547 0.0956839
1342 0.280664 0.082321
1343 0.280739 0.0890965
1344 0.280942 0.0796445
1345 0.280903 0.0913654
1346 0.280864 0.0817449
1347 0.281087 0.0623276
1348 0.281354 0.0947238
1349 0.281385 0.070988
1350 0.281334 0.0772227
1351 0.281205 0.0699417
1352 0.281471 0.0832968
1353 0.281573 0.071227
1354 0.281695 0.0538161
1355 0.28204 0.0791625
1356 0.282384 0.061971
1357 0.282357 0.0800638
1358 0.282381 0.069926
1359 0.282482 0.0380353
1360 0.281718 0.391827
1361 0.281515 0.113749
1362 0.281444 0.0981723
1363 0.281322 0.0912871
1364 0.28153 0.0780927
1365 0.281714 0.0901075
1366 0.281993 0.0774539
1367 0.282232 0.0848643
1368 0.282424 0.0907698
1369 0.282972 0.0734999
1370 0.283098 0.0798679
1371 0.283227 0.097945
1372 0.283211 0.0822191
1373 0.283043 0.0807417
1374 0.283094 0.109364
1375 0.282937 0.0864122
1376 0.283047 0.084923
1377 0.283015 0.0791821
1378 0.283286 0.0810161
1379 0.283196 0.0710546
1380 0.283243 0.0659524
1381 0.283188 0.0543725
1382 0.28309 0.057629
1383 0.282957 0.0543373
1384 0.283074 0.0365423
1385 0.282608 0.40613
1386 0.282588 0.115019
1387 0.282373 0.106182
1388 0.282271 0.097992
1389 0.282243 0.0960483
1390 0.282404 0.0821094
1391 0.282259 0.097992
1392 0.282204 0.0865846
1393 0.281965 0.0931289
1394 0.281609 0.0853659
1395 0.281703 0.0794446
1396 0.28184 0.105246
1397 0.281808 0.100978
1398 0.281707 0.0899704
1399 0.281797 0.0846526
1400 0.281428 0.071133
1401 0.281522 0.0542275
1402 0.281483 0.0773481
1403 0.281221 0.0769131
1404 0.281048 0.0685976
1405 0.280935 0.0781123
1406 0.280774 0.0823798
1407 0.280829 0.0731198
1408 0.280864 0.0620062
1409 0.280793 0.048467
1410 0.279269 0.368166
1411 0.279191 0.106092
1412 0.278697 0.0946494
1413 0.278948 0.104654
1414 0.278991 0.0837357
1415 0.279093 0.0928663
1416 0.279681 0.0931446
1417 0.279888 0.0792722
1418 0.280351 0.105359
1419 0.280907 0.0831087
1420 0.281115 0.0854168
1421 0.281902 0.124675
1422 0.282439 0.102953
1423 0.282553 0.0823484
1424 0.282659 0.106417
1425 0.282961 0.116829
1426 0.282902 0.121332
1427 0.284113 0.137344
1428 0.28407 0.139162
1429 0.284987 0.143199
1430 0.285429 0.14388
1431 0.286417 0.175532
1432 0.28673 0.11808
1433 0.287342 0.164654
1434 0.287518 0.141498
1435 0.286687 0.390146
1436 0.287385 0.160535
1437 0.287549 0.189734
1438 0.287843 0.150005
1439 0.289187 0.209092
1440 0.290238 0.185936
1441 0.290336 0.159947
1442 0.292068 0.199127
1443 0.293263 0.198555
1444 0.293475 0.179149
1445 0.294466 0.216781
1446 0.293369 0.209676
1447 0.293753 0.196509
1448 0.293839 0.239596
1449 0.293028 0.219708
1450 0.293537 0.204488
1451 0.294776 0.239419
1452 0.294874 0.244945
1453 0.295493 0.187974
1454 0.295834 0.260095
1455 0.295869 0.222396
1456 0.296378 0.248017
1457 0.295802 0.261431
1458 0.296472 0.259119
1459 0.296903 0.201866
1460 0.295677 0.411315
1461 0.296606 0.268669
1462 0.297201 0.243483
1463 0.296907 0.2911
1464 0.299145 0.354811
1465 0.300203 0.291041
1466 0.299815 0.373813
1467 0.299176 0.331478
1468 0.299431 0.343576
1469 0.299016 0.376693
1470 0.300203 0.382712
1471 0.299694 0.311885
1472 0.299074 0.395303
1473 0.296551 0.388418
1474 0.296664 0.355426
1475 0.295575 0.367437
1476 0.295093 0.414285
1477 0.294172 0.34943
1478 0.293145 0.408168
1479 0.292166 0.3775
1480 0.291817 0.384139
1481 0.290853 0.408807
1482 0.290296 0.41204
1483 0.288666 0.332799
1484 0.287275 0.407929
1485 0.281636 0.454597
1486 0.282098 0.365528
1487 0.279806 0.380451
1488 0.278748 0.426759
1489 0.278176 0.378045
1490 0.27644 0.418522
1491 0.273853 0.3995
1492 0.272497 0.395601
1493 0.271898 0.429047
1494 0.269794 0.431884
1495 0.268516 0.363267
1496 0.268253 0.449821
1497 0.267337 0.425125
1498 0.267184 0.397298
1499 0.264731 0.408474
1500 0.263367 0.46439
1501 0.263418 0.39392
1502 0.262207 0.429819
1503 0.26136 0.447054
1504 0.261102 0.367304
1505 0.261717 0.457384
1506 0.262148 0.447685
1507 0.261921 0.393308
1508 0.260835 0.423957
1509 0.260036 0.447877
1510 0.258555 0.462764
1511 0.258845 0.421802
1512 0.257018 0.42922
1513 0.256211 0.388296
1514 0.255122 0.447375
1515 0.255882 0.530272
1516 0.256297 0.405684
1517 0.256035 0.474818
1518 0.254173 0.455769
1519 0.25455 0.42353
1520 0.253911 0.471268
1521 0.255804 0.565584
1522 0.25607 0.392646
1523 0.254479 0.466863
1524 0.25357 0.479967
1525 0.253699 0.407788
1526 0.252488 0.473098
1527 0.25136 0.440741
1528 0.252112 0.418482
1529 0.251885 0.457493
1530 0.25136 0.443891
1531 0.25107 0.429588
1532 0.249224 0.445988
1533 0.247947 0.457627
1534 0.247006 0.367684
1535 0.246896 0.541735
1536 0.246281 0.420156
1537 0.246085 0.399539
1538 0.243099 0.445761
1539 0.242033 0.447254
1540 0.241904 0.387708
1541 0.24092 0.466158
1542 0.239267 0.458273
1543 0.23766 0.388751
1544 0.233706 0.457023
1545 0.230692 0.467921
1546 0.229795 0.413799
1547 0.226703 0.459774
1548 0.224054 0.465989
1549 0.225328 0.510953
1550 0.225731 0.504879
1551 0.227079 0.484834
1552 0.227702 0.410947
1553 0.22858 0.477275
1554 0.230022 0.476687
1555 0.231186 0.406424
1556 0.233048 0.457603
1557 0.235532 0.456263
1558 0.237664 0.415633
1559 0.237664 0.453712
1560 0.238158 0.513943
1561 0.239004 0.369044
1562 0.239486 0.42592
1563 0.24043 0.442481
1564 0.240779 0.389006
1565 0.243495 0.43036
1566 0.246442 0.438578
1567 0.248041 0.403156
1568 0.25116 0.439593
1569 0.252571 0.425626
1570 0.25299 0.398258
1571 0.253852 0.435956
1572 0.253981 0.439212
1573 0.252951 0.388281
1574 0.253123 0.432566
1575 0.253386 0.439887
1576 0.253797 0.391592
1577 0.25366 0.447555
1578 0.252422 0.440984
1579 0.251336 0.401138
1580 0.252767 0.446697
1581 0.253362 0.451035
1582 0.253562 0.411691
1583 0.25473 0.4589
1584 0.256364 0.4564
1585 0.254914 0.463536
1586 0.256254 0.447348
1587 0.257269 0.458203
1588 0.257892 0.421096
1589 0.258899 0.481911
1590 0.258026 0.479395
1591 0.258617 0.427821
1592 0.258155 0.491151
1593 0.257653 0.485234
1594 0.257152 0.415457
1595 0.256689 0.485536
1596 0.25841 0.474469
1597 0.258641 0.44194
1598 0.259918 0.485771
1599 0.263927 0.478909
1600 0.265369 0.428487
1601 0.267862 0.486312
1602 0.269989 0.485207
1603 0.273677 0.445808
1604 0.279532 0.488965
1605 0.285806 0.482922
1606 0.289089 0.441254
1607 0.295352 0.490019
1608 0.297464 0.491724
1609 0.298436 0.43096
1610 0.299357 0.524661
1611 0.302511 0.463556
1612 0.301963 0.430826
1613 0.302879 0.492131
1614 0.303056 0.492684
1615 0.306093 0.429698
1616 0.308491 0.475622
1617 0.308836 0.481194
1618 0.309827 0.420696
1619 0.307809 0.482401
1620 0.304545 0.483498
1621 0.302958 0.408744
1622 0.298635 0.46903
1623 0.29505 0.463611
1624 0.295751 0.419638
1625 0.292659 0.469912
1626 0.292271 0.478235
1627 0.292593 0.411969
1628 0.292322 0.468995
1629 0.293643 0.466021
1630 0.293855 0.404508
1631 0.296715 0.460997
1632 0.299329 0.458579
1633 0.301578 0.40836
1634 0.304349 0.478224
1635 0.303475 0.528395
1636 0.303311 0.397337
1637 0.302072 0.462823
1638 0.301943 0.467314
1639 0.302574 0.42141
1640 0.304208 0.483565
1641 0.305442 0.472306
1642 0.306426 0.434851
1643 0.306771 0.494298
1644 0.307727 0.46336
1645 0.310223 0.423001
1646 0.314275 0.484294
1647 0.318151 0.480465
1648 0.320381 0.416296
1649 0.322328 0.447599
1650 0.324209 0.459222
1651 0.324676 0.392826
1652 0.324652 0.458438
1653 0.321207 0.43395
1654 0.319887 0.399179
1655 0.315388 0.445557
1656 0.312943 0.451604
1657 0.31192 0.389378
1658 0.311387 0.451474
1659 0.309655 0.439232
1660 0.310172 0.47762
1661 0.310991 0.423702
1662 0.311509 0.443433
1663 0.31163 0.402764
1664 0.308863 0.440647
1665 0.305964 0.459782
1666 0.305521 0.411954
1667 0.305333 0.469124
1668 0.302366 0.465429
1669 0.302966 0.407498
1670 0.304905 0.464488
1671 0.303812 0.479415
1672 0.3044 0.430113
1673 0.303338 0.478686
1674 0.303064 0.47465
1675 0.30324 0.410951
1676 0.303283 0.47867
1677 0.303988 0.477365
1678 0.304545 0.398693
1679 0.305027 0.467811
1680 0.306038 0.473317
1681 0.307073 0.413513
1682 0.307323 0.477036
1683 0.308475 0.4678
1684 0.308859 0.416923
1685 0.30795 0.535167
1686 0.30922 0.427793
1687 0.308479 0.401883
1688 0.30904 0.470723
1689 0.310211 0.447646
1690 0.309467 0.397153
1691 0.313644 0.443935
1692 0.316811 0.461122
1693 0.318907 0.41193
1694 0.324429 0.449891
1695 0.33006 0.440235
1696 0.333728 0.41617
1697 0.338626 0.441176
1698 0.345124 0.430301
1699 0.347283 0.408964
1700 0.349685 0.437669
1701 0.352577 0.435356
1702 0.354885 0.411335
1703 0.357252 0.428851
1704 0.359082 0.447207
1705 0.358961 0.40247
1706 0.358667 0.442402
1707 0.358851 0.444444
1708 0.357938 0.416899
1709 0.354058 0.443711
1710 0.343348 0.505678
1711 0.340958 0.390628
1712 0.337995 0.438264
1713 0.332944 0.43482
1714 0.329903 0.409011
1715 0.322818 0.464245
1716 0.317614 0.463277
1717 0.314111 0.394233
1718 0.306602 0.467663
1719 0.302966 0.475563
1720 0.302339 0.396083
1721 0.297076 0.489255
1722 0.289822 0.467694
1723 0.285668 0.402067
1724 0.279892 0.475637
1725 0.276644 0.462047
1726 0.27575 0.411472
1727 0.275009 0.475332
1728 0.274527 0.451823
1729 0.275209 0.410845
1730 0.272466 0.54226
1731 0.270738 0.55922
1732 0.272835 0.519664
1733 0.272815 0.608741
1734 0.267717 0.508139
1735 0.282357 0.702262
1736 0.276546 0.477883
1737 0.27671 0.551096
1738 0.276526 0.442457
1739 0.275311 0.500886
1740 0.275872 0.585703
1741 0.274688 0.401416
1742 0.272313 0.481927
1743 0.269715 0.579695
1744 0.269308 0.411248
1745 0.263814 0.467663
1746 0.258155 0.45401
1747 0.262129 0.605598
1748 0.25995 0.485877
1749 0.25667 0.465574
1750 0.256188 0.446396
1751 0.250972 0.447497
1752 0.249404 0.56531
1753 0.24808 0.388598
1754 0.24556 0.457823
1755 0.242958 0.468928
1756 0.24255 0.408055
1757 0.240505 0.460891
1758 0.2386 0.442779
1759 0.23806 0.386106
1760 0.236206 0.537542
1761 0.233142 0.39071
1762 0.231167 0.365521
1763 0.226299 0.411433
1764 0.222439 0.435541
1765 0.219673 0.362354
1766 0.214986 0.361696
1767 0.210092 0.401393
1768 0.20736 0.344649
1769 0.204131 0.423694
1770 0.201549 0.413184
1771 0.19687 0.314393
1772 0.195079 0.377018
1773 0.196987 0.412671
1774 0.196772 0.373683
1775 0.195522 0.375016
1776 0.19328 0.37016
1777 0.19288 0.344994
1778 0.192003 0.40363
1779 0.190102 0.410343
1780 0.190416 0.364756
1781 0.189738 0.415006
1782 0.189103 0.416021
1783 0.188915 0.347295
1784 0.188166 0.446968
1785 0.183703 0.488722
1786 0.184447 0.327293
1787 0.183154 0.3991
1788 0.181736 0.394206
1789 0.18163 0.344865
1790 0.18105 0.414383
1791 0.179004 0.392638
1792 0.178126 0.336898
1793 0.175387 0.386772
1794 0.172977 0.384064
1795 0.172836 0.353004
1796 0.170916 0.392156
1797 0.17284 0.410743
1798 0.173561 0.309933
1799 0.176629 0.426151
1800 0.179741 0.374428
1801 0.179467 0.349724
1802 0.17891 0.402043
1803 0.182214 0.422201
1804 0.183138 0.337047
1805 0.184291 0.401839
1806 0.186418 0.393022
1807 0.18819 0.35001
1808 0.190392 0.404277
1809 0.192971 0.403368
1810 0.193531 0.540771
1811 0.196889 0.361186
1812 0.199672 0.393653
1813 0.201886 0.351613
1814 0.204061 0.407416
1815 0.204644 0.427848
1816 0.205299 0.339198
1817 0.206118 0.422272
1818 0.207384 0.412949
1819 0.206878 0.339939
1820 0.206984 0.418686
1821 0.210362 0.420359
1822 0.211161 0.368283
1823 0.214512 0.395769
1824 0.218811 0.403137
1825 0.218811 0.357276
1826 0.222298 0.372253
1827 0.225065 0.389029
1828 0.227961 0.323045
1829 0.232036 0.403579
1830 0.233204 0.377069
1831 0.234948 0.34898
1832 0.238812 0.393061
1833 0.240669 0.369933
1834 0.242786 0.354027
1835 0.245685 0.552601
1836 0.248468 0.349219
1837 0.248107 0.296657
1838 0.248636 0.351354
1839 0.249984 0.337662
1840 0.249781 0.298463
1841 0.24654 0.356625
1842 0.242778 0.325589
1843 0.240485 0.298973
1844 0.235093 0.33006
1845 0.226237 0.298726
1846 0.224658 0.287071
1847 0.221718 0.292252
1848 0.216844 0.28492
1849 0.214837 0.255619
1850 0.210809 0.283811
1851 0.204789 0.271753
1852 0.20156 0.282776
1853 0.19243 0.27615
1854 0.182723 0.273085
1855 0.179874 0.23603
1856 0.177731 0.302421
1857 0.177068 0.272744
1858 0.17719 0.245756
1859 0.17786 0.253198
1860 0.175125 0.429455
1861 0.173251 0.216138
1862 0.171657 0.270248
1863 0.168733 0.278658
1864 0.167507 0.23688
1865 0.166108 0.288549
1866 0.167507 0.279242
1867 0.168545 0.239725
1868 0.171817 0.281409
1869 0.177719 0.271726
1870 0.181402 0.20854
1871 0.18723 0.254138
1872 0.188958 0.240195
1873 0.189785 0.224955
1874 0.192994 0.234901
1875 0.195604 0.253452
1876 0.196419 0.226311
1877 0.198939 0.261274
1878 0.200589 0.253327
1879 0.202775 0.237781
1880 0.207913 0.276832
1881 0.2114 0.272004
1882 0.215789 0.343775
1883 0.221405 0.368844
1884 0.226695 0.350206
1885 0.238334 0.492711
1886 0.242037 0.329449
1887 0.248691 0.295242
1888 0.252594 0.272121
1889 0.25812 0.334903
1890 0.264292 0.332497
1891 0.268328 0.284567
1892 0.272215 0.332595
1893 0.280304 0.312629
1894 0.283207 0.288521
1895 0.288506 0.315506
1896 0.293964 0.334394
1897 0.297762 0.366916
1898 0.298212 0.382728
1899 0.299 0.362582
1900 0.302738 0.344387
1901 0.300544 0.335037
1902 0.29378 0.338203
1903 0.292561 0.336471
1904 0.293259 0.358929
1905 0.291072 0.33345
1906 0.288353 0.348862
1907 0.291919 0.397693
1908 0.29072 0.397619
1909 0.290974 0.362844
1910 0.28242 0.45658
1911 0.27296 0.392826
1912 0.268175 0.373797
1913 0.259213 0.434722
1914 0.247077 0.432535
1915 0.242837 0.368315
1916 0.231735 0.458116
1917 0.222753 0.428585
1918 0.218768 0.382845
1919 0.214481 0.457098
1920 0.209312 0.430862
1921 0.206126 0.398528
1922 0.199194 0.44993
1923 0.193335 0.444977
1924 0.19214 0.518018
1925 0.189965 0.506615
1926 0.184432 0.437226
1927 0.181779 0.4072
1928 0.174603 0.474595
1929 0.166903 0.445506
1930 0.164046 0.373891
1931 0.157749 0.432218
1932 0.157812 0.595637
1933 0.156848 0.366183
1934 0.152396 0.442061
1935 0.154347 0.6175
1936 0.153172 0.299059
1937 0.149183 0.35003
1938 0.14294 0.34715
1939 0.140499 0.304925
1940 0.139731 0.353427
1941 0.138089 0.353478
1942 0.135933 0.239212
1943 0.133284 0.259017
1944 0.132207 0.277729
1945 0.131615 0.22771
1946 0.130435 0.301782
1947 0.129475 0.27691
1948 0.128319 0.226296
1949 0.126223 0.302429
1950 0.122715 0.258139
1951 0.1221 0.24197
1952 0.119094 0.251442
1953 0.116175 0.256223
1954 0.115301 0.228216
1955 0.111872 0.241461
1956 0.106496 0.24458
1957 0.105042 0.217357
1958 0.100966 0.217604
1959 0.0982272 0.214743
1960 0.10139 0.445482
1961 0.0990187 0.227977
1962 0.0940145 0.203786
1963 0.0922119 0.180717
1964 0.0884969 0.210358
1965 0.0838924 0.186418
1966 0.0808358 0.171084
1967 0.077834 0.213415
1968 0.0732178 0.188452
1969 0.071133 0.161554
1970 0.0685858 0.192536
1971 0.0690208 0.243217
1972 0.0691579 0.147031
1973 0.0696987 0.191654
1974 0.070169 0.162459
1975 0.0700397 0.145969
1976 0.0709723 0.191885
1977 0.0710624 0.140969
1978 0.0712231 0.126857
1979 0.0711251 0.118906
1980 0.0707881 0.184494
1981 0.07176 0.164928
1982 0.0727201 0.313691
1983 0.0737899 0.213176
1984 0.0740211 0.143696
1985 0.0982193 0.64669
1986 0.0986269 0.124263
1987 0.0981645 0.0840335
1988 0.098478 0.11514
1989 0.0980351 0.0690012
1990 0.0994851 0.0748048
1991 0.0995517 0.102452
1992 0.0996379 0.0675473
1993 0.100159 0.0620102
1994 0.100241 0.107605
1995 0.100339 0.06935
1996 0.105638 0.208685
1997 0.114463 0.282091
1998 0.12471 0.199597
1999 0.134632 0.169152
2000 0.148685 0.349575
2001 0.161946 0.118036
2002 0.170453 0.0964441
2003 0.19435 0.222769
2004 0.209198 0.141913
2005 0.219712 0.124788
2006 0.232628 0.120901
2007 0.247374 0.139217
2008 0.261012 0.142771
2009 0.267227 0.128311
2010 0.287271 0.361339
2011 0.286593 0.124134
2012 0.275487 0.140648
2013 0.273701 0.161476
2014 0.26167 0.132156
2015 0.259824 0.174505
2016 0.267164 0.186665
2017 0.263406 0.154508
2018 0.269864 0.17679
2019 0.279159 0.186418
2020 0.281272 0.18315
2021 0.284716 0.219845
2022 0.280856 0.220018
2023 0.281961 0.231919
2024 0.277698 0.239549
2025 0.277486 0.27249
2026 0.276937 0.254957
2027 0.278536 0.308499
2028 0.282204 0.330624
2029 0.283576 0.285578
2030 0.286907 0.34347
2031 0.279971 0.353529
2032 0.273066 0.303891
2033 0.259879 0.346511
2034 0.246258 0.370709
2035 0.239263 0.394876
2036 0.221961 0.321
2037 0.209519 0.487009
2038 0.202242 0.288529
2039 0.195314 0.445776
2040 0.187355 0.406707
2041 0.184941 0.511576
2042 0.180454 0.490736
2043 0.173961 0.562453
2044 0.1686 0.387991
2045 0.156906 0.464081
2046 0.144942 0.430301
2047 0.138527 0.305497
2048 0.126991 0.370615
2049 0.115783 0.377085
2050 0.109811 0.295379
2051 0.100774 0.345084
2052 0.0937167 0.351531
2053 0.0937676 0.266612
2054 0.0936266 0.363028
2055 0.0932621 0.31145
2056 0.093266 0.258171
2057 0.0942105 0.320067
2058 0.0944299 0.29927
2059 0.0958367 0.245239
2060 0.102804 0.573057
2061 0.101997 0.221479
2062 0.0998378 0.194248
2063 0.0993518 0.244169
2064 0.0942496 0.247982
2065 0.0935129 0.193535
2066 0.0923843 0.219904
2067 0.0929525 0.239161
2068 0.0950373 0.17112
2069 0.095633 0.204531
2070 0.0931641 0.243342
2071 0.0900448 0.2043
2072 0.0879953 0.221746
2073 0.086228 0.212721
2074 0.084876 0.190756
2075 0.0831087 0.204496
2076 0.082321 0.193237
2077 0.082705 0.190623
2078 0.0833399 0.192575
2079 0.0838023 0.188668
2080 0.0842216 0.148685
2081 0.0858479 0.196392
2082 0.0866277 0.165281
2083 0.0873918 0.121391
2084 0.0871998 0.11996
2085 0.103035 0.495595
2086 0.101664 0.0934071
2087 0.102036 0.102224
2088 0.101272 0.102969
2089 0.101154 0.078559
2090 0.100665 0.0867923
2091 0.101225 0.0720147
2092 0.101468 0.0688836
2093 0.101868 0.0703649
2094 0.101394 0.0456102
2095 0.101903 0.0512415
2096 0.101883 0.0581463
2097 0.103698 0.079425
2098 0.103177 0.055991
2099 0.101303 0.0483886
2100 0.0989365 0.0813178
2101 0.0992539 0.0538513
2102 0.0996301 0.0733079
2103 0.101915 0.0753887
2104 0.102883 0.0478596
2105 0.106484 0.101111
2106 0.109251 0.0824856
2107 0.110591 0.0599332
2108 0.113902 0.0860438
2109 0.118197 0.0992617
2110 0.12415 0.323696
2111 0.123675 0.0978588
2112 0.123534 0.100096
2113 0.122394 0.0942967
2114 0.121332 0.0861692
2115 0.121567 0.106527
2116 0.119957 0.100194
2117 0.121783 0.109572
2118 0.123738 0.112797
2119 0.125506 0.113937
2120 0.131172 0.115046
2121 0.137215 0.126658
2122 0.139652 0.124173
2123 0.14716 0.141572
2124 0.156091 0.15778
2125 0.161068 0.151608
2126 0.169286 0.148152
2127 0.174525 0.170316
2128 0.177684 0.183138
2129 0.184957 0.177123
2130 0.192155 0.213544
2131 0.195153 0.18674
2132 0.200734 0.233945
2133 0.207341 0.273289
2134 0.211526 0.23851
2135 0.21914 0.382344
2136 0.225112 0.264444
2137 0.228118 0.229854
2138 0.230281 0.277223
2139 0.2303 0.286644
2140 0.229458 0.246516
2141 0.229493 0.282906
2142 0.229129 0.280029
2143 0.228318 0.282106
2144 0.22617 0.313268
2145 0.225492 0.289156
2146 0.225622 0.257551
2147 0.224458 0.295975
2148 0.223666 0.291868
2149 0.222969 0.257904
2150 0.220801 0.289787
2151 0.220946 0.497896
2152 0.22099 0.301187
2153 0.222612 0.605598
2154 0.224716 0.569985
2155 0.227996 0.309651
2156 0.234074 0.598494
2157 0.237386 0.523293
2158 0.236371 0.296033
2159 0.238169 0.418831
2160 0.241759 0.622018
2161 0.243158 0.27555
2162 0.245395 0.315717
2163 0.246508 0.322532
2164 0.246591 0.261404
2165 0.245827 0.333602
2166 0.24509 0.32399
2167 0.244212 0.253272
2168 0.241504 0.322023
2169 0.238561 0.297425
2170 0.237621 0.254632
2171 0.234556 0.291809
2172 0.229462 0.275056
2173 0.225849 0.227338
2174 0.217275 0.296943
2175 0.209559 0.403015
2176 0.20584 0.316458
2177 0.197775 0.378472
2178 0.190126 0.343822
2179 0.188503 0.449052
2180 0.181587 0.499138
2181 0.174886 0.392807
2182 0.171037 0.254162
2183 0.162326 0.311552
2184 0.157126 0.506591
2185 0.168733 0.671155
2186 0.160907 0.244004
2187 0.1553 0.260808
2188 0.152564 0.189499
2189 0.14736 0.239992
2190 0.142282 0.221675
2191 0.141145 0.176496
2192 0.135706 0.195349
2193 0.131317 0.23237
2194 0.13107 0.163059
2195 0.126752 0.175983
2196 0.123362 0.207372
2197 0.12375 0.172805
2198 0.122461 0.152619
2199 0.122931 0.178679
2200 0.123213 0.139868
2201 0.120682 0.176853
2202 0.119004 0.135671
2203 0.119302 0.135385
2204 0.119286 0.141666
2205 0.120333 0.133147
2206 0.120595 0.0857538
2207 0.120595 0.109878
2208 0.119886 0.0826619
2209 0.12094 0.0570961
2210 0.176277 0.559334
2211 0.175183 0.115289
2212 0.176175 0.0816509
2213 0.176974 0.07089
2214 0.177687 0.0804204
2215 0.178851 0.0599215
2216 0.180352 0.0800912
2217 0.181438 0.0610422
2218 0.18219 0.0478674
2219 0.183221 0.0395558
2220 0.187794 0.0640205
2221 0.186736 0.0453006
2222 0.188621 0.0626372
2223 0.188879 0.0533615
2224 0.186512 0.0393559
2225 0.188899 0.0338932
2226 0.192379 0.0511278
2227 0.19406 0.0645613
2228 0.192712 0.0474481
2229 0.192959 0.0462803
2230 0.192861 0.0318907
2231 0.193601 0.0373926
2232 0.193919 0.0298255
2233 0.194401 0.0269296
2234 0.195259 0.0228854
2235 0.181955 0.334986
2236 0.181916 0.0626763
2237 0.180532 0.0504381
2238 0.18134 0.0557402
2239 0.181759 0.0501129
2240 0.182284 0.0650785
2241 0.182762 0.040367
2242 0.18404 0.0391678
2243 0.180572 0.0412252
2244 0.179937 0.0382743
2245 0.182433 0.0544
2246 0.181665 0.0508966
2247 0.182214 0.0474991
2248 0.181496 0.0398849
2249 0.180713 0.0307033
2250 0.176367 0.23746
2251 0.17884 0.0625235
2252 0.176739 0.0418404
2253 0.176288 0.0371105
2254 0.175881 0.0327763
2255 0.176202 0.051939
2256 0.17514 0.0385643
2257 0.175485 0.038192
2258 0.173671 0.0249624
2259 0.174631 0.0337678
2260 0.160065 0.297683
