1 2.26111e-07 1022
2 1.8092e-05 552
3 1.79065e-05 373
4 1.50585e-05 291
5 1.57238e-05 249
6 1.60097e-05 255
7 1.27386e-05 193
8 1.08982e-05 179
9 1.29061e-05 165
10 1.3697e-05 143
11 9.48862e-06 133
12 1.02658e-05 140
13 1.18256e-05 127
14 1.01826e-05 102
15 1.38934e-05 97
16 7.53509e-06 92
17 9.19873e-06 110
18 9.6323e-06 87
19 8.87889e-06 78
20 7.35186e-06 76
21 5.67031e-06 74
22 5.88248e-06 76
23 6.11262e-06 72
24 4.42972e-06 69
25 3.87378e-06 68
26 5.93909e-06 66
27 6.65973e-06 65
28 5.65559e-06 64
29 4.96185e-06 64
