0 0.123327
1 0.117946
2 0.114968
3 0.112425
4 0.114329
5 0.115152
6 0.117061
7 0.120776
8 0.121622
9 0.125525
10 0.129483
11 0.131199
12 0.133335
13 0.134961
14 0.135659
15 0.136729
16 0.136639
17 0.137219
18 0.139327
19 0.140518
20 0.141467
21 0.143128
22 0.143638
23 0.143822
24 0.142964
25 0.143183
26 0.144927
27 0.148407
28 0.150852
29 0.151824
30 0.153959
31 0.156852
32 0.157529
33 0.158348
34 0.158709
35 0.159273
36 0.160116
37 0.161773
38 0.16173
39 0.161672
40 0.163302
41 0.163788
42 0.164579
43 0.164728
44 0.166307
45 0.166108
46 0.166437
47 0.166503
48 0.166456
49 0.166362
50 0.167287
51 0.16697
52 0.167585
53 0.168549
54 0.169787
55 0.170622
56 0.171026
57 0.173518
58 0.174756
59 0.17525
60 0.174552
61 0.174854
62 0.174772
63 0.175085
64 0.174231
65 0.173663
66 0.172695
67 0.171053
68 0.171014
69 0.169152
70 0.169956
71 0.171147
72 0.172679
73 0.174051
74 0.174521
75 0.176155
76 0.176943
77 0.177429
78 0.179326
79 0.182531
80 0.183899
81 0.187571
82 0.190956
83 0.192892
84 0.195334
85 0.200777
86 0.20301
87 0.207227
88 0.211295
89 0.214018
90 0.219665
91 0.221378
92 0.220629
93 0.225955
94 0.2313
95 0.231676
96 0.233196
97 0.235998
98 0.236574
99 0.238749
100 0.239294
101 0.238675
102 0.238945
103 0.237899
104 0.238306
105 0.236061
106 0.235003
107 0.233357
108 0.232918
109 0.235614
110 0.237358
111 0.24025
112 0.243511
113 0.245219
114 0.248264
115 0.251873
116 0.252375
117 0.252269
118 0.252927
119 0.251031
120 0.252982
121 0.25417
122 0.254742
123 0.256403
124 0.255561
125 0.259538
126 0.256438
127 0.261278
128 0.259076
129 0.263292
130 0.26475
131 0.266212
132 0.267854
133 0.27035
134 0.271714
135 0.273301
136 0.274535
137 0.27664
138 0.278764
139 0.281111
140 0.282475
141 0.282024
142 0.283921
143 0.285316
144 0.284387
145 0.283376
146 0.284117
147 0.283294
148 0.283313
149 0.282941
150 0.282573
151 0.280703
152 0.280068
153 0.280237
154 0.279818
155 0.27921
156 0.273748
157 0.272435
158 0.271396
159 0.269014
160 0.26776
161 0.267532
162 0.26544
163 0.265134
164 0.265769
165 0.268543
166 0.263825
167 0.267274
168 0.264476
169 0.262861
170 0.262904
171 0.262054
172 0.262085
173 0.261921
174 0.261791
175 0.262681
176 0.262806
177 0.262199
178 0.260212
179 0.260961
180 0.26223
181 0.262795
182 0.262579
183 0.262172
184 0.26136
185 0.260945
186 0.259848
187 0.259511
188 0.259726
189 0.259468
190 0.260937
191 0.260929
192 0.260604
193 0.260502
194 0.260957
195 0.261239
196 0.262422
197 0.261987
198 0.262085
199 0.263108
200 0.263273
201 0.263759
202 0.263484
203 0.263245
204 0.2635
205 0.261407
206 0.261082
207 0.260079
208 0.259946
209 0.25975
210 0.259738
211 0.259793
212 0.259428
213 0.258899
214 0.258562
215 0.258578
216 0.258147
217 0.258237
218 0.258359
219 0.259268
220 0.259201
221 0.258798
222 0.258911
223 0.258664
224 0.258754
225 0.258363
226 0.258723
227 0.258555
228 0.258084
229 0.258276
230 0.258472
231 0.258801
232 0.259084
233 0.259468
234 0.259644
235 0.259146
236 0.258907
237 0.258284
238 0.257606
239 0.256493
240 0.256964
241 0.259852
242 0.259918
243 0.260165
244 0.257011
245 0.25761
246 0.258163
247 0.257516
248 0.256258
249 0.255377
250 0.256654
251 0.257967
252 0.256039
253 0.255553
254 0.255572
255 0.256356
256 0.256529
257 0.25676
258 0.256909
259 0.256995
260 0.257093
261 0.256309
262 0.256544
263 0.257418
264 0.257704
265 0.257473
266 0.257324
267 0.257246
268 0.258778
269 0.257826
270 0.257399
271 0.256501
272 0.256991
273 0.257689
274 0.257242
275 0.256787
276 0.255102
277 0.255043
278 0.255067
279 0.256564
280 0.257881
281 0.25888
282 0.261443
283 0.263492
284 0.264887
285 0.26707
286 0.267521
287 0.267474
288 0.268508
289 0.268634
290 0.268759
291 0.267862
292 0.266706
293 0.266204
294 0.265597
295 0.264119
296 0.263128
297 0.261031
298 0.259068
299 0.258547
300 0.256583
301 0.255647
302 0.254554
303 0.253296
304 0.253182
305 0.253029
306 0.253025
307 0.253068
308 0.253139
309 0.253978
310 0.255815
311 0.255349
312 0.255815
313 0.256826
314 0.257716
315 0.257845
316 0.257849
317 0.257892
318 0.257802
319 0.258508
320 0.258931
321 0.258653
322 0.258668
323 0.258566
324 0.259037
325 0.259295
326 0.259029
327 0.258676
328 0.259389
329 0.259283
330 0.259413
331 0.259142
332 0.259142
333 0.25953
334 0.259084
335 0.258907
336 0.259048
337 0.259001
338 0.259417
339 0.259848
340 0.259942
341 0.259958
342 0.259989
343 0.260498
344 0.261474
345 0.262387
346 0.265365
347 0.266231
348 0.267176
349 0.268547
350 0.268152
351 0.268301
352 0.269088
353 0.268692
354 0.268387
355 0.26834
356 0.268022
357 0.26754
358 0.267615
359 0.267819
360 0.268014
361 0.267916
362 0.266177
363 0.268109
364 0.268093
365 0.267807
366 0.267713
367 0.267317
368 0.267031
369 0.263837
370 0.2637
371 0.263367
372 0.263332
373 0.263539
374 0.263398
375 0.262979
376 0.262571
377 0.26234
378 0.261701
379 0.261709
380 0.261643
381 0.261694
382 0.261094
383 0.261752
384 0.263441
385 0.264825
386 0.265569
387 0.266952
388 0.26718
389 0.26879
390 0.270687
391 0.27372
392 0.274574
393 0.277114
394 0.27814
395 0.278121
396 0.279414
397 0.2793
398 0.279626
399 0.28017
400 0.28057
401 0.280711
402 0.281322
403 0.282283
404 0.281667
405 0.282866
406 0.284367
407 0.286115
408 0.293024
409 0.300199
410 0.302981
411 0.3075
412 0.3123
413 0.314338
414 0.317688
415 0.321035
416 0.323806
417 0.329484
418 0.334449
419 0.337466
420 0.342592
421 0.34936
422 0.351527
423 0.358122
424 0.363788
425 0.367421
426 0.373338
427 0.379632
428 0.382461
429 0.388175
430 0.393982
431 0.396581
432 0.402709
433 0.40867
434 0.410018
435 0.412408
436 0.415759
437 0.416292
438 0.418702
439 0.421351
440 0.421896
441 0.424274
442 0.414242
443 0.415512
444 0.418149
445 0.436399
446 0.435874
447 0.438797
448 0.421817
449 0.423083
450 0.42784
451 0.451725
452 0.453191
453 0.456384
454 0.431261
455 0.431634
456 0.433613
457 0.436838
458 0.438425
459 0.441223
460 0.443449
461 0.44433
462 0.446008
463 0.447113
464 0.44781
465 0.450252
466 0.451243
467 0.451992
468 0.452066
469 0.454515
470 0.45484
471 0.455491
472 0.456698
473 0.456749
474 0.458869
475 0.459014
476 0.459535
477 0.459982
478 0.461718
479 0.461244
480 0.462313
481 0.463489
482 0.46289
483 0.463732
484 0.464002
485 0.463987
486 0.46528
487 0.465198
488 0.466017
489 0.465597
490 0.465664
491 0.465934
492 0.467161
493 0.467353
494 0.466217
495 0.468148
496 0.46615
497 0.468689
498 0.469203
499 0.466722
500 0.46751
501 0.470366
502 0.474575
503 0.476687
504 0.481413
505 0.487068
506 0.489776
507 0.495521
508 0.500074
509 0.502155
510 0.511172
511 0.508421
512 0.510314
513 0.513743
514 0.516204
515 0.518112
516 0.5212
517 0.52363
518 0.52517
519 0.549901
520 0.551665
521 0.554169
522 0.556148
523 0.558507
524 0.559298
525 0.560309
526 0.561822
527 0.5627
528 0.563405
529 0.564087
530 0.565486
531 0.565839
532 0.56522
533 0.566019
534 0.566046
535 0.567743
536 0.56848
537 0.568974
538 0.579523
539 0.579296
540 0.578234
541 0.577869
542 0.577219
543 0.576682
544 0.583273
545 0.583986
546 0.58294
547 0.582341
548 0.581369
549 0.580373
550 0.579068
551 0.581455
552 0.580479
553 0.577086
554 0.576831
555 0.576835
556 0.576451
557 0.576098
558 0.577666
559 0.574284
560 0.574523
561 0.567163
562 0.573982
563 0.572959
564 0.56518
565 0.561716
566 0.570894
567 0.573343
568 0.565811
569 0.560854
570 0.559055
571 0.558856
572 0.559326
573 0.560717
574 0.563346
575 0.564659
576 0.565478
577 0.567293
578 0.567673
579 0.570365
580 0.57301
581 0.57386
582 0.57524
583 0.587568
584 0.588203
585 0.58885
586 0.590958
587 0.593352
588 0.594473
589 0.59122
590 0.593105
591 0.59367
592 0.590656
593 0.59093
594 0.59702
595 0.59936
596 0.602103
597 0.605833
598 0.610943
599 0.61324
600 0.616567
601 0.621889
602 0.623585
603 0.627696
604 0.633727
605 0.636227
606 0.644543
607 0.650562
608 0.653912
609 0.658235
610 0.662248
611 0.665053
612 0.666315
613 0.669995
614 0.673502
615 0.677252
616 0.678699
617 0.679298
618 0.680932
619 0.70256
620 0.701819
621 0.701988
622 0.701921
623 0.701631
624 0.701502
625 0.700408
626 0.700138
627 0.699197
628 0.698943
629 0.699029
630 0.699421
631 0.699989
632 0.699899
633 0.699342
634 0.694542
635 0.693993
636 0.693096
637 0.692128
638 0.691803
639 0.692093
640 0.691348
641 0.691815
642 0.691195
643 0.690882
644 0.689941
645 0.689334
646 0.689111
647 0.689048
648 0.68953
649 0.690717
650 0.690945
651 0.691611
652 0.692395
653 0.6927
654 0.693319
655 0.694663
656 0.694977
657 0.695326
658 0.695765
659 0.695819
660 0.696215
661 0.696881
662 0.696968
663 0.698327
664 0.698786
665 0.698469
666 0.698915
667 0.699131
668 0.699507
669 0.697881
670 0.696141
671 0.696474
672 0.695573
673 0.695584
674 0.69714
675 0.698261
676 0.6983
677 0.698128
678 0.698085
679 0.698574
680 0.69928
681 0.699487
682 0.700103
683 0.700381
684 0.700291
685 0.70082
686 0.700867
687 0.701188
688 0.701713
689 0.702238
690 0.701796
691 0.700902
692 0.701529
693 0.70189
694 0.704923
695 0.704962
696 0.704715
697 0.704527
698 0.704688
699 0.70426
700 0.703633
701 0.704472
702 0.705025
703 0.704754
704 0.704927
705 0.705467
706 0.705287
707 0.705013
708 0.705738
709 0.706388
710 0.707717
711 0.708234
712 0.708226
713 0.707184
714 0.70843
715 0.709649
716 0.709472
717 0.7124
718 0.709821
719 0.716765
720 0.71635
721 0.716338
722 0.715358
723 0.715805
724 0.715915
725 0.71595
726 0.721585
727 0.722189
728 0.722185
729 0.721754
730 0.721397
731 0.722561
732 0.725684
733 0.72519
734 0.725524
735 0.724861
736 0.726691
737 0.72791
738 0.728662
739 0.728615
740 0.72936
741 0.729141
742 0.729043
743 0.729082
744 0.725253
745 0.727981
746 0.730598
747 0.731703
748 0.731978
749 0.731394
750 0.739075
751 0.740207
752 0.741108
753 0.741046
754 0.741775
755 0.741861
756 0.740877
757 0.738663
758 0.737801
759 0.740137
760 0.742884
761 0.743887
762 0.74304
763 0.743138
764 0.742155
765 0.739733
766 0.742057
767 0.744004
768 0.749291
769 0.759158
770 0.758919
771 0.757661
772 0.75522
773 0.755114
774 0.756035
775 0.756207
776 0.756376
777 0.75571
778 0.752477
779 0.752253
780 0.751963
781 0.754409
782 0.755694
783 0.755984
784 0.755694
785 0.754605
786 0.752998
787 0.752841
788 0.75299
789 0.75504
790 0.757924
791 0.758656
792 0.76821
793 0.766231
794 0.766302
795 0.765667
796 0.766435
797 0.76667
798 0.767956
799 0.767834
800 0.766764
801 0.766733
802 0.765683
803 0.764429
804 0.764401
805 0.763986
806 0.763136
807 0.763335
808 0.763618
809 0.76419
810 0.765769
811 0.766921
812 0.773814
813 0.780237
814 0.781448
815 0.784939
816 0.785676
817 0.787839
818 0.788984
819 0.798596
820 0.797977
821 0.798259
822 0.800481
823 0.808601
824 0.808793
825 0.811501
826 0.817042
827 0.818888
828 0.821215
829 0.823437
830 0.825506
831 0.826443
832 0.828512
833 0.829484
834 0.830115
835 0.83024
836 0.830993
837 0.828802
838 0.82917
839 0.829547
840 0.829656
841 0.829578
842 0.829151
843 0.82939
844 0.839763
845 0.839249
846 0.83952
847 0.837153
848 0.83709
849 0.837059
850 0.835785
851 0.835934
852 0.83653
853 0.836267
854 0.835848
855 0.834425
856 0.834343
857 0.83653
858 0.834982
859 0.836326
860 0.835331
861 0.835852
862 0.834241
863 0.833849
864 0.83495
865 0.834312
866 0.832544
867 0.833026
868 0.832787
869 0.834896
870 0.835515
871 0.834923
872 0.834978
873 0.834845
874 0.835237
875 0.833994
876 0.831043
877 0.830667
878 0.828802
879 0.854227
880 0.853811
881 0.854191
882 0.853392
883 0.853839
884 0.853145
885 0.852761
886 0.852491
887 0.852691
888 0.849403
889 0.849865
890 0.850183
891 0.847745
892 0.847651
893 0.844289
894 0.842153
895 0.837886
896 0.837415
897 0.837118
898 0.838975
899 0.838344
900 0.838791
901 0.838901
902 0.839531
903 0.839234
904 0.839218
905 0.837376
906 0.838466
907 0.838277
908 0.838293
909 0.838152
910 0.838277
911 0.835436
912 0.832376
913 0.833038
914 0.83229
915 0.834974
916 0.834829
917 0.834743
918 0.833649
919 0.833908
920 0.83412
921 0.835534
922 0.834837
923 0.836361
924 0.835903
925 0.835962
926 0.836318
927 0.836494
928 0.838046
929 0.839849
930 0.840249
931 0.839704
932 0.839955
933 0.840821
934 0.842404
935 0.843525
936 0.841981
937 0.842188
938 0.844187
939 0.844293
940 0.841789
941 0.843121
942 0.839888
943 0.841522
944 0.841087
945 0.842459
946 0.842235
947 0.844438
948 0.843725
949 0.845018
950 0.838564
951 0.83758
952 0.838105
953 0.837811
954 0.851852
955 0.860505
956 0.851064
957 0.849226
958 0.848564
959 0.848172
960 0.846573
961 0.84452
962 0.840644
963 0.841209
964 0.839825
965 0.840092
966 0.839653
967 0.838466
968 0.837631
969 0.836134
970 0.835248
971 0.831702
972 0.833371
973 0.833414
974 0.832975
975 0.832827
976 0.833802
977 0.832482
978 0.833062
979 0.829366
980 0.83024
981 0.826161
982 0.826541
983 0.827203
984 0.826576
985 0.825804
986 0.826114
987 0.825412
988 0.826588
989 0.825146
990 0.827642
991 0.827215
992 0.827285
993 0.827783
994 0.82774
995 0.827074
996 0.82656
997 0.826686
998 0.829045
999 0.8262
1000 0.823954
1001 0.823782
1002 0.823904
1003 0.82397
1004 0.831584
1005 0.833058
1006 0.833019
1007 0.83312
1008 0.831341
1009 0.829829
1010 0.82303
1011 0.822571
1012 0.824002
1013 0.825875
1014 0.82589
1015 0.823598
1016 0.822881
1017 0.823457
1018 0.8235
1019 0.823253
1020 0.824045
1021 0.822595
1022 0.823061
1023 0.823339
1024 0.82214
1025 0.82216
1026 0.821023
1027 0.820847
1028 0.822246
1029 0.819934
1030 0.82024
1031 0.820024
1032 0.820392
1033 0.820396
1034 0.819961
1035 0.823692
1036 0.823445
1037 0.824021
1038 0.824178
1039 0.823829
1040 0.823986
1041 0.823257
1042 0.823472
1043 0.823065
1044 0.822845
1045 0.822908
1046 0.822638
1047 0.822289
1048 0.822156
1049 0.821686
1050 0.822477
1051 0.822344
1052 0.821541
1053 0.821748
1054 0.822101
1055 0.821591
1056 0.82236
1057 0.824773
1058 0.825158
1059 0.824993
1060 0.825761
1061 0.82564
1062 0.82582
1063 0.824875
1064 0.824993
1065 0.82417
1066 0.824158
1067 0.824131
1068 0.823539
1069 0.823292
1070 0.823657
1071 0.821086
1072 0.820792
1073 0.819319
1074 0.818535
1075 0.818261
1076 0.819295
1077 0.819903
1078 0.820404
1079 0.820153
1080 0.820655
1081 0.821082
1082 0.821537
1083 0.822164
1084 0.823163
1085 0.830013
1086 0.829974
1087 0.828778
1088 0.828003
1089 0.827168
1090 0.827783
1091 0.831333
1092 0.831694
1093 0.833704
1094 0.834249
1095 0.831043
1096 0.831478
1097 0.832666
1098 0.832094
1099 0.832458
1100 0.83102
1101 0.827967
1102 0.827897
1103 0.825118
1104 0.828583
1105 0.828038
1106 0.828767
1107 0.829139
1108 0.828508
1109 0.82689
1110 0.82937
1111 0.831659
1112 0.832403
1113 0.831894
1114 0.830287
1115 0.830593
1116 0.830848
1117 0.830859
1118 0.829872
1119 0.829378
1120 0.829104
1121 0.827309
1122 0.826937
1123 0.827568
1124 0.827383
1125 0.827662
1126 0.828281
1127 0.828794
1128 0.830048
1129 0.833003
1130 0.837302
1131 0.835711
1132 0.837376
1133 0.839653
1134 0.839481
1135 0.847142
1136 0.848646
1137 0.848204
1138 0.847722
1139 0.848835
1140 0.852412
1141 0.849865
1142 0.849293
1143 0.84501
1144 0.844434
1145 0.845896
1146 0.838834
1147 0.838387
1148 0.83836
1149 0.831333
1150 0.830934
1151 0.828296
1152 0.826247
1153 0.825487
1154 0.821117
1155 0.82283
1156 0.820455
1157 0.820682
1158 0.821388
1159 0.821787
1160 0.816513
1161 0.816086
1162 0.813633
1163 0.813006
1164 0.810968
1165 0.811297
1166 0.816611
1167 0.815086
1168 0.817571
1169 0.816615
1170 0.817974
1171 0.817281
1172 0.817916
1173 0.817485
1174 0.816979
1175 0.815063
1176 0.815478
1177 0.814855
1178 0.816838
1179 0.816419
1180 0.816701
1181 0.81877
1182 0.822183
1183 0.824879
1184 0.824064
1185 0.837255
1186 0.842729
1187 0.841275
1188 0.842208
1189 0.839187
1190 0.838505
1191 0.837243
1192 0.836538
1193 0.837886
1194 0.839167
1195 0.839136
1196 0.843192
1197 0.845402
1198 0.846287
1199 0.849407
1200 0.852992
1201 0.855144
1202 0.850163
1203 0.855814
1204 0.852483
1205 0.841918
1206 0.838466
1207 0.838689
1208 0.836988
1209 0.841475
1210 0.840307
1211 0.835311
1212 0.843141
1213 0.841859
1214 0.840899
1215 0.842772
1216 0.842467
1217 0.841162
1218 0.843905
1219 0.844939
1220 0.847706
1221 0.846914
1222 0.84653
1223 0.848548
1224 0.848882
1225 0.8478
1226 0.85213
1227 0.850351
1228 0.850716
1229 0.849199
1230 0.848482
1231 0.848556
1232 0.839543
1233 0.847667
1234 0.847851
1235 0.836933
1236 0.83624
1237 0.838164
1238 0.836886
1239 0.835911
1240 0.836824
1241 0.836545
1242 0.838254
1243 0.838407
1244 0.840809
1245 0.839896
1246 0.84365
1247 0.844528
1248 0.84133
1249 0.840864
1250 0.841832
1251 0.840417
1252 0.840813
1253 0.841753
1254 0.842725
1255 0.840942
1256 0.841471
1257 0.841812
1258 0.839265
1259 0.839767
1260 0.840778
1261 0.840558
1262 0.842521
1263 0.845719
1264 0.844489
1265 0.847663
1266 0.841409
1267 0.840813
1268 0.841769
1269 0.837976
1270 0.838074
1271 0.839316
1272 0.836444
1273 0.83633
1274 0.835095
1275 0.832803
1276 0.833567
1277 0.831651
1278 0.82832
1279 0.828547
1280 0.828191
1281 0.82785
1282 0.826937
1283 0.826423
1284 0.825792
1285 0.837298
1286 0.836522
1287 0.836976
1288 0.83593
1289 0.835879
1290 0.835358
1291 0.833473
1292 0.832795
1293 0.834519
1294 0.834351
1295 0.833642
1296 0.829323
1297 0.828277
1298 0.828978
1299 0.829554
1300 0.829754
1301 0.831443
1302 0.834296
1303 0.833167
1304 0.834468
1305 0.834539
1306 0.832392
1307 0.830644
1308 0.830471
1309 0.83082
1310 0.829692
1311 0.827889
1312 0.823982
1313 0.82506
1314 0.824358
1315 0.823723
1316 0.821725
1317 0.822023
1318 0.820988
1319 0.820804
1320 0.822238
1321 0.821031
1322 0.817696
1323 0.818092
1324 0.816391
1325 0.814165
1326 0.815192
1327 0.814177
1328 0.815016
1329 0.815976
1330 0.814044
1331 0.812053
1332 0.81241
1333 0.812535
1334 0.812175
1335 0.811787
1336 0.809193
1337 0.807715
1338 0.808135
1339 0.807621
1340 0.807092
1341 0.807555
1342 0.807131
1343 0.806931
1344 0.807276
1345 0.806371
1346 0.806689
1347 0.806473
1348 0.806395
1349 0.806747
1350 0.807453
1351 0.807727
1352 0.806849
1353 0.8069
1354 0.806453
1355 0.806238
1356 0.806606
1357 0.807703
1358 0.807511
1359 0.807758
1360 0.815122
1361 0.815576
1362 0.815698
1363 0.816383
1364 0.816454
1365 0.816286
1366 0.81638
1367 0.81721
1368 0.818253
1369 0.818029
1370 0.818378
1371 0.818335
1372 0.81837
1373 0.819714
1374 0.81946
1375 0.81971
1376 0.818907
1377 0.817167
1378 0.81721
1379 0.817947
1380 0.816407
1381 0.816434
1382 0.816289
1383 0.817003
1384 0.817543
1385 0.808526
1386 0.808738
1387 0.80951
1388 0.810611
1389 0.810568
1390 0.81152
1391 0.811465
1392 0.811795
1393 0.811548
1394 0.812504
1395 0.813056
1396 0.815341
1397 0.81576
1398 0.816242
1399 0.815533
1400 0.815721
1401 0.81638
1402 0.818327
1403 0.818891
1404 0.818813
1405 0.819272
1406 0.819613
1407 0.820396
1408 0.821172
1409 0.821333
1410 0.82756
1411 0.827313
1412 0.827407
1413 0.827477
1414 0.826717
1415 0.827732
1416 0.827681
1417 0.828198
1418 0.828195
1419 0.830765
1420 0.831847
1421 0.832031
1422 0.831482
1423 0.831369
1424 0.832066
1425 0.832337
1426 0.831177
1427 0.831843
1428 0.834766
1429 0.835864
1430 0.837603
1431 0.837529
1432 0.837933
1433 0.83923
1434 0.839974
1435 0.845707
1436 0.846856
1437 0.846483
1438 0.848333
1439 0.850543
1440 0.849955
1441 0.851241
1442 0.85242
1443 0.852718
1444 0.851672
1445 0.853604
1446 0.854858
1447 0.85619
1448 0.858769
1449 0.861876
1450 0.863205
1451 0.865591
1452 0.865924
1453 0.865109
1454 0.871559
1455 0.874079
1456 0.875917
1457 0.868824
1458 0.881787
1459 0.884099
1460 0.88183
1461 0.884291
1462 0.886451
1463 0.889158
1464 0.891051
1465 0.894519
1466 0.897505
1467 0.899527
1468 0.904195
1469 0.903144
1470 0.909669
1471 0.909712
1472 0.912894
1473 0.918216
1474 0.9182
1475 0.921617
1476 0.930822
1477 0.925791
1478 0.927037
1479 0.928518
1480 0.92775
1481 0.928334
1482 0.92697
1483 0.930513
1484 0.933327
1485 0.947015
1486 0.951031
1487 0.949436
1488 0.944961
1489 0.939996
1490 0.942202
1491 0.940659
1492 0.937864
1493 0.940149
1494 0.941623
1495 0.941795
1496 0.949209
1497 0.952763
1498 0.954472
1499 0.951698
1500 0.952121
1501 0.95276
1502 0.952399
1503 0.947587
1504 0.946497
1505 0.946678
1506 0.951282
1507 0.949969
1508 0.932566
1509 0.93248
1510 0.93353
1511 0.940345
1512 0.934032
1513 0.941427
1514 0.936066
1515 0.937277
1516 0.941478
1517 0.93826
1518 0.934146
1519 0.927264
1520 0.925885
1521 0.926304
1522 0.937657
1523 0.945016
1524 0.937794
1525 0.938178
1526 0.946392
1527 0.942199
1528 0.926006
1529 0.924886
1530 0.935788
1531 0.932562
1532 0.932268
1533 0.929271
1534 0.92998
1535 0.915296
1536 0.913122
1537 0.909324
1538 0.916868
1539 0.913474
1540 0.913325
1541 0.902506
1542 0.893222
1543 0.892501
1544 0.884256
1545 0.8802
1546 0.870744
1547 0.885831
1548 0.880071
1549 0.87029
1550 0.864506
1551 0.857875
1552 0.856935
1553 0.860802
1554 0.858153
1555 0.858741
1556 0.865238
1557 0.864157
1558 0.855626
1559 0.8615
1560 0.855434
1561 0.862147
1562 0.86485
1563 0.860328
1564 0.854003
1565 0.859141
1566 0.858283
1567 0.858142
1568 0.853917
1569 0.855101
1570 0.859874
1571 0.866677
1572 0.861853
1573 0.871841
1574 0.864337
1575 0.870689
1576 0.874016
1577 0.871285
1578 0.897482
1579 0.898822
1580 0.872198
1581 0.873433
1582 0.877735
1583 0.880753
1584 0.88667
1585 0.871724
1586 0.87647
1587 0.871649
1588 0.872374
1589 0.870156
1590 0.877328
1591 0.875815
1592 0.874134
1593 0.870094
1594 0.870678
1595 0.869768
1596 0.871289
1597 0.878135
1598 0.866504
1599 0.86244
1600 0.864267
1601 0.860599
1602 0.86525
1603 0.866677
1604 0.872864
1605 0.879377
1606 0.878441
1607 0.879589
1608 0.869949
1609 0.867402
1610 0.861747
1611 0.875302
1612 0.874859
1613 0.871669
1614 0.862068
1615 0.86451
1616 0.867833
1617 0.868761
1618 0.863306
1619 0.866618
1620 0.867907
1621 0.868189
1622 0.866963
1623 0.867931
1624 0.867801
1625 0.844171
1626 0.843873
1627 0.844896
1628 0.845974
1629 0.83448
1630 0.833924
1631 0.851542
1632 0.858941
1633 0.866528
1634 0.868812
1635 0.855457
1636 0.861508
1637 0.87221
1638 0.875255
1639 0.878217
1640 0.88357
1641 0.88636
1642 0.883472
1643 0.883649
1644 0.88243
1645 0.8835
1646 0.88174
1647 0.862284
1648 0.857663
1649 0.865462
1650 0.860548
1651 0.858843
1652 0.855661
1653 0.853435
1654 0.857256
1655 0.855195
1656 0.864995
1657 0.867601
1658 0.871191
1659 0.86382
1660 0.866453
1661 0.872433
1662 0.877053
1663 0.861559
1664 0.87067
1665 0.878825
1666 0.883519
1667 0.888308
1668 0.903035
1669 0.899853
1670 0.903963
1671 0.891984
1672 0.885733
1673 0.875815
1674 0.88212
1675 0.885055
1676 0.895409
1677 0.892082
1678 0.883903
1679 0.874154
1680 0.886259
1681 0.890644
1682 0.888531
1683 0.89053
1684 0.885389
1685 0.867417
1686 0.881372
1687 0.897717
1688 0.83756
1689 0.832768
1690 0.831643
1691 0.816995
1692 0.818793
1693 0.818888
1694 0.82265
1695 0.827713
1696 0.825197
1697 0.826611
1698 0.827336
1699 0.82968
1700 0.832231
1701 0.83486
1702 0.834312
1703 0.834124
1704 0.821223
1705 0.824201
1706 0.826192
1707 0.822971
1708 0.82138
1709 0.809945
1710 0.816274
1711 0.813186
1712 0.830334
1713 0.813617
1714 0.813194
1715 0.808487
1716 0.801034
1717 0.802672
1718 0.80556
1719 0.808119
1720 0.81165
1721 0.810925
1722 0.810541
1723 0.810149
1724 0.810372
1725 0.806802
1726 0.810537
1727 0.815333
1728 0.819252
1729 0.82319
1730 0.795066
1731 0.797374
1732 0.793812
1733 0.777941
1734 0.794701
1735 0.748256
1736 0.758621
1737 0.753507
1738 0.723635
1739 0.721895
1740 0.754557
1741 0.754291
1742 0.740956
1743 0.689796
1744 0.711295
1745 0.716487
1746 0.722443
1747 0.704398
1748 0.670465
1749 0.628962
1750 0.65171
1751 0.646232
1752 0.616144
1753 0.613546
1754 0.606327
1755 0.614776
1756 0.601182
1757 0.602393
1758 0.599003
1759 0.595751
1760 0.576274
1761 0.580319
1762 0.58374
1763 0.593599
1764 0.5893
1765 0.581627
1766 0.587357
1767 0.587396
1768 0.59238
1769 0.594512
1770 0.597259
1771 0.604415
1772 0.606268
1773 0.604415
1774 0.602808
1775 0.610144
1776 0.606037
1777 0.602428
1778 0.601068
1779 0.595943
1780 0.594265
1781 0.583704
1782 0.575502
1783 0.573555
1784 0.56165
1785 0.550183
1786 0.546171
1787 0.540469
1788 0.5355
1789 0.530523
1790 0.524645
1791 0.525382
1792 0.523109
1793 0.515875
1794 0.500172
1795 0.495501
1796 0.488158
1797 0.484066
1798 0.482119
1799 0.479399
1800 0.476343
1801 0.471111
1802 0.471644
1803 0.474246
1804 0.473983
1805 0.476703
1806 0.474042
1807 0.472659
1808 0.47494
1809 0.476143
1810 0.467909
1811 0.463136
1812 0.470602
1813 0.471295
1814 0.468235
1815 0.463728
1816 0.461929
1817 0.446564
1818 0.433099
1819 0.432029
1820 0.430732
1821 0.42967
1822 0.429572
1823 0.430654
1824 0.431567
1825 0.432053
1826 0.427707
1827 0.432218
1828 0.428209
1829 0.415292
1830 0.409994
1831 0.408713
1832 0.404594
1833 0.402968
1834 0.399735
1835 0.427292
1836 0.396024
1837 0.424114
1838 0.422319
1839 0.410786
1840 0.408411
1841 0.379373
1842 0.365932
1843 0.362464
1844 0.353251
1845 0.337897
1846 0.332874
1847 0.328602
1848 0.321352
1849 0.319076
1850 0.310188
1851 0.302738
1852 0.299607
1853 0.29427
1854 0.28345
1855 0.280096
1856 0.275143
1857 0.273677
1858 0.273814
1859 0.272094
1860 0.266478
1861 0.263645
1862 0.26198
1863 0.251987
1864 0.248699
1865 0.243577
1866 0.235093
1867 0.232738
1868 0.231743
1869 0.234399
1870 0.2363
1871 0.241418
1872 0.238138
1873 0.23853
1874 0.247504
1875 0.25384
1876 0.253629
1877 0.259311
1878 0.264644
1879 0.276565
1880 0.281389
1881 0.288219
1882 0.291903
1883 0.2938
1884 0.304553
1885 0.312782
1886 0.314005
1887 0.324895
1888 0.333657
1889 0.34151
1890 0.353035
1891 0.355771
1892 0.362025
1893 0.371751
1894 0.386576
1895 0.392419
1896 0.394327
1897 0.397368
1898 0.406381
1899 0.406083
1900 0.427123
1901 0.43279
1902 0.44765
1903 0.457587
1904 0.476562
1905 0.494984
1906 0.507783
1907 0.550062
1908 0.526538
1909 0.530394
1910 0.526118
1911 0.527913
1912 0.529218
1913 0.526346
1914 0.523089
1915 0.518461
1916 0.515761
1917 0.505666
1918 0.549607
1919 0.543812
1920 0.539395
1921 0.494349
1922 0.493832
1923 0.504185
1924 0.52189
1925 0.485873
1926 0.467298
1927 0.46528
1928 0.46943
1929 0.453861
1930 0.462317
1931 0.44357
1932 0.431763
1933 0.438009
1934 0.413686
1935 0.408693
1936 0.407651
1937 0.399045
1938 0.385479
1939 0.378934
1940 0.373574
1941 0.363228
1942 0.371438
1943 0.36717
1944 0.360728
1945 0.359309
1946 0.348525
1947 0.341279
1948 0.336079
1949 0.323143
1950 0.311665
1951 0.308762
1952 0.282941
1953 0.269672
1954 0.265514
1955 0.240521
1956 0.231664
1957 0.223353
1958 0.213038
1959 0.205158
1960 0.196207
1961 0.182911
1962 0.170677
1963 0.167119
1964 0.158623
1965 0.149433
1966 0.147756
1967 0.135777
1968 0.128464
1969 0.124193
1970 0.114576
1971 0.103451
1972 0.098862
1973 0.0901114
1974 0.0815059
1975 0.0776067
1976 0.0695381
1977 0.0656899
1978 0.0634209
1979 0.0598157
1980 0.0578093
1981 0.0574918
1982 0.0585225
1983 0.0582482
1984 0.0578524
1985 0.05739
1986 0.0569432
1987 0.0568884
1988 0.0563593
1989 0.0564338
1990 0.0565082
1991 0.057245
1992 0.0574801
1993 0.0575898
1994 0.0581267
1995 0.0583932
1996 0.0582991
1997 0.0577191
1998 0.0588752
1999 0.0586283
2000 0.0592122
2001 0.0677315
2002 0.0722929
2003 0.084782
2004 0.103451
2005 0.111688
2006 0.129475
2007 0.146929
2008 0.157318
2009 0.177746
2010 0.199389
2011 0.210397
2012 0.232299
2013 0.249769
2014 0.247566
2015 0.261682
2016 0.278587
2017 0.285735
2018 0.30217
2019 0.318413
2020 0.320988
2021 0.329378
2022 0.345382
2023 0.352397
2024 0.360536
2025 0.380569
2026 0.387164
2027 0.403184
2028 0.420814
2029 0.431022
2030 0.449534
2031 0.463211
2032 0.445475
2033 0.440016
2034 0.443676
2035 0.476648
2036 0.47135
2037 0.443507
2038 0.467216
2039 0.453747
2040 0.44442
2041 0.436352
2042 0.422429
2043 0.412252
2044 0.396604
2045 0.395283
2046 0.3837
2047 0.382975
2048 0.362437
2049 0.359059
2050 0.362213
2051 0.347729
2052 0.345974
2053 0.32754
2054 0.320518
2055 0.289971
2056 0.29985
2057 0.264578
2058 0.255024
2059 0.237311
2060 0.213321
2061 0.203712
2062 0.200624
2063 0.185262
2064 0.173988
2065 0.169258
2066 0.161683
2067 0.154101
2068 0.151534
2069 0.139668
2070 0.135189
2071 0.129957
2072 0.12618
2073 0.120744
2074 0.115689
2075 0.108008
2076 0.10358
2077 0.101441
2078 0.095339
2079 0.0885048
2080 0.0856284
2081 0.0795191
2082 0.0736331
2083 0.0719011
2084 0.0670888
2085 0.066889
2086 0.0659563
2087 0.0655958
2088 0.0646984
2089 0.0644084
2090 0.0639343
2091 0.0639695
2092 0.0641028
2093 0.0638872
2094 0.0637618
2095 0.0640518
2096 0.0642478
2097 0.0638049
2098 0.0637971
2099 0.0637462
2100 0.0679588
2101 0.0739349
2102 0.0811806
2103 0.0890651
2104 0.093121
2105 0.101954
2106 0.110387
2107 0.115556
2108 0.125513
2109 0.135965
2110 0.142035
2111 0.15392
2112 0.165735
2113 0.171335
2114 0.184369
2115 0.196615
2116 0.203473
2117 0.21597
2118 0.229681
2119 0.235026
2120 0.247551
2121 0.260871
2122 0.270444
2123 0.287228
2124 0.302503
2125 0.309514
2126 0.326752
2127 0.341036
2128 0.346276
2129 0.357738
2130 0.369698
2131 0.374777
2132 0.381113
2133 0.390499
2134 0.394696
2135 0.398853
2136 0.404022
2137 0.405609
2138 0.399049
2139 0.408642
2140 0.410802
2141 0.40671
2142 0.416386
2143 0.41838
2144 0.417228
2145 0.419078
2146 0.419086
2147 0.413008
2148 0.413012
2149 0.411609
2150 0.401981
2151 0.386184
2152 0.384252
2153 0.368828
2154 0.368299
2155 0.371309
2156 0.3636
2157 0.367954
2158 0.3669
2159 0.370783
2160 0.375106
2161 0.376211
2162 0.370501
2163 0.36996
2164 0.371156
2165 0.365901
2166 0.361602
2167 0.364427
2168 0.356237
2169 0.353541
2170 0.351993
2171 0.349328
2172 0.342322
2173 0.340213
2174 0.330538
2175 0.314522
2176 0.309001
2177 0.298949
2178 0.274308
2179 0.259738
2180 0.247218
2181 0.234999
2182 0.229415
2183 0.21903
2184 0.204499
2185 0.203089
2186 0.18819
2187 0.175489
2188 0.171582
2189 0.161601
2190 0.15222
2191 0.146996
2192 0.134523
2193 0.12451
2194 0.119953
2195 0.110113
2196 0.102996
2197 0.0991951
2198 0.0919219
2199 0.0857107
2200 0.0837396
2201 0.0791233
2202 0.0731668
2203 0.0704002
2204 0.0653411
2205 0.0632328
2206 0.0634993
2207 0.0615477
2208 0.0601958
2209 0.0591808
2210 0.05864
2211 0.0554894
2212 0.054302
2213 0.0515941
2214 0.0490039
2215 0.0474168
2216 0.0466252
2217 0.0457866
2218 0.0451361
2219 0.0459237
2220 0.045669
2221 0.0458336
2222 0.0456847
2223 0.0461471
2224 0.047742
2225 0.0470993
2226 0.0467937
2227 0.0473462
2228 0.0480751
2229 0.0476832
2230 0.0474285
2231 0.0478909
2232 0.0480712
2233 0.0483612
2234 0.0490078
2235 0.0473972
2236 0.0477342
2237 0.0476597
2238 0.0479693
2239 0.0488745
2240 0.0487217
2241 0.048369
2242 0.0485728
2243 0.0480516
2244 0.0486629
2245 0.0491684
2246 0.0495055
2247 0.0493017
2248 0.0486708
2249 0.0500345
2250 0.0498229
2251 0.0501873
2252 0.0507673
2253 0.0512806
2254 0.0517235
2255 0.0529539
2256 0.0522642
2257 0.0528403
2258 0.0526365
2259 0.0535809
2260 0.0520174
2261 0.0526483
2262 0.0544901
2263 0.0548467
2264 0.0549016
2265 0.0550505
2266 0.0557872
2267 0.0598548
2268 0.0689581
2269 0.0727985
2270 0.0766192
2271 0.0882853
2272 0.0940067
2273 0.101045
2274 0.103847
2275 0.109929
2276 0.117692
2277 0.121983
2278 0.124694
2279 0.128245
2280 0.13194
2281 0.133406
2282 0.135008
2283 0.136686
2284 0.137995
2285 0.139347
2286 0.140973
2287 0.141322
2288 0.143308
2289 0.145178
2290 0.146032
2291 0.148638
2292 0.148411
2293 0.148987
2294 0.148195
2295 0.146165
2296 0.147866
2297 0.148583
2298 0.151338
2299 0.152905
2300 0.155488
2301 0.159238
2302 0.160794
2303 0.163737
2304 0.165841
2305 0.168228
2306 0.169105
2307 0.168964
2308 0.169819
2309 0.170548
2310 0.169039
2311 0.167271
2312 0.16269
2313 0.16224
2314 0.159563
2315 0.154641
2316 0.149441
2317 0.146945
2318 0.141467
2319 0.139256
2320 0.138359
2321 0.137536
2322 0.129922
2323 0.126607
2324 0.118471
2325 0.117774
2326 0.116775
2327 0.115027
2328 0.11447
2329 0.112049
2330 0.111919
2331 0.108518
2332 0.107205
2333 0.104791
2334 0.101703
2335 0.0972945
2336 0.0941125
2337 0.0900096
2338 0.0860124
2339 0.0821682
2340 0.0809024
2341 0.0792487
2342 0.0769641
2343 0.0742758
2344 0.0744678
2345 0.0735861
2346 0.0728612
2347 0.0709527
2348 0.0682253
2349 0.0646475
2350 0.0644476
2351 0.0639343
2352 0.0646867
2353 0.0648434
2354 0.0644476
2355 0.0623864
2356 0.0613244
2357 0.0615399
2358 0.0596785
2359 0.059075
2360 0.057774
2361 0.0579112
2362 0.0579739
2363 0.056132
2364 0.0563319
2365 0.0563907
2366 0.057535
2367 0.0581267
2368 0.0577975
2369 0.0602036
2370 0.0598392
2371 0.0605563
2372 0.0611559
2373 0.0620729
2374 0.0615046
2375 0.0613205
2376 0.0606033
2377 0.0600077
2378 0.0613126
2379 0.0591769
2380 0.0587537
2381 0.058499
2382 0.0573743
2383 0.0578485
2384 0.0660582
2385 0.0741112
2386 0.0795975
2387 0.0893591
2388 0.0954919
2389 0.0989521
2390 0.10579
2391 0.108608
2392 0.10938
2393 0.111265
2394 0.113953
2395 0.114533
2396 0.119596
2397 0.118969
2398 0.118319
2399 0.118507
2400 0.119639
2401 0.120156
2402 0.122429
2403 0.124322
2404 0.12598
2405 0.12866
2406 0.12933
2407 0.130298
2408 0.133002
2409 0.13435
2410 0.136278
2411 0.138884
2412 0.141682
2413 0.139268
2414 0.135357
2415 0.127786
2416 0.125349
2417 0.108514
2418 0.10494
2419 0.104105
2420 0.0997711
2421 0.0940576
2422 0.0908286
2423 0.0839865
2424 0.0785512
2425 0.0756082
2426 0.0691658
2427 0.062888
2428 0.0598666
2429 0.0542197
2430 0.0492468
2431 0.047213
2432 0.0440271
2433 0.0487648
2434 0.0526914
2435 0.0613244
2436 0.065588
2437 0.0698359
2438 0.07417
2439 0.0769092
2440 0.078175
2441 0.0807574
2442 0.0828657
2443 0.0836024
2444 0.0858831
2445 0.0862554
2446 0.0876544
2447 0.0892454
2448 0.0910245
2449 0.0905895
2450 0.0933052
2451 0.0937794
2452 0.0944142
2453 0.0948335
2454 0.0944025
2455 0.0934698
2456 0.0939988
2457 0.0953978
2458 0.0978706
2459 0.100837
2460 0.105504
2461 0.105453
2462 0.108055
2463 0.103725
2464 0.102122
2465 0.0968752
2466 0.0898998
2467 0.0877014
2468 0.083669
2469 0.0791272
2470 0.0782337
2471 0.0745776
2472 0.0690521
2473 0.0668537
2474 0.0632367
2475 0.0611833
2476 0.0604152
2477 0.0582168
2478 0.0576408
2479 0.0581463
2480 0.0568374
2481 0.0549917
2482 0.0538513
2483 0.0544705
2484 0.0551641
2485 0.0558499
2486 0.0566493
2487 0.0575624
2488 0.057676
2489 0.058256
2490 0.0589927
2491 0.0593454
2492 0.0598901
2493 0.0607483
2494 0.0603956
2495 0.0615321
2496 0.0617006
2497 0.0619396
2498 0.0623237
2499 0.0631427
2500 0.0634523
2501 0.0637971
2502 0.0645848
2503 0.064475
2504 0.0646083
2505 0.0647337
2506 0.0649688
2507 0.0645848
2508 0.0668341
2509 0.069687
2510 0.075134
2511 0.0812355
2512 0.0858283
2513 0.094089
2514 0.099634
2515 0.103819
2516 0.109689
2517 0.111308
2518 0.111931
2519 0.113491
2520 0.11344
2521 0.114102
2522 0.115274
2523 0.114568
2524 0.114776
2525 0.116351
2526 0.119612
2527 0.118452
2528 0.120552
2529 0.122504
2530 0.123621
2531 0.124424
2532 0.125651
2533 0.126383
2534 0.127594
2535 0.131721
2536 0.131595
2537 0.133707
2538 0.135537
2539 0.136784
2540 0.137426
2541 0.138959
2542 0.139468
2543 0.140518
2544 0.143195
2545 0.143042
2546 0.143626
2547 0.145507
2548 0.146737
2549 0.147015
2550 0.144214
2551 0.142619
2552 0.138465
2553 0.134656
2554 0.128386
2555 0.123178
2556 0.119686
2557 0.116371
2558 0.109192
2559 0.10233
2560 0.0999122
2561 0.0928115
2562 0.0847232
2563 0.0813452
2564 0.0741543
2565 0.0680137
2566 0.0642595
2567 0.0586322
2568 0.053436
2569 0.0511944
2570 0.0471229
2571 0.0443014
2572 0.0440075
2573 0.0429768
2574 0.0418247
2575 0.0415935
2576 0.0416954
2577 0.0416954
2578 0.0417581
2579 0.0417816
2580 0.0416993
2581 0.0416758
2582 0.0416053
2583 0.0416445
2584 0.0416249
2585 0.0415582
2586 0.0415582
2587 0.0415543
2588 0.0415582
2589 0.0415543
2590 0.0415543
2591 0.0415778
2592 0.0416445
2593 0.0417855
2594 0.0418678
2595 0.0418678
2596 0.0418326
2597 0.0419227
2598 0.041809
2599 0.0418404
2600 0.0418326
2601 0.0418522
2602 0.04186
2603 0.0418365
2604 0.0418169
2605 0.0418757
2606 0.0420167
2607 0.0420834
2608 0.0420951
2609 0.042099
2610 0.042099
2611 0.0420834
2612 0.0418678
2613 0.0418286
2614 0.0418326
2615 0.0417738
2616 0.0416601
2617 0.0416562
2618 0.0416601
2619 0.0416405
2620 0.0416954
2621 0.0417307
2622 0.0417659
2623 0.0418051
2624 0.0417581
2625 0.0456964
2626 0.0487531
2627 0.0555638
2628 0.0620258
2629 0.0653293
2630 0.0672652
2631 0.0727162
2632 0.0743503
2633 0.077015
2634 0.0786099
2635 0.0790802
2636 0.0792879
2637 0.0815412
2638 0.0852365
2639 0.0945004
2640 0.105269
2641 0.110536
2642 0.120184
2643 0.134048
2644 0.140103
2645 0.153673
2646 0.163784
2647 0.168957
2648 0.182468
2649 0.190443
2650 0.194887
2651 0.204217
2652 0.211396
2653 0.212466
2654 0.213614
2655 0.222949
2656 0.224023
2657 0.23083
2658 0.234168
2659 0.238369
2660 0.246504
2661 0.250114
2662 0.248562
2663 0.247668
2664 0.245341
2665 0.242417
2666 0.23967
2667 0.235407
2668 0.232111
2669 0.231284
2670 0.233851
2671 0.226887
2672 0.220703
2673 0.227177
2674 0.239333
2675 0.23623
2676 0.241798
2677 0.243534
2678 0.246324
2679 0.24819
2680 0.243236
2681 0.237558
2682 0.232068
2683 0.229654
2684 0.225908
2685 0.220527
2686 0.21892
2687 0.215801
2688 0.213285
2689 0.210389
2690 0.195867
2691 0.200553
2692 0.187884
2693 0.181167
2694 0.183248
2695 0.180862
2696 0.174643
2697 0.168075
2698 0.164818
2699 0.158654
2700 0.152439
2701 0.148814
2702 0.141478
2703 0.135443
2704 0.132285
2705 0.125631
2706 0.119102
2707 0.115521
2708 0.109164
2709 0.103647
2710 0.10251
2711 0.0997359
2712 0.100469
2713 0.100567
2714 0.0970124
2715 0.09722
2716 0.102044
2717 0.101731
2718 0.101793
2719 0.101198
2720 0.101378
2721 0.101691
2722 0.102162
2723 0.102816
2724 0.103917
2725 0.104066
2726 0.104893
2727 0.105837
2728 0.106735
2729 0.111092
2730 0.116057
2731 0.119514
2732 0.125651
2733 0.130941
2734 0.132751
2735 0.136498
2736 0.141396
2737 0.141165
2738 0.146106
2739 0.149273
2740 0.150852
2741 0.150103
2742 0.152513
2743 0.153705
2744 0.153893
2745 0.154163
2746 0.153364
2747 0.154536
2748 0.156338
2749 0.156295
2750 0.158642
2751 0.16222
2752 0.161139
2753 0.163157
2754 0.164493
2755 0.164521
2756 0.166535
2757 0.167123
2758 0.168525
2759 0.168408
2760 0.168612
2761 0.169294
2762 0.169901
2763 0.169247
2764 0.171919
2765 0.17199
2766 0.173553
2767 0.174839
2768 0.175658
2769 0.175497
2770 0.176324
2771 0.176735
2772 0.178491
2773 0.178318
2774 0.178988
2775 0.180109
2776 0.17969
2777 0.180964
2778 0.181837
2779 0.182218
2780 0.184181
2781 0.186238
2782 0.186991
2783 0.1881
2784 0.190404
2785 0.18971
2786 0.191082
2787 0.191191
2788 0.192257
2789 0.193966
2790 0.193754
2791 0.194934
2792 0.19502
2793 0.195526
2794 0.195894
2795 0.195533
2796 0.195964
2797 0.196525
2798 0.194687
2799 0.195753
2800 0.196258
2801 0.196364
2802 0.196595
2803 0.196983
2804 0.196125
2805 0.196631
2806 0.195808
2807 0.19752
2808 0.19772
2809 0.197399
2810 0.196262
2811 0.197693
2812 0.198182
2813 0.199209
2814 0.198919
2815 0.199499
2816 0.199672
2817 0.200914
2818 0.201012
2819 0.201466
2820 0.203563
2821 0.203535
2822 0.202677
2823 0.202199
2824 0.202779
2825 0.202716
2826 0.201964
2827 0.201525
2828 0.200201
2829 0.199707
2830 0.199534
2831 0.19984
2832 0.199448
2833 0.199617
2834 0.199166
2835 0.198163
2836 0.198347
2837 0.199123
2838 0.198492
2839 0.198794
2840 0.199119
2841 0.199734
2842 0.200146
2843 0.199248
2844 0.199327
2845 0.199448
2846 0.199397
2847 0.199484
2848 0.199621
2849 0.199742
2850 0.201063
2851 0.201263
2852 0.203006
2853 0.204731
2854 0.205816
2855 0.2062
2856 0.206627
2857 0.206435
2858 0.204672
2859 0.203308
2860 0.199742
2861 0.199821
2862 0.199566
2863 0.199307
2864 0.200111
2865 0.201749
2866 0.201764
2867 0.203195
2868 0.204378
2869 0.205366
2870 0.206772
2871 0.209845
2872 0.209073
2873 0.206498
2874 0.205989
2875 0.204876
2876 0.202936
2877 0.202376
2878 0.201204
2879 0.20218
2880 0.20408
2881 0.205585
2882 0.20874
2883 0.212231
2884 0.2143
2885 0.216581
2886 0.217886
2887 0.219371
2888 0.22037
2889 0.221785
2890 0.222694
2891 0.222969
2892 0.221327
2893 0.221154
2894 0.218172
2895 0.219269
2896 0.219391
2897 0.219955
2898 0.22039
2899 0.221268
2900 0.22099
2901 0.221244
2902 0.220958
2903 0.219967
2904 0.219257
2905 0.219379
2906 0.220096
2907 0.221405
2908 0.222075
2909 0.221867
2910 0.218611
2911 0.218693
2912 0.219085
2913 0.219704
2914 0.21954
2915 0.219434
2916 0.219018
2917 0.218885
2918 0.218129
2919 0.218325
2920 0.218662
2921 0.219344
2922 0.220037
2923 0.220096
2924 0.220798
2925 0.220065
2926 0.21961
2927 0.220684
2928 0.221366
2929 0.222102
2930 0.224481
2931 0.225837
2932 0.226382
2933 0.22847
2934 0.228564
2935 0.228259
2936 0.226844
2937 0.228004
2938 0.227985
2939 0.229924
2940 0.230728
2941 0.231268
2942 0.231214
2943 0.231566
2944 0.232828
2945 0.235751
2946 0.24259
2947 0.246332
2948 0.251383
2949 0.255173
2950 0.257512
2951 0.262685
2952 0.264335
2953 0.268559
2954 0.272239
2955 0.276918
2956 0.279489
2957 0.284618
2958 0.291257
2959 0.29514
2960 0.300779
2961 0.306861
2962 0.309392
2963 0.315866
2964 0.320729
2965 0.323892
2966 0.330652
2967 0.335914
2968 0.341432
2969 0.348929
2970 0.353408
2971 0.356116
2972 0.361543
2973 0.36795
2974 0.370631
2975 0.374969
2976 0.382289
2977 0.386627
2978 0.390518
2979 0.393622
2980 0.395287
2981 0.400088
2982 0.405437
2983 0.409328
2984 0.412169
2985 0.434769
2986 0.434957
2987 0.434385
2988 0.436485
2989 0.439698
2990 0.446878
2991 0.453296
2992 0.459343
2993 0.468474
2994 0.4678
2995 0.473917
2996 0.478412
2997 0.487366
2998 0.494741
2999 0.504056
3000 0.520072
3001 0.521439
3002 0.529155
3003 0.537463
3004 0.540669
3005 0.544431
3006 0.551241
3007 0.554855
3008 0.56219
3009 0.574977
3010 0.599744
3011 0.607628
3012 0.612456
3013 0.613761
3014 0.629605
3015 0.639676
3016 0.646055
3017 0.658192
3018 0.664164
3019 0.665845
3020 0.671147
3021 0.678969
3022 0.682351
3023 0.688601
3024 0.691572
3025 0.69408
3026 0.697704
3027 0.700538
3028 0.703551
3029 0.709472
3030 0.723784
3031 0.727314
3032 0.73052
3033 0.735932
3034 0.737244
3035 0.778031
3036 0.781424
3037 0.782008
3038 0.774296
3039 0.764558
3040 0.747958
3041 0.744667
3042 0.740391
3043 0.738005
3044 0.735556
3045 0.736092
3046 0.734995
3047 0.734815
3048 0.734447
3049 0.73273
3050 0.732993
3051 0.73108
3052 0.72965
3053 0.742539
3054 0.741285
3055 0.740595
3056 0.737056
3057 0.738193
3058 0.739
3059 0.74228
3060 0.749075
3061 0.752069
3062 0.752065
3063 0.75357
3064 0.750792
3065 0.758355
3066 0.755851
3067 0.756693
3068 0.752735
3069 0.754268
3070 0.757634
3071 0.757383
3072 0.757912
3073 0.758402
3074 0.7633
3075 0.762418
3076 0.762603
3077 0.760283
3078 0.76011
3079 0.759961
3080 0.757054
3081 0.757469
3082 0.762826
3083 0.766851
3084 0.768473
3085 0.780264
3086 0.774578
3087 0.783352
3088 0.78387
3089 0.77932
3090 0.781891
3091 0.782592
3092 0.782224
3093 0.782588
3094 0.782142
3095 0.781005
3096 0.780358
3097 0.780633
3098 0.780637
3099 0.780409
3100 0.780786
3101 0.78229
3102 0.782341
3103 0.781773
3104 0.782486
3105 0.783196
3106 0.783423
3107 0.78298
3108 0.783858
3109 0.783576
3110 0.7855
3111 0.785257
3112 0.785112
3113 0.785774
3114 0.784642
3115 0.785014
3116 0.784465
3117 0.784516
3118 0.783443
3119 0.785343
3120 0.786503
3121 0.786205
3122 0.785476
3123 0.785335
3124 0.785159
3125 0.785179
3126 0.785182
3127 0.784928
3128 0.785034
3129 0.783834
3130 0.78318
3131 0.785508
3132 0.787542
3133 0.785715
3134 0.784924
3135 0.792652
3136 0.790614
3137 0.788799
3138 0.789325
3139 0.789391
3140 0.788666
3141 0.789975
3142 0.789117
3143 0.787671
3144 0.785484
3145 0.785284
3146 0.784011
3147 0.783999
3148 0.78432
3149 0.783313
3150 0.783521
3151 0.78425
3152 0.781757
3153 0.780872
3154 0.780617
3155 0.78001
3156 0.777133
3157 0.775519
3158 0.774841
3159 0.774731
3160 0.776357
3161 0.776369
3162 0.77722
3163 0.776691
3164 0.775727
3165 0.776322
3166 0.776412
3167 0.775969
3168 0.775687
3169 0.774755
3170 0.773963
3171 0.774618
3172 0.773552
3173 0.773744
3174 0.774112
3175 0.773947
3176 0.775907
3177 0.776804
3178 0.77662
3179 0.776883
3180 0.777086
3181 0.774422
3182 0.77564
3183 0.776526
3184 0.777905
3185 0.783247
3186 0.784779
3187 0.783086
3188 0.783697
3189 0.784638
3190 0.782765
3191 0.78461
3192 0.784575
3193 0.784873
3194 0.788894
3195 0.786762
3196 0.785982
3197 0.783725
3198 0.782263
3199 0.782502
3200 0.781017
3201 0.78242
3202 0.781534
3203 0.781573
3204 0.781213
3205 0.78106
3206 0.781899
3207 0.780774
3208 0.78175
3209 0.781542
3210 0.784058
3211 0.784559
3212 0.78434
3213 0.784218
3214 0.784536
3215 0.784595
3216 0.786127
3217 0.785735
3218 0.785841
3219 0.785578
3220 0.78503
3221 0.783427
3222 0.78358
3223 0.783533
3224 0.783572
3225 0.784939
3226 0.785327
3227 0.791253
3228 0.795512
3229 0.795834
3230 0.796053
3231 0.795352
3232 0.795105
3233 0.795003
3234 0.794748
3235 0.791942
3236 0.791825
3237 0.791296
3238 0.790492
3239 0.7911
3240 0.790688
3241 0.790896
3242 0.790253
3243 0.791331
3244 0.791159
3245 0.791335
3246 0.791213
3247 0.791597
3248 0.791523
3249 0.791484
3250 0.791425
3251 0.790539
3252 0.790355
3253 0.790367
3254 0.789509
3255 0.787882
3256 0.788122
3257 0.787722
3258 0.788984
3259 0.789842
3260 0.789955
3261 0.789227
3262 0.790347
3263 0.792381
3264 0.792973
3265 0.791127
3266 0.789779
3267 0.790151
3268 0.789779
3269 0.79063
3270 0.790861
3271 0.791797
3272 0.791582
3273 0.791672
3274 0.791699
3275 0.791174
3276 0.795465
3277 0.795469
3278 0.7957
3279 0.796512
3280 0.796331
3281 0.796457
3282 0.798169
3283 0.798847
3284 0.79969
3285 0.804153
3286 0.804
3287 0.803871
3288 0.802362
3289 0.80043
3290 0.799901
3291 0.801488
3292 0.801692
3293 0.803232
3294 0.803373
3295 0.802554
3296 0.801692
3297 0.802464
3298 0.799929
3299 0.799831
3300 0.798726
3301 0.799972
3302 0.798498
3303 0.798263
3304 0.799862
3305 0.800799
3306 0.800379
3307 0.799842
3308 0.799419
3309 0.79929
3310 0.802644
3311 0.803467
3312 0.803722
3313 0.803879
3314 0.803079
3315 0.80268
3316 0.802221
3317 0.801743
3318 0.801136
3319 0.802158
3320 0.801774
3321 0.797887
3322 0.799051
3323 0.798349
3324 0.797746
3325 0.798812
3326 0.797824
3327 0.798381
3328 0.797907
3329 0.797558
3330 0.796743
3331 0.797272
3332 0.797483
3333 0.797483
3334 0.797284
3335 0.791535
3336 0.791253
3337 0.791641
3338 0.791335
3339 0.790539
3340 0.790394
3341 0.791213
3342 0.790712
3343 0.79023
3344 0.790488
3345 0.789905
3346 0.789544
3347 0.789842
3348 0.789423
3349 0.78965
3350 0.789552
3351 0.789713
3352 0.789336
3353 0.788941
3354 0.788784
3355 0.788709
3356 0.789779
3357 0.790026
3358 0.789818
3359 0.789611
3360 0.791962
3361 0.790994
3362 0.791488
3363 0.790908
3364 0.790453
3365 0.789665
3366 0.788208
3367 0.787534
3368 0.786217
3369 0.785147
3370 0.784457
3371 0.784105
3372 0.783235
3373 0.783262
3374 0.783023
3375 0.782588
3376 0.78229
3377 0.781993
3378 0.782349
3379 0.782432
3380 0.781965
3381 0.782263
3382 0.782012
3383 0.782945
3384 0.782898
3385 0.782036
3386 0.781581
3387 0.781005
3388 0.780707
3389 0.780735
3390 0.780907
3391 0.780703
3392 0.78037
3393 0.779837
3394 0.779967
3395 0.779888
3396 0.779539
3397 0.779473
3398 0.780014
3399 0.780946
3400 0.782192
3401 0.782917
3402 0.782874
3403 0.783282
3404 0.783254
3405 0.783102
3406 0.782886
3407 0.782808
3408 0.782502
3409 0.781808
3410 0.783211
3411 0.782549
3412 0.781577
3413 0.78008
3414 0.779128
3415 0.77883
3416 0.778564
3417 0.780343
3418 0.780558
3419 0.780166
3420 0.780088
3421 0.779759
3422 0.779806
3423 0.77959
3424 0.779657
3425 0.779959
3426 0.779179
3427 0.779097
3428 0.779104
3429 0.779202
3430 0.778928
3431 0.778717
3432 0.780609
3433 0.780739
3434 0.785171
3435 0.796041
3436 0.795344
3437 0.795438
3438 0.795469
3439 0.796986
3440 0.797405
3441 0.798863
3442 0.799117
3443 0.799486
3444 0.799533
3445 0.799376
3446 0.800172
3447 0.800438
3448 0.800317
3449 0.800979
3450 0.802139
3451 0.803456
3452 0.803295
3453 0.804
3454 0.803644
3455 0.803068
3456 0.80342
3457 0.803746
3458 0.80351
3459 0.802966
3460 0.814126
3461 0.813484
3462 0.813111
3463 0.812982
3464 0.8129
3465 0.812606
3466 0.812108
3467 0.812092
3468 0.811732
3469 0.812437
3470 0.811634
3471 0.811779
3472 0.810901
3473 0.810831
3474 0.81045
3475 0.810133
3476 0.810462
3477 0.810227
3478 0.810066
3479 0.810227
3480 0.810106
3481 0.809416
3482 0.809298
3483 0.80933
3484 0.809365
3485 0.821321
3486 0.81995
3487 0.820032
3488 0.819503
3489 0.81859
3490 0.819432
3491 0.82129
3492 0.823049
3493 0.825773
3494 0.828312
3495 0.846154
3496 0.842925
3497 0.828684
3498 0.827376
3499 0.826815
3500 0.830142
3501 0.832881
3502 0.831953
3503 0.833669
3504 0.832756
3505 0.832795
3506 0.832184
3507 0.834512
3508 0.827521
3509 0.826984
3510 0.825185
3511 0.823802
3512 0.824578
3513 0.821999
3514 0.821266
3515 0.821811
3516 0.819648
3517 0.818554
3518 0.818793
3519 0.819268
3520 0.817234
3521 0.816838
3522 0.817038
3523 0.816818
3524 0.816215
3525 0.815388
3526 0.816556
3527 0.816626
3528 0.816724
3529 0.817492
3530 0.817571
3531 0.81696
3532 0.816889
3533 0.81694
3534 0.816638
3535 0.813801
3536 0.813785
3537 0.813143
3538 0.813002
3539 0.81299
3540 0.814812
3541 0.814455
3542 0.815314
3543 0.81511
3544 0.814193
3545 0.814318
3546 0.810838
3547 0.810776
3548 0.810266
3549 0.810113
3550 0.809722
3551 0.809565
3552 0.809553
3553 0.8094
3554 0.809953
3555 0.809506
3556 0.809291
3557 0.809471
3558 0.809765
3559 0.809314
3560 0.811285
3561 0.811183
3562 0.810991
3563 0.81094
3564 0.810842
3565 0.810784
3566 0.810744
3567 0.811458
3568 0.810192
3569 0.807131
3570 0.806665
3571 0.8073
3572 0.808146
3573 0.808107
3574 0.807684
3575 0.807684
3576 0.807233
3577 0.807609
3578 0.808107
3579 0.810113
3580 0.809396
3581 0.809643
3582 0.80882
3583 0.808613
3584 0.808138
3585 0.808201
3586 0.808327
3587 0.808491
3588 0.807943
3589 0.806743
3590 0.806834
3591 0.806771
3592 0.806661
3593 0.807261
3594 0.803064
3595 0.802433
3596 0.802601
3597 0.8015
3598 0.801688
3599 0.801868
3600 0.80132
3601 0.800924
3602 0.801637
3603 0.801614
3604 0.801516
3605 0.801919
3606 0.802088
3607 0.802864
3608 0.803267
3609 0.802123
3610 0.802205
3611 0.802821
3612 0.802017
3613 0.803126
3614 0.803126
3615 0.803318
3616 0.803546
3617 0.803271
3618 0.804243
3619 0.811407
3620 0.810983
3621 0.8119
3622 0.811438
3623 0.812461
3624 0.808954
3625 0.808209
3626 0.807919
3627 0.808131
3628 0.809436
3629 0.811101
3630 0.811971
3631 0.812292
3632 0.812155
3633 0.812053
3634 0.812143
3635 0.812155
3636 0.811983
3637 0.813558
3638 0.816689
3639 0.817857
3640 0.818453
3641 0.818531
3642 0.818841
3643 0.819244
3644 0.822853
3645 0.822571
3646 0.823927
3647 0.820353
3648 0.821341
3649 0.821525
3650 0.821721
3651 0.821364
3652 0.822371
3653 0.824484
3654 0.823132
3655 0.824303
3656 0.824625
3657 0.824966
3658 0.825628
3659 0.826674
3660 0.826623
3661 0.827281
3662 0.826086
3663 0.827513
3664 0.827779
3665 0.827818
3666 0.828367
3667 0.828759
3668 0.829257
3669 0.827266
3670 0.827454
3671 0.827074
3672 0.824237
3673 0.820823
3674 0.821309
3675 0.820674
3676 0.820169
3677 0.820412
3678 0.820345
3679 0.819887
3680 0.819424
3681 0.819511
3682 0.820208
3683 0.819628
3684 0.820216
3685 0.82004
3686 0.820063
3687 0.820306
3688 0.820145
3689 0.819585
3690 0.819291
3691 0.819166
3692 0.818504
3693 0.818296
3694 0.817183
3695 0.816646
3696 0.816913
3697 0.817073
3698 0.816862
3699 0.816528
3700 0.816007
3701 0.815854
3702 0.815737
3703 0.814887
3704 0.814777
3705 0.815184
3706 0.815047
3707 0.814922
3708 0.814115
3709 0.813832
3710 0.812904
3711 0.811857
3712 0.812061
3713 0.81241
3714 0.812774
3715 0.812073
3716 0.812402
3717 0.812061
3718 0.812155
3719 0.809698
3720 0.809616
3721 0.80953
3722 0.808315
3723 0.808491
3724 0.808652
3725 0.807617
3726 0.807723
3727 0.80712
3728 0.806285
3729 0.806641
3730 0.806594
3731 0.807445
3732 0.80721
3733 0.808197
3734 0.809001
3735 0.80924
3736 0.808695
3737 0.808573
3738 0.809173
3739 0.808969
3740 0.808957
3741 0.808566
3742 0.80884
3743 0.80824
3744 0.806638
3745 0.807519
3746 0.806763
3747 0.806645
3748 0.806794
3749 0.806112
3750 0.808115
3751 0.807664
3752 0.808205
3753 0.807884
3754 0.806865
3755 0.807084
3756 0.807167
3757 0.806014
3758 0.80594
3759 0.805787
3760 0.805438
3761 0.805403
3762 0.804917
3763 0.804502
3764 0.804271
3765 0.802539
3766 0.801657
3767 0.80045
3768 0.799729
3769 0.794866
3770 0.794192
3771 0.794576
3772 0.793984
3773 0.79427
3774 0.79338
3775 0.793721
3776 0.792812
3777 0.792812
3778 0.792851
3779 0.792416
3780 0.792632
3781 0.792354
3782 0.792366
3783 0.79188
3784 0.791899
3785 0.792079
3786 0.792264
3787 0.791582
3788 0.792009
3789 0.791817
3790 0.792213
3791 0.792095
3792 0.792052
3793 0.79188
3794 0.793235
3795 0.792965
3796 0.792855
3797 0.793569
3798 0.793114
3799 0.792456
3800 0.791296
3801 0.791562
3802 0.791398
3803 0.793353
3804 0.793357
3805 0.792942
3806 0.792569
3807 0.792315
3808 0.798306
3809 0.805611
3810 0.809812
3811 0.819848
3812 0.826521
3813 0.829919
3814 0.830193
3815 0.864568
3816 0.88312
3817 0.91146
3818 0.918318
3819 0.906044
3820 0.90646
3821 0.907071
3822 0.907498
3823 0.909407
3824 0.909434
3825 0.908901
3826 0.909826
3827 0.921535
3828 0.922013
3829 0.922111
3830 0.944797
3831 0.923008
3832 0.949166
3833 0.927668
3834 0.94973
3835 0.927417
3836 0.927401
3837 0.9273
3838 0.927229
3839 0.949158
3840 0.949217
3841 0.949186
3842 0.927531
3843 0.927452
3844 0.924697
3845 0.924302
3846 0.92467
3847 0.925034
3848 0.925007
3849 0.926046
3850 0.925979
3851 0.925246
3852 0.924995
3853 0.92534
3854 0.925744
3855 0.925646
3856 0.926034
3857 0.947732
3858 0.947583
3859 0.948175
3860 0.947943
3861 0.94763
3862 0.926065
3863 0.925987
3864 0.925211
3865 0.926586
3866 0.926743
3867 0.926833
3868 0.927072
3869 0.926723
3870 0.926406
3871 0.926473
3872 0.949209
3873 0.925399
3874 0.925846
3875 0.92572
3876 0.947665
3877 0.925712
3878 0.926034
3879 0.926206
3880 0.947379
3881 0.947975
3882 0.946874
3883 0.946772
3884 0.947179
3885 0.925885
3886 0.926614
3887 0.941035
3888 0.940431
3889 0.939738
3890 0.939526
3891 0.939424
3892 0.93915
3893 0.938981
3894 0.936799
3895 0.936469
3896 0.935913
3897 0.935329
3898 0.934808
3899 0.934486
3900 0.919486
3901 0.919458
3902 0.918741
3903 0.919168
3904 0.91849
3905 0.916343
3906 0.916993
3907 0.916351
3908 0.915159
3909 0.9157
3910 0.91427
3911 0.911409
3912 0.911856
3913 0.909254
3914 0.905409
3915 0.905108
3916 0.902216
3917 0.901839
3918 0.901506
3919 0.902999
3920 0.902792
3921 0.924658
3922 0.925528
3923 0.924823
3924 0.926598
3925 0.926747
3926 0.926081
3927 0.925951
3928 0.926571
3929 0.926481
3930 0.926457
3931 0.927582
3932 0.929996
3933 0.928365
3934 0.933048
3935 0.940494
3936 0.939248
3937 0.939679
3938 0.939887
3939 0.939941
3940 0.940267
3941 0.939887
3942 0.940051
3943 0.940177
3944 0.917401
3945 0.918008
3946 0.918337
3947 0.918788
3948 0.918537
3949 0.919035
3950 0.918776
3951 0.918906
3952 0.91878
3953 0.918749
3954 0.917902
3955 0.919262
3956 0.941278
3957 0.918612
3958 0.918776
3959 0.918032
3960 0.918251
3961 0.917738
3962 0.917475
3963 0.915226
3964 0.919239
3965 0.93906
3966 0.940921
3967 0.941035
3968 0.941043
3969 0.9211
3970 0.92003
3971 0.921022
3972 0.921359
3973 0.92128
3974 0.920708
3975 0.921061
3976 0.921374
3977 0.920461
3978 0.918862
3979 0.921562
3980 0.921296
3981 0.921296
3982 0.921339
3983 0.919744
3984 0.919474
3985 0.919442
3986 0.919341
3987 0.919184
3988 0.919282
3989 0.919066
3990 0.919058
3991 0.919047
3992 0.920983
3993 0.92101
3994 0.941881
3995 0.941591
3996 0.941383
3997 0.917855
3998 0.917902
3999 0.916206
4000 0.910312
4001 0.90952
4002 0.908815
4003 0.912518
4004 0.913223
4005 0.91443
4006 0.940713
4007 0.942716
4008 0.942696
4009 0.942763
4010 0.94263
4011 0.919384
4012 0.919799
4013 0.920156
4014 0.920461
4015 0.920344
4016 0.943194
4017 0.943166
4018 0.943178
4019 0.92052
4020 0.920015
4021 0.920595
4022 0.920696
4023 0.920751
4024 0.921084
4025 0.92108
4026 0.921037
4027 0.921124
4028 0.921175
4029 0.921182
4030 0.921198
4031 0.921202
4032 0.921378
4033 0.920959
4034 0.921108
4035 0.921441
4036 0.921492
4037 0.921343
4038 0.921476
4039 0.920042
4040 0.920387
4041 0.91742
4042 0.913353
4043 0.909289
4044 0.902043
4045 0.898536
4046 0.898802
4047 0.901275
4048 0.905421
4049 0.906601
4050 0.903697
4051 0.907557
4052 0.905108
4053 0.904453
4054 0.904492
4055 0.906048
4056 0.904939
4057 0.9055
4058 0.905833
4059 0.907961
4060 0.910888
4061 0.917973
4062 0.9109
4063 0.918126
4064 0.91753
4065 0.917597
4066 0.917993
4067 0.917993
4068 0.91784
4069 0.917381
4070 0.917659
4071 0.917867
4072 0.918153
4073 0.918235
4074 0.918318
4075 0.919239
4076 0.918996
4077 0.919442
4078 0.919133
4079 0.919297
4080 0.919223
4081 0.919309
4082 0.919297
4083 0.919164
4084 0.919329
4085 0.919572
4086 0.919638
4087 0.919646
4088 0.919536
4089 0.919227
4090 0.919321
4091 0.919286
4092 0.919282
4093 0.919109
4094 0.917232
4095 0.917189
4096 0.917303
4097 0.916993
4098 0.916903
4099 0.916499
4100 0.916441
4101 0.916809
4102 0.915571
4103 0.914658
4104 0.914238
4105 0.915727
4106 0.916025
4107 0.916527
4108 0.917569
4109 0.917742
4110 0.917561
4111 0.917867
4112 0.918126
4113 0.941779
4114 0.940976
4115 0.940933
4116 0.914528
4117 0.938174
4118 0.934902
4119 0.916864
4120 0.917138
4121 0.917593
4122 0.917601
4123 0.917648
4124 0.917875
4125 0.918169
4126 0.91773
4127 0.918165
4128 0.918518
4129 0.918106
4130 0.91804
4131 0.917706
4132 0.917514
4133 0.91773
4134 0.917275
4135 0.917307
4136 0.917632
4137 0.918388
4138 0.91889
4139 0.918823
4140 0.919309
4141 0.919917
4142 0.919862
4143 0.919877
4144 0.915124
4145 0.915136
4146 0.914231
4147 0.915245
4148 0.915116
4149 0.916331
4150 0.916257
4151 0.916374
4152 0.916209
4153 0.915919
4154 0.91646
4155 0.916539
4156 0.916378
4157 0.912941
4158 0.916456
4159 0.917369
4160 0.916821
4161 0.918251
4162 0.918326
4163 0.918286
4164 0.918776
4165 0.939177
4166 0.919348
4167 0.919168
4168 0.917761
4169 0.916409
4170 0.916962
4171 0.916934
4172 0.914403
4173 0.914093
4174 0.915292
4175 0.915022
4176 0.913694
4177 0.913917
4178 0.911154
4179 0.911683
4180 0.933017
4181 0.934984
4182 0.934886
4183 0.938613
4184 0.936497
4185 0.921014
4186 0.919964
4187 0.919458
4188 0.92101
4189 0.923059
4190 0.924043
4191 0.925089
4192 0.93085
4193 0.927629
4194 0.925223
4195 0.931261
4196 0.934902
4197 0.938491
4198 0.937085
4199 0.936454
4200 0.938017
4201 0.938601
4202 0.939408
4203 0.939769
4204 0.937676
4205 0.937316
4206 0.938335
4207 0.93507
4208 0.935016
4209 0.936109
4210 0.933448
4211 0.93337
4212 0.935431
4213 0.936697
4214 0.931328
4215 0.93212
4216 0.930991
4217 0.930822
4218 0.943257
4219 0.9479
4220 0.948425
4221 0.937806
4222 0.931277
4223 0.935184
4224 0.937806
4225 0.933213
4226 0.936246
4227 0.936994
4228 0.923655
4229 0.924874
4230 0.926528
4231 0.928185
4232 0.929518
4233 0.933468
4234 0.936532
4235 0.938844
4236 0.942826
4237 0.947849
4238 0.951157
4239 0.955209
4240 0.954065
4241 0.955487
4242 0.952716
4243 0.954017
4244 0.943394
4245 0.943841
4246 0.942199
4247 0.942014
4248 0.929075
4249 0.929608
4250 0.92853
4251 0.92735
4252 0.923248
4253 0.923353
4254 0.901636
4255 0.894911
4256 0.890644
4257 0.890275
4258 0.891968
4259 0.915622
4260 0.85559
4261 0.855308
4262 0.856174
4263 0.858149
4264 0.846174
4265 0.844367
4266 0.843325
4267 0.835444
4268 0.843732
4269 0.838297
4270 0.846252
4271 0.85744
4272 0.868632
4273 0.87694
4274 0.878735
4275 0.884503
4276 0.913102
4277 0.913623
4278 0.917989
4279 0.92333
4280 0.919329
4281 0.93362
4282 0.925454
4283 0.913196
4284 0.914787
4285 0.906366
4286 0.907239
4287 0.908286
4288 0.91389
4289 0.911562
4290 0.916202
4291 0.919709
4292 0.901165
4293 0.890205
4294 0.867805
4295 0.866155
4296 0.879518
4297 0.859764
4298 0.870572
4299 0.871947
4300 0.852271
4301 0.866187
4302 0.854646
4303 0.880572
4304 0.880232
4305 0.875184
4306 0.8779
4307 0.876097
4308 0.884624
4309 0.907639
4310 0.900241
4311 0.888994
4312 0.910398
4313 0.90577
4314 0.911777
4315 0.910759
4316 0.912702
4317 0.888743
4318 0.871214
4319 0.863589
4320 0.849767
4321 0.850547
4322 0.829253
4323 0.822222
4324 0.804568
4325 0.802495
4326 0.799799
4327 0.796445
4328 0.793188
4329 0.791178
4330 0.787255
4331 0.791989
4332 0.775378
4333 0.790853
4334 0.787922
4335 0.779034
4336 0.773516
4337 0.774676
4338 0.776052
4339 0.773195
4340 0.771635
4341 0.769758
4342 0.766494
4343 0.765746
4344 0.771659
4345 0.777259
4346 0.779273
4347 0.776953
4348 0.776334
4349 0.777274
4350 0.779481
4351 0.782443
4352 0.784845
4353 0.793036
4354 0.801108
4355 0.796606
4356 0.792342
4357 0.796758
4358 0.790394
4359 0.787491
4360 0.784403
4361 0.793764
4362 0.769629
4363 0.761125
4364 0.767869
4365 0.765671
4366 0.760067
4367 0.759766
4368 0.755525
4369 0.751552
4370 0.751477
4371 0.760212
4372 0.744686
4373 0.7446
4374 0.747421
4375 0.738753
4376 0.726558
4377 0.733733
4378 0.717255
4379 0.711808
4380 0.707482
4381 0.724328
4382 0.722831
4383 0.722479
4384 0.730963
4385 0.733079
4386 0.740889
4387 0.737519
4388 0.742115
4389 0.726162
4390 0.743514
4391 0.741304
4392 0.737401
4393 0.725132
4394 0.712572
4395 0.701031
4396 0.698813
4397 0.695181
4398 0.692912
4399 0.686085
4400 0.684976
4401 0.67706
4402 0.679772
4403 0.677915
4404 0.669489
4405 0.658944
4406 0.646851
4407 0.650107
4408 0.634887
4409 0.63819
4410 0.630286
4411 0.64089
4412 0.639934
4413 0.666272
4414 0.654297
4415 0.634409
4416 0.646749
4417 0.652698
4418 0.654528
4419 0.65691
4420 0.683515
4421 0.683981
4422 0.682441
4423 0.686767
4424 0.687896
4425 0.690388
4426 0.69339
4427 0.693484
4428 0.691144
4429 0.688589
4430 0.682915
4431 0.688002
4432 0.691274
4433 0.699546
4434 0.655355
4435 0.654265
4436 0.652282
4437 0.62549
4438 0.62652
4439 0.623229
4440 0.631266
4441 0.618832
4442 0.619392
4443 0.630228
4444 0.620168
4445 0.630384
4446 0.640589
4447 0.641847
4448 0.647497
4449 0.64526
4450 0.653007
4451 0.657173
4452 0.653462
4453 0.659865
4454 0.658874
4455 0.657482
4456 0.648375
4457 0.652079
4458 0.653164
4459 0.648015
4460 0.642321
4461 0.637097
4462 0.636615
4463 0.635208
4464 0.634476
4465 0.640267
4466 0.645362
4467 0.64698
4468 0.658709
4469 0.678134
4470 0.68324
4471 0.685701
4472 0.671962
4473 0.674882
4474 0.682523
4475 0.676128
4476 0.67025
4477 0.678283
4478 0.661064
4479 0.660186
4480 0.667279
4481 0.664262
4482 0.661483
4483 0.658396
4484 0.655241
4485 0.64593
4486 0.632226
4487 0.631627
4488 0.630012
4489 0.625129
4490 0.635161
4491 0.639284
4492 0.637509
4493 0.612425
4494 0.618232
4495 0.624636
4496 0.627167
4497 0.628335
4498 0.639785
4499 0.626372
4500 0.622641
4501 0.629871
4502 0.633707
4503 0.650668
4504 0.655002
4505 0.65729
4506 0.685454
4507 0.685313
4508 0.688664
4509 0.734047
4510 0.74703
4511 0.746183
4512 0.757638
4513 0.759139
4514 0.762031
4515 0.779579
4516 0.790818
4517 0.794415
4518 0.794544
4519 0.792025
4520 0.794313
4521 0.797115
4522 0.798941
4523 0.800203
4524 0.829311
4525 0.835836
4526 0.832948
4527 0.834449
4528 0.861672
4529 0.868624
4530 0.89553
4531 0.910096
4532 0.910504
4533 0.908243
4534 0.908866
4535 0.906836
4536 0.899096
4537 0.896291
4538 0.897
4539 0.883723
4540 0.888676
4541 0.885898
4542 0.899919
4543 0.893281
4544 0.872653
4545 0.879032
4546 0.885608
4547 0.884103
4548 0.881058
4549 0.874937
4550 0.873879
4551 0.866696
4552 0.868757
4553 0.871289
4554 0.86882
4555 0.866884
4556 0.86634
4557 0.808977
4558 0.797213
4559 0.803828
4560 0.80442
4561 0.79958
4562 0.794231
4563 0.762101
4564 0.719508
4565 0.724289
4566 0.726088
4567 0.716291
4568 0.716287
4569 0.70783
4570 0.676269
4571 0.683942
4572 0.681112
4573 0.69591
4574 0.697759
4575 0.696564
4576 0.693907
4577 0.688723
4578 0.682931
4579 0.693617
4580 0.672381
4581 0.683044
4582 0.666155
4583 0.660762
4584 0.649868
4585 0.651201
4586 0.642317
4587 0.624757
4588 0.616692
4589 0.620725
4590 0.625188
4591 0.647063
4592 0.645119
4593 0.662737
4594 0.656997
4595 0.662726
4596 0.661828
4597 0.686207
4598 0.666496
4599 0.647878
4600 0.668855
4601 0.665292
4602 0.669211
4603 0.646659
4604 0.651679
4605 0.670779
4606 0.663349
4607 0.662279
4608 0.647352
4609 0.648728
4610 0.657843
4611 0.655288
4612 0.649998
4613 0.645495
4614 0.644378
4615 0.641592
4616 0.638261
4617 0.626325
4618 0.614494
4619 0.606496
4620 0.596001
4621 0.58874
4622 0.582862
4623 0.548381
4624 0.54302
4625 0.538788
4626 0.537812
4627 0.534019
4628 0.530801
4629 0.527788
4630 0.523403
4631 0.526412
4632 0.527086
4633 0.486986
4634 0.491312
4635 0.505561
4636 0.512481
4637 0.507293
4638 0.559565
4639 0.567814
4640 0.570506
4641 0.572994
4642 0.574244
4643 0.575608
4644 0.550034
4645 0.581792
4646 0.594865
4647 0.581075
4648 0.581255
4649 0.573124
4650 0.595492
4651 0.585264
4652 0.59425
4653 0.600739
4654 0.599003
4655 0.615697
4656 0.608463
4657 0.608432
4658 0.59394
4659 0.587435
4660 0.575393
4661 0.585977
4662 0.575373
4663 0.570102
4664 0.578963
4665 0.587662
4666 0.578261
4667 0.583175
4668 0.577356
4669 0.543047
4670 0.545716
4671 0.551865
4672 0.54753
4673 0.544725
4674 0.544411
4675 0.481421
4676 0.480759
4677 0.461628
4678 0.451486
4679 0.416954
4680 0.419168
4681 0.397106
4682 0.395632
4683 0.40015
4684 0.378374
4685 0.372755
4686 0.381446
4687 0.372453
4688 0.376822
4689 0.36902
4690 0.374918
4691 0.376038
4692 0.378934
4693 0.373095
4694 0.364796
4695 0.364012
4696 0.37344
4697 0.370533
4698 0.378033
4699 0.379942
4700 0.382124
4701 0.376669
4702 0.381039
4703 0.378017
4704 0.402717
4705 0.38254
4706 0.383892
4707 0.401338
4708 0.401185
4709 0.414728
4710 0.424086
4711 0.432335
4712 0.433828
4713 0.457399
4714 0.457803
4715 0.450154
4716 0.477432
4717 0.496022
4718 0.496477
4719 0.529837
4720 0.533082
4721 0.539622
4722 0.532322
4723 0.543957
4724 0.540516
4725 0.557762
4726 0.565999
4727 0.563335
4728 0.571266
4729 0.545845
4730 0.537491
4731 0.546711
4732 0.544905
4733 0.550932
4734 0.534132
4735 0.528795
4736 0.524994
4737 0.526205
4738 0.516788
4739 0.519402
4740 0.514977
4741 0.510514
4742 0.502774
4743 0.498777
4744 0.490626
4745 0.484133
4746 0.479301
4747 0.461741
4748 0.458759
4749 0.445083
4750 0.440416
4751 0.439785
4752 0.418839
4753 0.40876
4754 0.406699
4755 0.41001
4756 0.394288
4757 0.383108
4758 0.373248
4759 0.360587
4760 0.357558
4761 0.341851
4762 0.334171
4763 0.330346
4764 0.319503
4765 0.307002
4766 0.303761
4767 0.291856
4768 0.280872
4769 0.254322
4770 0.260302
4771 0.246328
4772 0.243244
4773 0.23603
4774 0.223854
4775 0.221479
4776 0.200996
4777 0.189314
4778 0.184193
4779 0.180164
4780 0.164168
4781 0.165865
4782 0.149069
4783 0.143046
4784 0.139527
4785 0.13225
4786 0.123636
4787 0.119189
4788 0.109893
4789 0.10197
4790 0.0974395
4791 0.0893316
4792 0.081647
4793 0.0765565
4794 0.0676806
4795 0.0619984
4796 0.0593297
4797 0.0545802
4798 0.0504107
4799 0.0484983
4800 0.045042
4801 0.0418482
4802 0.0400652
4803 0.0399986
4804 0.0399751
4805 0.0399868
4806 0.0399868
4807 0.0400064
4808 0.0400143
4809 0.0400378
4810 0.040077
4811 0.0401671
4812 0.040218
4813 0.040218
4814 0.040218
4815 0.0402376
4816 0.0403905
4817 0.0403826
4818 0.0404649
4819 0.0407236
4820 0.0407196
4821 0.0407236
4822 0.0407
4823 0.0407236
4824 0.0407667
4825 0.0407784
4826 0.0407706
4827 0.0407392
4828 0.0407706
4829 0.0407667
4830 0.0407706
4831 0.0408098
4832 0.0408294
4833 0.042342
4834 0.0424439
4835 0.0422754
4836 0.0420598
4837 0.0421735
4838 0.0424517
4839 0.0427104
4840 0.042777
4841 0.0426673
4842 0.0426398
4843 0.0428162
4844 0.0431414
4845 0.0432237
4846 0.0431845
4847 0.0432707
4848 0.0433217
4849 0.0433021
4850 0.0432472
4851 0.043353
4852 0.0434118
4853 0.0434353
4854 0.0438272
4855 0.0439017
4856 0.0439173
4857 0.0440819
4858 0.0438977
4859 0.043353
4860 0.0435255
4861 0.0434588
4862 0.0435999
4863 0.0433922
4864 0.0434353
4865 0.0428554
4866 0.0428397
4867 0.0426751
4868 0.0423851
4869 0.0426751
4870 0.0423342
4871 0.0423067
4872 0.0418992
4873 0.04186
4874 0.0416641
4875 0.0419227
4876 0.0419501
4877 0.0420951
4878 0.0422362
4879 0.042103
4880 0.0420324
4881 0.0420481
4882 0.0420167
4883 0.0417307
4884 0.0417307
4885 0.0415896
4886 0.0417581
4887 0.0417228
4888 0.0415308
4889 0.0416014
4890 0.0416562
4891 0.0416366
4892 0.0416641
4893 0.0418639
4894 0.041809
4895 0.0416797
4896 0.041233
4897 0.0409665
4898 0.0410135
4899 0.0414799
4900 0.0416915
4901 0.041715
4902 0.0419501
4903 0.0421147
4904 0.0429768
4905 0.0434902
4906 0.043788
4907 0.0432668
4908 0.0437998
4909 0.0437018
4910 0.0433021
4911 0.0424165
4912 0.0421382
4913 0.0414955
4914 0.0410331
4915 0.0408058
4916 0.0424439
4917 0.0499639
4918 0.0538709
4919 0.0616418
4920 0.0673867
4921 0.0710389
4922 0.0756239
4923 0.077062
4924 0.0789156
4925 0.082078
4926 0.0879953
4927 0.0938147
4928 0.103999
4929 0.113828
4930 0.119447
4931 0.128723
4932 0.13571
4933 0.13848
4934 0.141749
4935 0.144394
4936 0.14544
4937 0.147917
4938 0.150209
4939 0.15247
4940 0.156754
4941 0.159861
4942 0.161166
4943 0.160856
4944 0.163537
4945 0.165696
4946 0.167318
4947 0.170763
4948 0.173624
4949 0.173463
4950 0.169999
4951 0.169701
4952 0.165422
4953 0.160237
4954 0.158156
4955 0.154904
4956 0.150868
4957 0.150836
4958 0.146996
4959 0.145585
4960 0.144116
4961 0.14205
4962 0.138735
4963 0.138649
4964 0.133974
4965 0.125866
4966 0.123256
4967 0.121191
4968 0.121046
4969 0.121849
4970 0.122903
4971 0.124781
4972 0.12665
4973 0.130055
4974 0.135283
4975 0.138947
4976 0.145013
4977 0.148399
4978 0.150562
4979 0.152361
4980 0.152498
4981 0.15218
4982 0.150562
4983 0.149045
4984 0.14932
4985 0.150362
4986 0.152513
4987 0.154112
4988 0.154861
4989 0.156072
4990 0.157647
4991 0.161299
4992 0.163408
4993 0.164603
4994 0.165187
4995 0.168349
4996 0.167377
4997 0.170395
4998 0.171551
4999 0.169313
5000 0.169094
5001 0.167483
5002 0.167479
5003 0.170046
5004 0.166433
5005 0.164611
5006 0.156793
5007 0.15443
5008 0.148203
5009 0.147976
5010 0.145973
5011 0.144261
5012 0.138245
5013 0.133653
5014 0.130545
5015 0.121457
5016 0.113361
5017 0.109925
5018 0.101033
5019 0.0945749
5020 0.0908011
5021 0.0861966
5022 0.0809847
5023 0.08102
5024 0.0779124
5025 0.0743777
5026 0.0719363
5027 0.0689659
5028 0.0659171
5029 0.0640949
5030 0.0615086
5031 0.0592514
5032 0.0580561
5033 0.0572058
5034 0.0579856
5035 0.0581776
5036 0.0587341
5037 0.0594473
5038 0.0597921
5039 0.060572
5040 0.0608345
5041 0.0609991
5042 0.0613322
5043 0.0617006
5044 0.0615987
5045 0.0634679
5046 0.0650511
5047 0.0654469
5048 0.0718227
5049 0.0826384
5050 0.0855775
5051 0.0920473
5052 0.0982311
5053 0.103161
5054 0.111955
5055 0.121167
5056 0.126093
5057 0.134722
5058 0.147376
5059 0.153235
5060 0.16349
5061 0.174121
5062 0.190427
5063 0.204942
5064 0.21796
5065 0.218838
5066 0.233847
5067 0.237331
5068 0.23976
5069 0.24931
5070 0.259205
5071 0.265738
5072 0.280425
5073 0.300187
5074 0.311019
5075 0.320886
5076 0.330808
5077 0.337795
5078 0.350167
5079 0.353498
5080 0.353811
5081 0.359262
5082 0.362789
5083 0.357981
5084 0.378809
5085 0.37257
5086 0.372543
5087 0.369482
5088 0.346573
5089 0.357856
5090 0.338791
5091 0.315768
5092 0.312598
5093 0.310172
5094 0.304169
5095 0.302883
5096 0.301543
5097 0.299631
5098 0.29619
5099 0.279947
5100 0.268375
5101 0.261803
5102 0.246003
5103 0.23139
5104 0.228631
5105 0.219273
5106 0.214767
5107 0.207015
5108 0.178992
5109 0.171547
5110 0.184867
5111 0.171363
5112 0.150484
5113 0.151326
5114 0.144935
5115 0.138614
5116 0.13475
5117 0.124553
5118 0.114811
5119 0.110571
5120 0.102095
5121 0.0949942
5122 0.0912479
5123 0.0846683
5124 0.0738957
5125 0.0704903
5126 0.0627782
5127 0.0563123
5128 0.0535143
5129 0.0475774
5130 0.0418835
5131 0.0416915
5132 0.0414955
5133 0.0415504
5134 0.0416719
5135 0.0418953
5136 0.0420011
5137 0.0419893
5138 0.0419854
5139 0.0420089
5140 0.0419619
5141 0.0419619
5142 0.0419971
5143 0.0420011
5144 0.0420011
5145 0.0420011
5146 0.0419971
5147 0.042005
5148 0.0419893
5149 0.0419697
5150 0.0420285
5151 0.0420089
5152 0.0421304
5153 0.042103
5154 0.0421461
5155 0.0421265
5156 0.0421225
5157 0.0420951
5158 0.0419776
5159 0.041954
5160 0.041958
5161 0.041958
5162 0.0419736
5163 0.0419736
5164 0.0419736
5165 0.0420089
5166 0.0419854
5167 0.0419893
5168 0.0420128
5169 0.0420246
5170 0.0420246
5171 0.0420246
5172 0.0419971
5173 0.0420442
5174 0.0420442
5175 0.0420716
5176 0.0420755
5177 0.042103
5178 0.0420794
5179 0.0420794
5180 0.0420912
5181 0.0420912
5182 0.0421147
5183 0.0420481
5184 0.0420481
5185 0.0420481
5186 0.0420481
5187 0.0420677
5188 0.0420716
5189 0.0420363
5190 0.0420638
5191 0.0420677
5192 0.0420834
5193 0.0420559
5194 0.0420128
5195 0.0420403
5196 0.0419932
5197 0.0420207
5198 0.042052
5199 0.0420794
5200 0.0420794
5201 0.0420794
5202 0.0420834
5203 0.0420834
5204 0.0420951
5205 0.0420755
5206 0.0420873
5207 0.04215
5208 0.0421265
5209 0.0420638
5210 0.0420794
5211 0.0420951
5212 0.042103
5213 0.0421069
5214 0.0421382
5215 0.0421382
5216 0.0421382
5217 0.0421382
5218 0.0421382
5219 0.0420128
5220 0.0420207
5221 0.0420207
5222 0.0420481
5223 0.042052
5224 0.0420559
5225 0.0420598
5226 0.0420755
5227 0.042103
5228 0.0420755
5229 0.0420755
5230 0.0420794
5231 0.042103
5232 0.0420912
5233 0.0421343
5234 0.0421265
5235 0.0421382
5236 0.0421265
5237 0.0421892
5238 0.0421892
5239 0.0421892
5240 0.0421931
5241 0.0421931
5242 0.0421657
5243 0.0421657
5244 0.0421186
5245 0.0421343
5246 0.04215
5247 0.0421265
5248 0.0421265
5249 0.0421265
5250 0.0420834
5251 0.0420873
5252 0.0420873
5253 0.0420638
5254 0.0420834
5255 0.042099
5256 0.0421265
5257 0.0426908
5258 0.0458767
5259 0.0537024
5260 0.0614772
5261 0.0655135
5262 0.0737233
5263 0.0798561
5264 0.0828069
5265 0.0882618
5266 0.092208
5267 0.0941046
5268 0.0966205
5269 0.0981174
5270 0.0990658
5271 0.100774
5272 0.102726
5273 0.10349
5274 0.105069
5275 0.106174
5276 0.107056
5277 0.108518
5278 0.109062
5279 0.109623
5280 0.110508
5281 0.11123
5282 0.111453
5283 0.112147
5284 0.112409
5285 0.112562
5286 0.113091
5287 0.114122
5288 0.11514
5289 0.118906
5290 0.126826
5291 0.129526
5292 0.137038
5293 0.144993
5294 0.148822
5295 0.158196
5296 0.166695
5297 0.171739
5298 0.179588
5299 0.18491
5300 0.187245
5301 0.191223
5302 0.197748
5303 0.199382
5304 0.203324
5305 0.207086
5306 0.208438
5307 0.212533
5308 0.213995
5309 0.214461
5310 0.216953
5311 0.218278
5312 0.219038
5313 0.219332
5314 0.221405
5315 0.221421
5316 0.21981
5317 0.221099
5318 0.220088
5319 0.222142
5320 0.221001
5321 0.220707
5322 0.219132
5323 0.218015
5324 0.217976
5325 0.219234
5326 0.213795
5327 0.213164
5328 0.2122
5329 0.215707
5330 0.217862
5331 0.221867
5332 0.224677
5333 0.226719
5334 0.226021
5335 0.233475
5336 0.235806
5337 0.242021
5338 0.247374
5339 0.247958
5340 0.248867
5341 0.250419
5342 0.251364
5343 0.252532
5344 0.254491
5345 0.256011
5346 0.257845
5347 0.258954
5348 0.260012
5349 0.261396
5350 0.262513
5351 0.263861
5352 0.267983
5353 0.272936
5354 0.2745
5355 0.283678
5356 0.291127
5357 0.293451
5358 0.301167
5359 0.307535
5360 0.311563
5361 0.319801
5362 0.321556
5363 0.322595
5364 0.326509
5365 0.329002
5366 0.33046
5367 0.330389
5368 0.332623
5369 0.329782
5370 0.330785
5371 0.341134
5372 0.332105
5373 0.332791
5374 0.333751
5375 0.335048
5376 0.336667
5377 0.339782
5378 0.339273
5379 0.341546
5380 0.342627
5381 0.353196
5382 0.354101
5383 0.346695
5384 0.347729
5385 0.350496
5386 0.352299
5387 0.353177
5388 0.356723
5389 0.361743
5390 0.363463
5391 0.368111
5392 0.371226
5393 0.371885
5394 0.372594
5395 0.375266
5396 0.377547
5397 0.379252
5398 0.379123
5399 0.379295
5400 0.381823
5401 0.381838
5402 0.382375
5403 0.38154
5404 0.381423
5405 0.382152
5406 0.383382
5407 0.387379
5408 0.388649
5409 0.389409
5410 0.390005
5411 0.389166
5412 0.389476
5413 0.390146
5414 0.390581
5415 0.390746
5416 0.392591
5417 0.394174
5418 0.397309
5419 0.404375
5420 0.407361
5421 0.412781
5422 0.418122
5423 0.420587
5424 0.422648
5425 0.428934
5426 0.429855
5427 0.432594
5428 0.434718
5429 0.4321
5430 0.437469
5431 0.440286
5432 0.444326
5433 0.447591
5434 0.447485
5435 0.447117
5436 0.452709
5437 0.464077
5438 0.465836
5439 0.468388
5440 0.474489
5441 0.475516
5442 0.481143
5443 0.486696
5444 0.491927
5445 0.499263
5446 0.506521
5447 0.508664
5448 0.514002
5449 0.515651
5450 0.516572
5451 0.518014
5452 0.521173
5453 0.520185
5454 0.517626
5455 0.52169
5456 0.522349
5457 0.516984
5458 0.518328
5459 0.516275
5460 0.517184
5461 0.519907
5462 0.520487
5463 0.519065
5464 0.520299
5465 0.526455
5466 0.526397
5467 0.542244
5468 0.542808
5469 0.537683
5470 0.53635
5471 0.528713
5472 0.526902
5473 0.52151
5474 0.520052
5475 0.52258
5476 0.525742
5477 0.548201
5478 0.547538
5479 0.549294
5480 0.551057
5481 0.532659
5482 0.557539
5483 0.557492
5484 0.56393
5485 0.565271
5486 0.573833
5487 0.577329
5488 0.581314
5489 0.580487
5490 0.583669
5491 0.586784
5492 0.585624
5493 0.58575
5494 0.593932
5495 0.595073
5496 0.595606
5497 0.596209
5498 0.599258
5499 0.605371
5500 0.610289
5501 0.613169
5502 0.61565
5503 0.61485
5504 0.615638
5505 0.627692
5506 0.634707
5507 0.637187
5508 0.639143
5509 0.641862
5510 0.651824
5511 0.655727
5512 0.656432
5513 0.656236
5514 0.655237
5515 0.653905
5516 0.644272
5517 0.643935
5518 0.653521
5519 0.664826
5520 0.664893
5521 0.672542
5522 0.673263
5523 0.67601
5524 0.677554
5525 0.679188
5526 0.680321
5527 0.690827
5528 0.694628
5529 0.701604
5530 0.705319
5531 0.708348
5532 0.690878
5533 0.691528
5534 0.694887
5535 0.695573
5536 0.700397
5537 0.703359
5538 0.710703
5539 0.714963
5540 0.716832
5541 0.719301
5542 0.722275
5543 0.72425
5544 0.739427
5545 0.741151
5546 0.742887
5547 0.74518
5548 0.746587
5549 0.750588
5550 0.752339
5551 0.755651
5552 0.755811
5553 0.757747
5554 0.76031
5555 0.760835
5556 0.774085
5557 0.773356
5558 0.772936
5559 0.770812
5560 0.770009
5561 0.770142
5562 0.771294
5563 0.776397
5564 0.778474
5565 0.788082
5566 0.791429
5567 0.791041
5568 0.791707
5569 0.804392
5570 0.805376
5571 0.807868
5572 0.808189
5573 0.808001
5574 0.808107
5575 0.808213
5576 0.80112
5577 0.801355
5578 0.793565
5579 0.794086
5580 0.793157
5581 0.791707
5582 0.789203
5583 0.788055
5584 0.78655
5585 0.786303
5586 0.790457
5587 0.790097
5588 0.790022
5589 0.789709
5590 0.790198
5591 0.791468
5592 0.791366
5593 0.790677
5594 0.784019
5595 0.789376
5596 0.783705
5597 0.786958
5598 0.786499
5599 0.785061
5600 0.785327
5601 0.785774
5602 0.784834
5603 0.784657
5604 0.784124
5605 0.784301
5606 0.784783
5607 0.78713
5608 0.788576
5609 0.790159
5610 0.788223
5611 0.788204
5612 0.787534
5613 0.786675
5614 0.786969
5615 0.787542
5616 0.7874
5617 0.787565
5618 0.78731
5619 0.788118
5620 0.788149
5621 0.788235
5622 0.787228
5623 0.785782
5624 0.780421
5625 0.786781
5626 0.78615
5627 0.785849
5628 0.785617
5629 0.782138
5630 0.783611
5631 0.784414
5632 0.782792
5633 0.783251
5634 0.784998
5635 0.785414
5636 0.786045
5637 0.785092
5638 0.786056
5639 0.786531
5640 0.785374
5641 0.785214
5642 0.787275
5643 0.786903
5644 0.826995
5645 0.826909
5646 0.828524
5647 0.832979
5648 0.831576
5649 0.838129
5650 0.838607
5651 0.835331
5652 0.8746
5653 0.871653
5654 0.853592
5655 0.894221
5656 0.893516
5657 0.89227
5658 0.888406
5659 0.888104
5660 0.877935
5661 0.887814
5662 0.883472
5663 0.885275
5664 0.880369
5665 0.881344
5666 0.889997
5667 0.880549
5668 0.885443
5669 0.880674
5670 0.875686
5671 0.875035
5672 0.873711
5673 0.875012
5674 0.872935
5675 0.87295
5676 0.875796
5677 0.878492
5678 0.872888
5679 0.883609
5680 0.885377
5681 0.884766
5682 0.881015
5683 0.880102
5684 0.879197
5685 0.877394
5686 0.878711
5687 0.878746
5688 0.885851
5689 0.880474
5690 0.8862
5691 0.88212
5692 0.886294
5693 0.885479
5694 0.899061
5695 0.899143
5696 0.89758
5697 0.894488
5698 0.897
5699 0.896173
5700 0.897184
5701 0.895515
5702 0.894723
5703 0.89392
5704 0.893759
5705 0.893688
5706 0.893712
5707 0.893054
5708 0.893038
5709 0.890781
5710 0.889315
5711 0.888042
5712 0.884809
5713 0.883245
5714 0.883018
5715 0.882246
5716 0.881877
5717 0.881662
5718 0.88187
5719 0.876074
5720 0.87596
5721 0.875905
5722 0.876144
5723 0.876125
5724 0.876097
5725 0.875443
5726 0.876164
5727 0.876117
5728 0.876058
5729 0.876101
5730 0.876238
5731 0.875643
5732 0.875525
5733 0.875357
5734 0.875948
5735 0.876019
5736 0.876274
2 , runtime: 403

