0 0.124431
1 0.119246
2 0.114875
3 0.11394
4 0.116114
5 0.115072
6 0.117022
7 0.120744
8 0.121102
9 0.124773
10 0.128554
11 0.130771
12 0.133079
13 0.134824
14 0.135834
15 0.136832
16 0.136927
17 0.137442
18 0.139521
19 0.140449
20 0.141054
21 0.142363
22 0.143082
23 0.144002
24 0.143314
25 0.143609
26 0.14526
27 0.148597
28 0.150979
29 0.152048
30 0.154171
31 0.157139
32 0.157712
33 0.161073
34 0.161486
35 0.162158
36 0.160279
37 0.161745
38 0.161482
39 0.164061
40 0.16568
41 0.166219
42 0.166533
43 0.167197
44 0.165939
45 0.166069
46 0.166297
47 0.16638
48 0.16612
49 0.166164
50 0.167064
51 0.166796
52 0.167406
53 0.168211
54 0.169308
55 0.170196
56 0.170499
57 0.172917
58 0.174202
59 0.174622
60 0.173903
61 0.174249
62 0.174159
63 0.174473
64 0.172445
65 0.172928
66 0.171942
67 0.170244
68 0.17305
69 0.168031
70 0.168805
71 0.169898
72 0.171757
73 0.173086
74 0.173498
75 0.174964
76 0.174839
77 0.176132
78 0.177971
79 0.184261
80 0.185746
81 0.18952
82 0.189897
83 0.191615
84 0.194308
85 0.199807
86 0.202031
87 0.206465
88 0.210506
89 0.216312
90 0.222007
91 0.22369
92 0.22286
93 0.228234
94 0.230309
95 0.23084
96 0.232439
97 0.235549
98 0.23615
99 0.238115
100 0.23843
101 0.237844
102 0.238324
103 0.236948
104 0.237435
105 0.235211
106 0.234157
107 0.232479
108 0.231936
109 0.234759
110 0.236508
111 0.239468
112 0.242718
113 0.244412
114 0.247431
115 0.251048
116 0.250765
117 0.25146
118 0.252239
119 0.252671
120 0.255073
121 0.256287
122 0.254007
123 0.255635
124 0.254526
125 0.255906
126 0.255851
127 0.257899
128 0.25771
129 0.259259
130 0.261409
131 0.262344
132 0.266523
133 0.269373
134 0.270961
135 0.272442
136 0.272651
137 0.275493
138 0.277041
139 0.279887
140 0.280563
141 0.280897
142 0.283
143 0.284761
144 0.282686
145 0.281271
146 0.28153
147 0.284514
148 0.281208
149 0.281255
150 0.280375
151 0.278067
152 0.281794
153 0.278456
154 0.277871
155 0.276432
156 0.27416
157 0.272038
158 0.270862
159 0.269663
160 0.268976
161 0.268693
162 0.266829
163 0.265587
164 0.265748
165 0.268905
166 0.26484
167 0.268201
168 0.264605
169 0.261212
170 0.261208
171 0.260576
172 0.260179
173 0.260179
174 0.258968
175 0.260756
176 0.260815
177 0.26023
178 0.258461
179 0.259094
180 0.258779
181 0.260135
182 0.260285
183 0.259341
184 0.259054
185 0.258496
186 0.260835
187 0.25661
188 0.25679
189 0.256948
190 0.260403
191 0.260371
192 0.259758
193 0.259848
194 0.257781
195 0.25804
196 0.262804
197 0.26227
198 0.262278
199 0.263142
200 0.263091
201 0.263048
202 0.262541
203 0.262537
204 0.262482
205 0.261539
206 0.26126
207 0.260509
208 0.260363
209 0.260163
210 0.260128
211 0.260135
212 0.259789
213 0.25933
214 0.259133
215 0.258795
216 0.258363
217 0.258602
218 0.258642
219 0.259597
220 0.259255
221 0.259286
222 0.2594
223 0.259113
224 0.2592
225 0.258901
226 0.259172
227 0.259015
228 0.258551
229 0.258913
230 0.259168
231 0.25951
232 0.259837
233 0.260293
234 0.259935
235 0.259455
236 0.259392
237 0.258606
238 0.258009
239 0.256889
240 0.257455
241 0.260265
242 0.260383
243 0.260564
244 0.2574
245 0.258178
246 0.258441
247 0.257742
248 0.256492
249 0.255603
250 0.256991
251 0.258308
252 0.25635
253 0.255843
254 0.255933
255 0.256665
256 0.256798
257 0.256944
258 0.257231
259 0.257329
260 0.257435
261 0.256613
262 0.256963
263 0.257844
264 0.258182
265 0.25806
266 0.257895
267 0.257812
268 0.259357
269 0.254495
270 0.254149
271 0.253382
272 0.253858
273 0.254361
274 0.253878
275 0.257069
276 0.25534
277 0.255269
278 0.255387
279 0.257152
280 0.258276
281 0.25929
282 0.261885
283 0.263866
284 0.265308
285 0.267733
286 0.268111
287 0.268013
288 0.269141
289 0.269247
290 0.269318
291 0.268484
292 0.264117
293 0.266684
294 0.263284
295 0.262525
296 0.261539
297 0.259632
298 0.256861
299 0.255922
300 0.25411
301 0.256531
302 0.255344
303 0.254003
304 0.253952
305 0.253823
306 0.253732
307 0.253772
308 0.25387
309 0.254864
310 0.256747
311 0.256279
312 0.256912
313 0.257911
314 0.258724
315 0.258787
316 0.258646
317 0.258622
318 0.25865
319 0.255922
320 0.256468
321 0.25622
322 0.256189
323 0.256032
324 0.256464
325 0.256743
326 0.256507
327 0.256185
328 0.2569
329 0.256374
330 0.256472
331 0.25624
332 0.256252
333 0.256578
334 0.256142
335 0.255969
336 0.25611
337 0.256043
338 0.256476
339 0.256771
340 0.256877
341 0.256948
342 0.256936
343 0.257529
344 0.257907
345 0.258956
346 0.260391
347 0.261173
348 0.262148
349 0.263999
350 0.263724
351 0.264223
352 0.264923
353 0.262541
354 0.262227
355 0.263418
356 0.261712
357 0.261436
358 0.261338
359 0.261621
360 0.261837
361 0.261877
362 0.262262
363 0.26205
364 0.262061
365 0.26166
366 0.261759
367 0.261118
368 0.260776
369 0.25975
370 0.264094
371 0.263795
372 0.263649
373 0.263842
374 0.263716
375 0.26341
376 0.26284
377 0.262592
378 0.262002
379 0.2619
380 0.261837
381 0.261798
382 0.261153
383 0.261885
384 0.263634
385 0.265182
386 0.266028
387 0.267395
388 0.267443
389 0.269023
390 0.270929
391 0.273964
392 0.274821
393 0.277242
394 0.277949
395 0.277926
396 0.279368
397 0.279176
398 0.279573
399 0.280166
400 0.280532
401 0.280654
402 0.281448
403 0.282485
404 0.281986
405 0.283221
406 0.284545
407 0.286322
408 0.292969
409 0.299958
410 0.302717
411 0.307422
412 0.312265
413 0.314258
414 0.317736
415 0.321734
416 0.324485
417 0.329595
418 0.334623
419 0.336706
420 0.341148
421 0.348636
422 0.35114
423 0.357889
424 0.363293
425 0.366591
426 0.366862
427 0.37667
428 0.381835
429 0.387444
430 0.393929
431 0.396524
432 0.402534
433 0.408799
434 0.410112
435 0.412384
436 0.415592
437 0.416315
438 0.418654
439 0.421303
440 0.42192
441 0.424066
442 0.414035
443 0.415301
444 0.414122
445 0.432356
446 0.431998
447 0.437765
448 0.420827
449 0.422844
450 0.427553
451 0.451888
452 0.453405
453 0.456569
454 0.431389
455 0.431715
456 0.433712
457 0.436853
458 0.438468
459 0.440862
460 0.443111
461 0.443798
462 0.445516
463 0.446656
464 0.44767
465 0.44997
466 0.451047
467 0.451703
468 0.451876
469 0.454132
470 0.454286
471 0.454883
472 0.456235
473 0.456326
474 0.458448
475 0.458609
476 0.459042
477 0.459494
478 0.461278
479 0.460748
480 0.462202
481 0.463385
482 0.462823
483 0.463629
484 0.463798
485 0.463845
486 0.465076
487 0.465028
488 0.465881
489 0.465366
490 0.465296
491 0.465799
492 0.467351
493 0.467438
494 0.466491
495 0.468519
496 0.466428
497 0.468649
498 0.46923
499 0.466781
500 0.468004
501 0.470795
502 0.475028
503 0.477111
504 0.482048
505 0.48785
506 0.490488
507 0.496278
508 0.500857
509 0.502877
510 0.506902
511 0.509155
512 0.51088
513 0.514485
514 0.517201
515 0.518883
516 0.52268
517 0.525035
518 0.526654
519 0.532767
520 0.534952
521 0.537806
522 0.540392
523 0.543214
524 0.545121
525 0.547239
526 0.558045
527 0.559059
528 0.560635
529 0.561355
530 0.562801
531 0.564004
532 0.564393
533 0.565454
534 0.566425
535 0.568108
536 0.569421
537 0.570478
538 0.57523
539 0.578214
540 0.577958
541 0.578925
542 0.579868
543 0.578992
544 0.561091
545 0.561433
546 0.561072
547 0.561414
548 0.560942
549 0.559704
550 0.558631
551 0.557935
552 0.560458
553 0.559716
554 0.559161
555 0.558969
556 0.558273
557 0.558812
558 0.558069
559 0.557676
560 0.555007
561 0.553686
562 0.55347
563 0.552349
564 0.551968
565 0.549826
566 0.549138
567 0.547971
568 0.54814
569 0.544944
570 0.545789
571 0.544967
572 0.545431
573 0.546905
574 0.548485
575 0.550022
576 0.550942
577 0.55266
578 0.552778
579 0.555423
580 0.558682
581 0.559452
582 0.560572
583 0.563383
584 0.564043
585 0.565199
586 0.567821
587 0.572734
588 0.573705
589 0.573339
590 0.574212
591 0.574275
592 0.576854
593 0.577184
594 0.596047
595 0.598457
596 0.601456
597 0.604844
598 0.610202
599 0.612214
600 0.615563
601 0.62085
602 0.62256
603 0.626546
604 0.633731
605 0.636483
606 0.644002
607 0.648998
608 0.65197
609 0.655209
610 0.658113
611 0.660763
612 0.662323
613 0.666077
614 0.670318
615 0.673769
616 0.675031
617 0.675629
618 0.67702
619 0.686257
620 0.685974
621 0.686006
622 0.683195
623 0.68224
624 0.682712
625 0.682853
626 0.683384
627 0.683282
628 0.685491
629 0.686242
630 0.687091
631 0.689402
632 0.688946
633 0.689378
634 0.687983
635 0.688132
636 0.687327
637 0.686379
638 0.686136
639 0.686871
640 0.686855
641 0.687028
642 0.686572
643 0.686293
644 0.68432
645 0.683671
646 0.683588
647 0.68362
648 0.683923
649 0.685306
650 0.68522
651 0.686029
652 0.688077
653 0.688989
654 0.687315
655 0.688844
656 0.688981
657 0.691411
658 0.692012
659 0.692063
660 0.692845
661 0.693557
662 0.691639
663 0.693038
664 0.693466
665 0.692959
666 0.693431
667 0.69382
668 0.694221
669 0.692075
670 0.69259
671 0.690601
672 0.68941
673 0.689162
674 0.691135
675 0.692295
676 0.692358
677 0.692075
678 0.694874
679 0.69283
680 0.69316
681 0.693427
682 0.694402
683 0.69485
684 0.694991
685 0.695231
686 0.695526
687 0.695876
688 0.696053
689 0.696568
690 0.696017
691 0.695239
692 0.695911
693 0.696387
694 0.698553
695 0.698612
696 0.698321
697 0.697841
698 0.69834
699 0.697837
700 0.697743
701 0.701182
702 0.701516
703 0.701819
704 0.701815
705 0.701992
706 0.702483
707 0.702342
708 0.703867
709 0.703356
710 0.705274
711 0.706284
712 0.706359
713 0.702861
714 0.704233
715 0.705471
716 0.705718
717 0.708946
718 0.706155
719 0.715058
720 0.714452
721 0.71413
722 0.713816
723 0.714496
724 0.714193
725 0.714826
726 0.723379
727 0.723906
728 0.723914
729 0.723411
730 0.723257
731 0.724095
732 0.726374
733 0.726378
734 0.726414
735 0.726048
736 0.728088
737 0.729248
738 0.730097
739 0.72957
740 0.730682
741 0.730655
742 0.730297
743 0.730246
744 0.730887
745 0.733548
746 0.738453
747 0.739495
748 0.739865
749 0.739196
750 0.738764
751 0.740049
752 0.740993
753 0.740894
754 0.741523
755 0.74185
756 0.741063
757 0.738906
758 0.738119
759 0.740293
760 0.743049
761 0.744141
762 0.743497
763 0.743127
764 0.742066
765 0.739979
766 0.742121
767 0.74385
768 0.749298
769 0.76045
770 0.760709
771 0.759542
772 0.757608
773 0.757553
774 0.758622
775 0.758406
776 0.758657
777 0.758292
778 0.755918
779 0.755336
780 0.754856
781 0.757246
782 0.757875
783 0.758268
784 0.757624
785 0.756645
786 0.755112
787 0.755135
788 0.755084
789 0.757242
790 0.759919
791 0.761374
792 0.761232
793 0.76034
794 0.756775
795 0.756248
796 0.75683
797 0.757502
798 0.758874
799 0.757887
800 0.756598
801 0.756566
802 0.755855
803 0.754746
804 0.754833
805 0.753815
806 0.753127
807 0.752958
808 0.754176
809 0.754691
810 0.756629
811 0.758158
812 0.765076
813 0.771004
814 0.772981
815 0.776982
816 0.778111
817 0.780013
818 0.780956
819 0.78984
820 0.789333
821 0.789404
822 0.792363
823 0.800881
824 0.801263
825 0.803755
826 0.809376
827 0.811038
828 0.813813
829 0.81664
830 0.818487
831 0.819364
832 0.82129
833 0.822182
834 0.822795
835 0.822646
836 0.823558
837 0.821384
838 0.821879
839 0.821934
840 0.822304
841 0.822213
842 0.821746
843 0.821958
844 0.832272
845 0.831411
846 0.831722
847 0.82923
848 0.829045
849 0.828848
850 0.827775
851 0.827881
852 0.828636
853 0.828369
854 0.827815
855 0.826348
856 0.82616
857 0.828153
858 0.826667
859 0.827921
860 0.826785
861 0.827335
862 0.825983
863 0.825598
864 0.826466
865 0.825527
866 0.823758
867 0.824163
868 0.824124
869 0.8275
870 0.827874
871 0.827359
872 0.82763
873 0.827327
874 0.827378
875 0.825979
876 0.823235
877 0.822905
878 0.820771
879 0.845511
880 0.845145
881 0.845676
882 0.844811
883 0.845212
884 0.844426
885 0.844056
886 0.844131
887 0.844548
888 0.84114
889 0.841682
890 0.841796
891 0.8393
892 0.839135
893 0.835951
894 0.833994
895 0.82998
896 0.829509
897 0.829316
898 0.831069
899 0.830476
900 0.830778
901 0.831112
902 0.831506
903 0.831164
904 0.833125
905 0.830468
906 0.832272
907 0.830786
908 0.830971
909 0.830955
910 0.831069
911 0.828436
912 0.825598
913 0.826329
914 0.825531
915 0.828282
916 0.827885
917 0.827457
918 0.826179
919 0.826356
920 0.826643
921 0.828235
922 0.827622
923 0.829096
924 0.828668
925 0.828577
926 0.82908
927 0.829277
928 0.830822
929 0.822996
930 0.823503
931 0.822756
932 0.822968
933 0.823919
934 0.83445
935 0.835578
936 0.833856
937 0.833844
938 0.835794
939 0.836171
940 0.833263
941 0.834422
942 0.831136
943 0.833534
944 0.833027
945 0.834709
946 0.834406
947 0.836631
948 0.835896
949 0.837197
950 0.831109
951 0.830106
952 0.830468
953 0.830146
954 0.843345
955 0.842272
956 0.842637
957 0.841218
958 0.840279
959 0.840306
960 0.838789
961 0.83601
962 0.832079
963 0.832783
964 0.832201
965 0.832535
966 0.831867
967 0.830672
968 0.82987
969 0.828616
970 0.828062
971 0.824725
972 0.826266
973 0.826117
974 0.825896
975 0.825409
976 0.826356
977 0.825071
978 0.825649
979 0.821447
980 0.822386
981 0.818204
982 0.817359
983 0.817905
984 0.817402
985 0.817158
986 0.817013
987 0.816588
988 0.81829
989 0.816919
990 0.820028
991 0.819529
992 0.819556
993 0.819812
994 0.819709
995 0.819179
996 0.818628
997 0.818786
998 0.821478
999 0.818656
1000 0.816706
1001 0.816526
1002 0.816612
1003 0.816675
1004 0.82261
1005 0.823801
1006 0.823742
1007 0.824037
1008 0.822441
1009 0.820857
1010 0.815382
1011 0.814839
1012 0.815669
1013 0.817477
1014 0.817681
1015 0.815405
1016 0.814214
1017 0.815016
1018 0.815881
1019 0.815429
1020 0.816239
1021 0.814855
1022 0.815264
1023 0.81528
1024 0.814309
1025 0.814309
1026 0.813243
1027 0.813008
1028 0.814379
1029 0.812048
1030 0.812398
1031 0.812221
1032 0.81252
1033 0.81263
1034 0.812249
1035 0.807233
1036 0.807174
1037 0.807697
1038 0.8073
1039 0.80721
1040 0.807273
1041 0.80653
1042 0.806958
1043 0.806718
1044 0.806667
1045 0.806738
1046 0.806424
1047 0.806266
1048 0.806093
1049 0.805799
1050 0.815421
1051 0.815008
1052 0.805331
1053 0.805527
1054 0.80585
1055 0.805433
1056 0.814584
1057 0.816926
1058 0.817268
1059 0.817489
1060 0.817685
1061 0.817559
1062 0.817453
1063 0.816565
1064 0.816573
1065 0.815574
1066 0.815445
1067 0.815386
1068 0.814949
1069 0.814824
1070 0.815327
1071 0.813318
1072 0.812992
1073 0.811569
1074 0.811152
1075 0.810539
1076 0.81118
1077 0.811738
1078 0.812693
1079 0.812614
1080 0.81296
1081 0.813648
1082 0.814261
1083 0.815024
1084 0.816074
1085 0.823609
1086 0.822017
1087 0.819847
1088 0.819517
1089 0.818735
1090 0.820079
1091 0.822909
1092 0.823251
1093 0.825248
1094 0.825904
1095 0.823719
1096 0.823907
1097 0.825157
1098 0.824277
1099 0.824646
1100 0.823243
1101 0.820236
1102 0.820452
1103 0.817449
1104 0.820704
1105 0.820158
1106 0.820908
1107 0.821297
1108 0.820672
1109 0.819411
1110 0.812237
1111 0.814415
1112 0.823809
1113 0.823695
1114 0.822127
1115 0.822536
1116 0.822925
1117 0.823043
1118 0.82241
1119 0.822249
1120 0.821844
1121 0.820024
1122 0.819497
1123 0.820154
1124 0.819961
1125 0.820476
1126 0.820653
1127 0.821011
1128 0.822308
1129 0.824926
1130 0.829304
1131 0.827716
1132 0.829521
1133 0.831859
1134 0.831388
1135 0.839053
1136 0.840633
1137 0.840169
1138 0.839886
1139 0.841187
1140 0.844508
1141 0.841317
1142 0.836116
1143 0.836737
1144 0.835991
1145 0.837331
1146 0.830381
1147 0.830204
1148 0.829807
1149 0.823337
1150 0.822878
1151 0.820264
1152 0.818491
1153 0.817654
1154 0.813499
1155 0.815405
1156 0.812874
1157 0.812925
1158 0.813684
1159 0.813825
1160 0.809611
1161 0.808892
1162 0.806486
1163 0.805975
1164 0.804423
1165 0.804726
1166 0.809438
1167 0.808043
1168 0.810146
1169 0.809332
1170 0.810665
1171 0.809588
1172 0.810185
1173 0.809961
1174 0.809718
1175 0.808161
1176 0.808302
1177 0.807744
1178 0.809922
1179 0.809207
1180 0.809875
1181 0.812072
1182 0.815519
1183 0.818117
1184 0.817976
1185 0.829497
1186 0.838255
1187 0.837071
1188 0.837437
1189 0.834619
1190 0.830841
1191 0.829426
1192 0.828361
1193 0.829638
1194 0.830983
1195 0.830771
1196 0.834442
1197 0.836659
1198 0.837979
1199 0.840299
1200 0.844567
1201 0.846623
1202 0.841808
1203 0.847771
1204 0.836081
1205 0.825649
1206 0.830975
1207 0.831246
1208 0.829462
1209 0.82805
1210 0.831836
1211 0.826836
1212 0.833793
1213 0.832245
1214 0.831211
1215 0.833373
1216 0.833404
1217 0.831958
1218 0.835083
1219 0.835987
1220 0.838522
1221 0.838196
1222 0.837858
1223 0.840067
1224 0.840401
1225 0.839123
1226 0.843593
1227 0.842232
1228 0.842189
1229 0.841757
1230 0.840963
1231 0.840916
1232 0.831879
1233 0.839898
1234 0.840063
1235 0.829072
1236 0.827929
1237 0.830456
1238 0.829175
1239 0.828467
1240 0.828487
1241 0.828188
1242 0.830283
1243 0.829493
1244 0.833176
1245 0.832127
1246 0.83588
1247 0.836741
1248 0.833373
1249 0.832355
1250 0.832571
1251 0.831584
1252 0.83173
1253 0.832339
1254 0.833267
1255 0.831616
1256 0.832323
1257 0.832437
1258 0.830279
1259 0.83068
1260 0.831506
1261 0.831022
1262 0.83309
1263 0.835896
1264 0.835405
1265 0.83877
1266 0.832099
1267 0.8323
1268 0.833282
1269 0.82941
1270 0.829481
1271 0.830782
1272 0.827536
1273 0.827594
1274 0.82647
1275 0.823998
1276 0.82476
1277 0.822732
1278 0.820047
1279 0.820181
1280 0.820177
1281 0.811239
1282 0.810472
1283 0.810181
1284 0.809026
1285 0.82094
1286 0.81989
1287 0.820834
1288 0.81943
1289 0.82294
1290 0.822579
1291 0.820633
1292 0.82035
1293 0.822516
1294 0.822536
1295 0.817225
1296 0.813298
1297 0.81265
1298 0.813361
1299 0.81765
1300 0.818302
1301 0.816278
1302 0.822795
1303 0.821553
1304 0.823448
1305 0.823078
1306 0.821679
1307 0.819823
1308 0.819702
1309 0.81989
1310 0.822536
1311 0.821066
1312 0.817339
1313 0.81818
1314 0.817536
1315 0.816895
1316 0.814993
1317 0.815264
1318 0.813487
1319 0.805189
1320 0.815209
1321 0.80506
1322 0.801569
1323 0.802343
1324 0.800614
1325 0.798358
1326 0.799399
1327 0.798303
1328 0.807945
1329 0.80888
1330 0.807088
1331 0.805307
1332 0.805767
1333 0.805964
1334 0.805578
1335 0.805453
1336 0.802422
1337 0.800594
1338 0.801302
1339 0.800866
1340 0.799706
1341 0.800083
1342 0.80002
1343 0.799871
1344 0.800091
1345 0.799187
1346 0.799686
1347 0.799132
1348 0.79914
1349 0.798936
1350 0.799529
1351 0.799643
1352 0.799392
1353 0.799014
1354 0.798751
1355 0.798413
1356 0.798684
1357 0.79991
1358 0.799592
1359 0.800083
1360 0.802646
1361 0.803079
1362 0.802965
1363 0.803865
1364 0.804108
1365 0.804065
1366 0.804203
1367 0.804572
1368 0.805767
1369 0.806105
1370 0.806687
1371 0.806915
1372 0.806954
1373 0.808247
1374 0.808126
1375 0.808291
1376 0.807375
1377 0.805496
1378 0.805551
1379 0.806612
1380 0.805111
1381 0.804989
1382 0.804784
1383 0.80539
1384 0.805956
1385 0.802976
1386 0.803039
1387 0.803542
1388 0.804329
1389 0.804018
1390 0.804714
1391 0.805295
1392 0.805303
1393 0.80484
1394 0.80605
1395 0.806431
1396 0.809486
1397 0.809655
1398 0.809761
1399 0.809812
1400 0.809859
1401 0.809376
1402 0.811388
1403 0.81182
1404 0.811742
1405 0.811942
1406 0.812072
1407 0.813008
1408 0.813656
1409 0.813971
1410 0.818416
1411 0.818483
1412 0.818479
1413 0.818298
1414 0.817831
1415 0.818998
1416 0.818998
1417 0.819517
1418 0.819592
1419 0.822021
1420 0.82322
1421 0.822921
1422 0.822799
1423 0.822618
1424 0.822929
1425 0.823003
1426 0.821034
1427 0.82136
1428 0.821282
1429 0.821714
1430 0.823444
1431 0.823518
1432 0.824163
1433 0.824607
1434 0.824737
1435 0.830888
1436 0.831655
1437 0.830283
1438 0.83123
1439 0.830751
1440 0.830189
1441 0.833054
1442 0.833494
1443 0.833998
1444 0.833585
1445 0.835476
1446 0.835994
1447 0.837111
1448 0.840774
1449 0.843427
1450 0.844976
1451 0.847319
1452 0.848353
1453 0.848997
1454 0.85248
1455 0.857291
1456 0.854481
1457 0.857845
1458 0.86518
1459 0.867806
1460 0.874044
1461 0.87461
1462 0.876681
1463 0.878486
1464 0.88025
1465 0.884099
1466 0.886823
1467 0.887334
1468 0.891744
1469 0.887428
1470 0.891543
1471 0.892396
1472 0.896669
1473 0.909405
1474 0.90832
1475 0.910949
1476 0.913725
1477 0.908277
1478 0.909511
1479 0.91181
1480 0.910022
1481 0.913567
1482 0.914652
1483 0.915285
1484 0.917683
1485 0.928579
1486 0.9308
1487 0.941699
1488 0.936668
1489 0.936535
1490 0.936299
1491 0.938307
1492 0.93508
1493 0.938264
1494 0.940528
1495 0.9419
1496 0.949592
1497 0.954789
1498 0.956145
1499 0.954305
1500 0.955536
1501 0.956318
1502 0.956145
1503 0.949982
1504 0.946699
1505 0.947529
1506 0.94587
1507 0.945214
1508 0.942729
1509 0.943433
1510 0.944612
1511 0.951377
1512 0.945449
1513 0.951774
1514 0.945949
1515 0.944986
1516 0.94936
1517 0.949836
1518 0.945383
1519 0.938594
1520 0.937305
1521 0.932195
1522 0.942981
1523 0.9485
1524 0.938818
1525 0.938319
1526 0.934361
1527 0.925607
1528 0.925061
1529 0.923485
1530 0.933433
1531 0.930544
1532 0.929848
1533 0.927415
1534 0.928767
1535 0.914892
1536 0.911386
1537 0.910399
1538 0.915175
1539 0.911063
1540 0.91067
1541 0.899495
1542 0.890612
1543 0.888191
1544 0.880007
1545 0.873729
1546 0.86645
1547 0.877365
1548 0.870652
1549 0.866493
1550 0.859653
1551 0.851324
1552 0.850322
1553 0.853077
1554 0.85132
1555 0.851894
1556 0.859587
1557 0.854748
1558 0.850597
1559 0.856804
1560 0.852024
1561 0.855628
1562 0.861198
1563 0.854076
1564 0.854205
1565 0.854205
1566 0.854009
1567 0.852952
1568 0.85568
1569 0.856493
1570 0.861595
1571 0.864138
1572 0.860514
1573 0.864441
1574 0.865593
1575 0.866524
1576 0.865711
1577 0.867024
1578 0.871776
1579 0.874213
1580 0.865557
1581 0.867428
1582 0.872739
1583 0.874602
1584 0.874496
1585 0.862535
1586 0.866568
1587 0.859394
1588 0.860774
1589 0.858144
1590 0.861536
1591 0.861992
1592 0.866336
1593 0.856772
1594 0.862605
1595 0.872865
1596 0.874008
1597 0.881103
1598 0.86959
1599 0.868093
1600 0.869099
1601 0.869347
1602 0.869524
1603 0.870683
1604 0.875828
1605 0.88332
1606 0.880966
1607 0.869897
1608 0.862916
1609 0.857543
1610 0.852822
1611 0.866249
1612 0.861933
1613 0.864752
1614 0.877314
1615 0.875628
1616 0.864587
1617 0.864433
1618 0.872259
1619 0.877908
1620 0.872078
1621 0.878238
1622 0.86823
1623 0.850711
1624 0.849992
1625 0.849327
1626 0.842708
1627 0.837854
1628 0.840943
1629 0.828542
1630 0.827858
1631 0.835735
1632 0.842311
1633 0.849595
1634 0.85121
1635 0.845853
1636 0.85272
1637 0.858694
1638 0.864862
1639 0.871528
1640 0.875557
1641 0.89562
1642 0.89323
1643 0.899169
1644 0.903744
1645 0.889401
1646 0.90753
1647 0.85305
1648 0.86595
1649 0.853266
1650 0.860546
1651 0.858286
1652 0.855047
1653 0.851375
1654 0.855699
1655 0.850393
1656 0.861921
1657 0.865168
1658 0.869335
1659 0.862562
1660 0.87731
1661 0.88437
1662 0.893316
1663 0.874539
1664 0.886206
1665 0.889492
1666 0.897679
1667 0.901759
1668 0.906775
1669 0.904145
1670 0.906838
1671 0.905423
1672 0.899106
1673 0.889963
1674 0.896752
1675 0.886791
1676 0.893878
1677 0.888489
1678 0.880577
1679 0.876406
1680 0.885746
1681 0.892286
1682 0.883941
1683 0.876414
1684 0.874398
1685 0.867075
1686 0.870314
1687 0.870903
1688 0.839548
1689 0.833569
1690 0.832779
1691 0.819886
1692 0.819261
1693 0.820594
1694 0.826337
1695 0.826588
1696 0.824018
1697 0.826175
1698 0.82704
1699 0.828231
1700 0.836411
1701 0.827799
1702 0.82726
1703 0.821321
1704 0.818691
1705 0.821805
1706 0.821415
1707 0.81921
1708 0.818507
1709 0.801919
1710 0.809871
1711 0.805669
1712 0.821474
1713 0.814741
1714 0.814014
1715 0.807638
1716 0.801789
1717 0.80322
1718 0.810004
1719 0.812595
1720 0.817595
1721 0.814285
1722 0.814792
1723 0.814537
1724 0.814941
1725 0.810767
1726 0.814324
1727 0.812143
1728 0.815193
1729 0.817347
1730 0.788692
1731 0.791872
1732 0.787057
1733 0.772482
1734 0.76894
1735 0.728045
1736 0.738964
1737 0.711815
1738 0.708718
1739 0.707428
1740 0.702012
1741 0.700046
1742 0.689135
1743 0.673396
1744 0.705942
1745 0.6825
1746 0.698101
1747 0.673982
1748 0.657072
1749 0.62699
1750 0.630614
1751 0.620036
1752 0.601637
1753 0.598272
1754 0.586641
1755 0.597537
1756 0.584817
1757 0.591767
1758 0.579872
1759 0.576551
1760 0.559417
1761 0.565832
1762 0.575682
1763 0.578151
1764 0.56968
1765 0.562911
1766 0.577325
1767 0.579405
1768 0.586205
1769 0.591043
1770 0.592136
1771 0.599369
1772 0.600768
1773 0.601094
1774 0.598759
1775 0.602859
1776 0.601535
1777 0.598032
1778 0.596873
1779 0.590308
1780 0.588374
1781 0.579672
1782 0.571437
1783 0.568882
1784 0.557825
1785 0.547232
1786 0.543262
1787 0.536222
1788 0.530813
1789 0.525451
1790 0.52044
1791 0.51954
1792 0.515998
1793 0.50976
1794 0.495767
1795 0.490397
1796 0.481875
1797 0.478247
1798 0.475567
1799 0.474049
1800 0.470539
1801 0.464828
1802 0.465052
1803 0.465822
1804 0.466919
1805 0.467446
1806 0.465252
1807 0.462241
1808 0.465905
1809 0.466664
1810 0.458908
1811 0.459254
1812 0.460657
1813 0.461668
1814 0.462363
1815 0.455072
1816 0.455445
1817 0.44486
1818 0.432053
1819 0.433453
1820 0.431401
1821 0.426826
1822 0.427899
1823 0.426138
1824 0.426232
1825 0.426189
1826 0.421802
1827 0.425006
1828 0.422592
1829 0.416527
1830 0.41089
1831 0.409979
1832 0.40595
1833 0.40363
1834 0.400195
1835 0.400702
1836 0.396846
1837 0.40227
1838 0.403151
1839 0.391445
1840 0.382408
1841 0.380046
1842 0.366202
1843 0.362881
1844 0.353388
1845 0.33794
1846 0.333325
1847 0.328782
1848 0.321518
1849 0.319289
1850 0.310457
1851 0.30289
1852 0.299671
1853 0.294946
1854 0.283747
1855 0.280497
1856 0.275544
1857 0.274278
1858 0.274502
1859 0.272332
1860 0.263952
1861 0.261075
1862 0.259585
1863 0.252042
1864 0.24889
1865 0.243736
1866 0.234896
1867 0.232632
1868 0.231685
1869 0.234212
1870 0.236119
1871 0.241331
1872 0.238033
1873 0.23898
1874 0.247663
1875 0.253563
1876 0.253339
1877 0.257427
1878 0.264467
1879 0.272851
1880 0.281102
1881 0.288122
1882 0.291966
1883 0.293814
1884 0.30445
1885 0.312504
1886 0.314466
1887 0.322685
1888 0.331242
1889 0.341089
1890 0.352924
1891 0.360707
1892 0.367122
1893 0.376913
1894 0.382192
1895 0.383136
1896 0.388882
1897 0.39141
1898 0.397219
1899 0.409731
1900 0.413485
1901 0.429903
1902 0.443052
1903 0.460433
1904 0.471286
1905 0.490338
1906 0.496038
1907 0.54257
1908 0.52608
1909 0.532051
1910 0.527444
1911 0.526639
1912 0.53485
1913 0.530821
1914 0.528482
1915 0.524044
1916 0.518738
1917 0.50713
1918 0.54957
1919 0.511273
1920 0.49873
1921 0.496918
1922 0.495397
1923 0.493451
1924 0.504847
1925 0.476321
1926 0.461294
1927 0.459521
1928 0.451731
1929 0.449156
1930 0.445351
1931 0.438516
1932 0.426602
1933 0.435623
1934 0.421468
1935 0.396708
1936 0.395128
1937 0.39207
1938 0.381909
1939 0.378442
1940 0.37301
1941 0.361265
1942 0.36588
1943 0.361053
1944 0.355381
1945 0.352897
1946 0.342944
1947 0.33373
1948 0.328078
1949 0.312288
1950 0.300221
1951 0.294714
1952 0.284946
1953 0.272608
1954 0.266161
1955 0.241107
1956 0.232432
1957 0.223937
1958 0.214586
1959 0.204901
1960 0.19823
1961 0.18601
1962 0.170424
1963 0.170043
1964 0.159615
1965 0.148581
1966 0.149965
1967 0.135712
1968 0.132053
1969 0.128932
1970 0.114514
1971 0.103327
1972 0.0987634
1973 0.089821
1974 0.0813149
1975 0.0775846
1976 0.0694756
1977 0.0656706
1978 0.0634183
1979 0.0597785
1980 0.0577856
1981 0.0574829
1982 0.0585088
1983 0.0582298
1984 0.057817
1985 0.0572549
1986 0.0568147
1987 0.0567557
1988 0.0562212
1989 0.0562605
1990 0.0563469
1991 0.0570309
1992 0.0573257
1993 0.0574318
1994 0.0579507
1995 0.0582258
1996 0.0581354
1997 0.057538
1998 0.0586464
1999 0.0584577
2000 0.0590041
2001 0.0674984
2002 0.0718615
2003 0.0844516
2004 0.101228
2005 0.110387
2006 0.127882
2007 0.145342
2008 0.15561
2009 0.175287
2010 0.197523
2011 0.207067
2012 0.230682
2013 0.248406
2014 0.246287
2015 0.260391
2016 0.278688
2017 0.289832
2018 0.311011
2019 0.325028
2020 0.326895
2021 0.334607
2022 0.348585
2023 0.355856
2024 0.366061
2025 0.386147
2026 0.398387
2027 0.410533
2028 0.428559
2029 0.43883
2030 0.452804
2031 0.467654
2032 0.447765
2033 0.442714
2034 0.445835
2035 0.474214
2036 0.473727
2037 0.445445
2038 0.442517
2039 0.428669
2040 0.423182
2041 0.414177
2042 0.401708
2043 0.391292
2044 0.386614
2045 0.379134
2046 0.368973
2047 0.370302
2048 0.364795
2049 0.358034
2050 0.352889
2051 0.336435
2052 0.332099
2053 0.32219
2054 0.30322
2055 0.287886
2056 0.282085
2057 0.260756
2058 0.255002
2059 0.237514
2060 0.211768
2061 0.204083
2062 0.201379
2063 0.185243
2064 0.17476
2065 0.16963
2066 0.16261
2067 0.153911
2068 0.154285
2069 0.143994
2070 0.13708
2071 0.13243
2072 0.128645
2073 0.122886
2074 0.115461
2075 0.107918
2076 0.10352
2077 0.101621
2078 0.0954301
2079 0.0883313
2080 0.0855797
2081 0.0793889
2082 0.0735871
2083 0.0716925
2084 0.0669049
2085 0.0666572
2086 0.0657217
2087 0.0653562
2088 0.064456
2089 0.0641573
2090 0.0636935
2091 0.0637839
2092 0.0640826
2093 0.0636463
2094 0.0635087
2095 0.0638153
2096 0.0639883
2097 0.0635362
2098 0.0635205
2099 0.0634891
2100 0.067691
2101 0.0736932
2102 0.0809769
2103 0.0888933
2104 0.0929577
2105 0.101633
2106 0.110249
2107 0.115386
2108 0.125406
2109 0.135873
2110 0.142021
2111 0.153923
2112 0.165806
2113 0.171352
2114 0.184414
2115 0.196745
2116 0.203615
2117 0.216025
2118 0.22959
2119 0.235191
2120 0.24762
2121 0.260957
2122 0.270697
2123 0.287564
2124 0.302638
2125 0.309678
2126 0.327253
2127 0.341466
2128 0.346478
2129 0.357916
2130 0.369771
2131 0.374571
2132 0.38097
2133 0.390718
2134 0.394495
2135 0.397408
2136 0.402899
2137 0.400561
2138 0.398674
2139 0.40288
2140 0.404271
2141 0.407121
2142 0.413371
2143 0.414735
2144 0.417415
2145 0.419247
2146 0.412667
2147 0.406724
2148 0.40593
2149 0.40277
2150 0.396547
2151 0.379488
2152 0.377157
2153 0.361002
2154 0.359418
2155 0.361678
2156 0.361925
2157 0.367354
2158 0.3686
2159 0.372039
2160 0.371033
2161 0.372358
2162 0.371245
2163 0.370887
2164 0.372067
2165 0.366965
2166 0.362822
2167 0.365632
2168 0.356776
2169 0.354127
2170 0.352496
2171 0.350039
2172 0.3427
2173 0.34057
2174 0.331207
2175 0.314682
2176 0.308723
2177 0.298637
2178 0.270064
2179 0.25887
2180 0.246708
2181 0.234649
2182 0.228933
2183 0.216937
2184 0.204382
2185 0.199087
2186 0.188176
2187 0.175149
2188 0.170228
2189 0.160118
2190 0.152402
2191 0.146883
2192 0.134207
2193 0.123303
2194 0.119816
2195 0.109773
2196 0.10302
2197 0.0989403
2198 0.0918964
2199 0.0857212
2200 0.083752
2201 0.0789565
2202 0.0730132
2203 0.070301
2204 0.065195
2205 0.0629781
2206 0.0630921
2207 0.0615669
2208 0.05992
2209 0.0588154
2210 0.0581276
2211 0.0551874
2212 0.0538549
2213 0.0514571
2214 0.048965
2215 0.0473652
2216 0.0465634
2217 0.0457812
2218 0.0451287
2219 0.0458991
2220 0.0456436
2221 0.0458087
2222 0.0456672
2223 0.0460602
2224 0.0475343
2225 0.046866
2226 0.0465437
2227 0.0471255
2228 0.047892
2229 0.047491
2230 0.0472119
2231 0.0479391
2232 0.04755
2233 0.0481474
2234 0.0485405
2235 0.0466852
2236 0.0476836
2237 0.0475303
2238 0.0478566
2239 0.0487489
2240 0.0487213
2241 0.0482103
2242 0.0485091
2243 0.0479037
2244 0.0489729
2245 0.0492716
2246 0.0495704
2247 0.049079
2248 0.0485956
2249 0.0500342
2250 0.0498259
2251 0.0501914
2252 0.0507732
2253 0.0512056
2254 0.0512252
2255 0.0527267
2256 0.0519406
2257 0.0527307
2258 0.0524752
2259 0.0533753
2260 0.051748
2261 0.0523848
2262 0.054185
2263 0.0544641
2264 0.0544484
2265 0.0546135
2266 0.0553367
2267 0.0593815
2268 0.0684457
2269 0.0699079
2270 0.0763779
2271 0.0880011
2272 0.0936141
2273 0.100202
2274 0.103563
2275 0.108744
2276 0.116463
2277 0.121322
2278 0.124219
2279 0.127497
2280 0.131231
2281 0.132831
2282 0.13471
2283 0.135897
2284 0.137662
2285 0.138931
2286 0.140335
2287 0.140822
2288 0.142815
2289 0.144383
2290 0.145217
2291 0.147941
2292 0.148051
2293 0.148589
2294 0.148031
2295 0.145134
2296 0.147084
2297 0.14787
2298 0.15149
2299 0.153047
2300 0.155598
2301 0.159112
2302 0.160535
2303 0.163668
2304 0.165975
2305 0.168365
2306 0.169399
2307 0.168274
2308 0.16862
2309 0.16967
2310 0.167661
2311 0.166226
2312 0.162319
2313 0.163746
2314 0.160704
2315 0.155582
2316 0.149607
2317 0.147288
2318 0.143381
2319 0.142037
2320 0.141007
2321 0.139171
2322 0.133539
2323 0.130555
2324 0.124604
2325 0.117509
2326 0.119962
2327 0.115253
2328 0.114152
2329 0.111994
2330 0.111794
2331 0.10813
2332 0.106806
2333 0.104239
2334 0.101169
2335 0.0970142
2336 0.0937871
2337 0.0895969
2338 0.0856387
2339 0.0822819
2340 0.0815468
2341 0.0800178
2342 0.0775886
2343 0.0756429
2344 0.0748096
2345 0.0733395
2346 0.0723764
2347 0.0709968
2348 0.0683553
2349 0.064684
2350 0.0645307
2351 0.0639647
2352 0.0650692
2353 0.0646526
2354 0.0644246
2355 0.0624592
2356 0.0614608
2357 0.0617163
2358 0.0601873
2359 0.0592517
2360 0.0578092
2361 0.0579389
2362 0.0579585
2363 0.0558438
2364 0.0561072
2365 0.0561032
2366 0.0572549
2367 0.0578996
2368 0.0576126
2369 0.0597352
2370 0.0599121
2371 0.0605174
2372 0.0609341
2373 0.0620308
2374 0.0614058
2375 0.061221
2376 0.0604388
2377 0.0598649
2378 0.0601165
2379 0.0589923
2380 0.0583437
2381 0.0583359
2382 0.0577306
2383 0.0580293
2384 0.0661305
2385 0.0741413
2386 0.079322
2387 0.0890899
2388 0.0979537
2389 0.101719
2390 0.105917
2391 0.108653
2392 0.109447
2393 0.111499
2394 0.114298
2395 0.115041
2396 0.113975
2397 0.113291
2398 0.112069
2399 0.111923
2400 0.112831
2401 0.113248
2402 0.115096
2403 0.116908
2404 0.117599
2405 0.120846
2406 0.121837
2407 0.122713
2408 0.125268
2409 0.125995
2410 0.126294
2411 0.129034
2412 0.131601
2413 0.12936
2414 0.124981
2415 0.11758
2416 0.115249
2417 0.108661
2418 0.105072
2419 0.104349
2420 0.0999151
2421 0.0939404
2422 0.0905718
2423 0.0844516
2424 0.0786617
2425 0.0755721
2426 0.0690943
2427 0.0628484
2428 0.0597667
2429 0.0540828
2430 0.0491694
2431 0.0471215
2432 0.0439455
2433 0.0487842
2434 0.0527307
2435 0.0613625
2436 0.0657296
2437 0.0710596
2438 0.0758473
2439 0.0784062
2440 0.0800099
2441 0.0817905
2442 0.0834886
2443 0.0848604
2444 0.0866057
2445 0.0870262
2446 0.0881544
2447 0.0897895
2448 0.0912636
2449 0.0908626
2450 0.0938972
2451 0.0942234
2452 0.0950292
2453 0.09521
2454 0.0966958
2455 0.0939522
2456 0.0939954
2457 0.0953712
2458 0.0981384
2459 0.100477
2460 0.1051
2461 0.105355
2462 0.107627
2463 0.103736
2464 0.101542
2465 0.0964914
2466 0.0899428
2467 0.0867157
2468 0.0833825
2469 0.0787678
2470 0.0773527
2471 0.0742199
2472 0.0684103
2473 0.0664764
2474 0.0627265
2475 0.0604703
2476 0.060427
2477 0.0581236
2478 0.0576323
2479 0.0581472
2480 0.0568265
2481 0.0549948
2482 0.0538509
2483 0.054472
2484 0.0551677
2485 0.0558399
2486 0.0566417
2487 0.0575419
2488 0.057648
2489 0.058218
2490 0.0589727
2491 0.0593264
2492 0.0598846
2493 0.0607454
2494 0.0603917
2495 0.0615316
2496 0.0617124
2497 0.0619404
2498 0.0623216
2499 0.0630488
2500 0.0633004
2501 0.0636306
2502 0.0644246
2503 0.0642909
2504 0.0644324
2505 0.0646172
2506 0.0648963
2507 0.0645857
2508 0.0668538
2509 0.0697035
2510 0.0749432
2511 0.081142
2512 0.0858352
2513 0.0941251
2514 0.101818
2515 0.104361
2516 0.110316
2517 0.112167
2518 0.112906
2519 0.114691
2520 0.115367
2521 0.11576
2522 0.117509
2523 0.117415
2524 0.11778
2525 0.118751
2526 0.121286
2527 0.122253
2528 0.124518
2529 0.126047
2530 0.127088
2531 0.127835
2532 0.129368
2533 0.129604
2534 0.131031
2535 0.1323
2536 0.132937
2537 0.134152
2538 0.136223
2539 0.136211
2540 0.136884
2541 0.137717
2542 0.137332
2543 0.138181
2544 0.140091
2545 0.139651
2546 0.138527
2547 0.141313
2548 0.142497
2549 0.142292
2550 0.140806
2551 0.139273
2552 0.135425
2553 0.130583
2554 0.126833
2555 0.123142
2556 0.119525
2557 0.116011
2558 0.109105
2559 0.102553
2560 0.100041
2561 0.0924467
2562 0.0847071
2563 0.080914
2564 0.0741531
2565 0.0678482
2566 0.0641023
2567 0.058556
2568 0.0533596
2569 0.0509815
2570 0.0470115
2571 0.04426
2572 0.0439652
2573 0.0429314
2574 0.0417718
2575 0.0415438
2576 0.041532
2577 0.0415517
2578 0.0415831
2579 0.0416067
2580 0.0415792
2581 0.0415556
2582 0.0415596
2583 0.0415989
2584 0.0415792
2585 0.0415202
2586 0.0415202
2587 0.0415085
2588 0.0415124
2589 0.0415006
2590 0.0415006
2591 0.0415242
2592 0.041532
2593 0.0415713
2594 0.0415713
2595 0.0415713
2596 0.041532
2597 0.0416028
2598 0.0416146
2599 0.0416028
2600 0.0415949
2601 0.0416224
2602 0.0416067
2603 0.0416067
2604 0.041591
2605 0.0416107
2606 0.0416028
2607 0.0416146
2608 0.0416146
2609 0.0416303
2610 0.0416893
2611 0.0416814
2612 0.0415989
2613 0.0415989
2614 0.0416028
2615 0.0416224
2616 0.0416224
2617 0.0416185
2618 0.0416264
2619 0.0416067
2620 0.0416618
2621 0.0416028
2622 0.0416028
2623 0.0416107
2624 0.0415792
2625 0.0454706
2626 0.0486113
2627 0.0555097
2628 0.0620268
2629 0.0647941
2630 0.0673176
2631 0.0727263
2632 0.0743732
2633 0.0770501
2634 0.0786381
2635 0.0790626
2636 0.0789329
2637 0.0811773
2638 0.0844595
2639 0.0944593
2640 0.104353
2641 0.109754
2642 0.118979
2643 0.1323
2644 0.140822
2645 0.152272
2646 0.163589
2647 0.168463
2648 0.182488
2649 0.190679
2650 0.195707
2651 0.204653
2652 0.214641
2653 0.217963
2654 0.222436
2655 0.225065
2656 0.22584
2657 0.235863
2658 0.238674
2659 0.242199
2660 0.251244
2661 0.254334
2662 0.252895
2663 0.252871
2664 0.252026
2665 0.248418
2666 0.245533
2667 0.241425
2668 0.237789
2669 0.237023
2670 0.236123
2671 0.232483
2672 0.22733
2673 0.234138
2674 0.243398
2675 0.242919
2676 0.2483
2677 0.249739
2678 0.252659
2679 0.253972
2680 0.249377
2681 0.237978
2682 0.232734
2683 0.229912
2684 0.225856
2685 0.211088
2686 0.209492
2687 0.206332
2688 0.203576
2689 0.209771
2690 0.201438
2691 0.196238
2692 0.187444
2693 0.180613
2694 0.182523
2695 0.180027
2696 0.174269
2697 0.16772
2698 0.164603
2699 0.158876
2700 0.152477
2701 0.148864
2702 0.142202
2703 0.134954
2704 0.132041
2705 0.125406
2706 0.118755
2707 0.11517
2708 0.108763
2709 0.103146
2710 0.102042
2711 0.0992154
2712 0.0999269
2713 0.100041
2714 0.100642
2715 0.101071
2716 0.10133
2717 0.101106
2718 0.101169
2719 0.100426
2720 0.100485
2721 0.100709
2722 0.101157
2723 0.0991683
2724 0.103284
2725 0.10337
2726 0.103976
2727 0.104856
2728 0.105803
2729 0.110162
2730 0.115072
2731 0.118547
2732 0.124777
2733 0.130123
2734 0.13186
2735 0.132658
2736 0.137367
2737 0.137866
2738 0.142446
2739 0.145146
2740 0.144965
2741 0.145948
2742 0.145838
2743 0.148271
2744 0.149651
2745 0.150873
2746 0.153644
2747 0.154289
2748 0.157768
2749 0.157402
2750 0.159273
2751 0.161781
2752 0.162547
2753 0.163392
2754 0.165087
2755 0.165024
2756 0.165845
2757 0.166596
2758 0.167276
2759 0.168223
2760 0.16603
2761 0.167932
2762 0.170476
2763 0.170912
2764 0.17261
2765 0.170888
2766 0.171317
2767 0.172653
2768 0.175727
2769 0.175711
2770 0.175959
2771 0.177001
2772 0.178722
2773 0.178372
2774 0.176549
2775 0.177716
2776 0.177547
2777 0.178506
2778 0.179312
2779 0.17967
2780 0.181678
2781 0.183262
2782 0.184441
2783 0.185247
2784 0.187582
2785 0.188286
2786 0.192008
2787 0.19178
2788 0.19336
2789 0.193344
2790 0.194225
2791 0.193313
2792 0.193879
2793 0.194284
2794 0.195286
2795 0.194107
2796 0.194433
2797 0.195047
2798 0.194056
2799 0.197507
2800 0.198223
2801 0.196599
2802 0.198702
2803 0.198223
2804 0.196155
2805 0.196434
2806 0.195801
2807 0.197543
2808 0.197149
2809 0.196572
2810 0.196065
2811 0.197609
2812 0.198262
2813 0.198167
2814 0.197963
2815 0.20051
2816 0.200502
2817 0.201937
2818 0.202169
2819 0.202629
2820 0.204669
2821 0.204716
2822 0.203073
2823 0.202625
2824 0.203262
2825 0.203124
2826 0.202318
2827 0.200903
2828 0.200691
2829 0.201237
2830 0.201123
2831 0.201241
2832 0.20095
2833 0.200671
2834 0.200876
2835 0.199331
2836 0.199284
2837 0.198407
2838 0.197912
2839 0.197983
2840 0.198447
2841 0.200546
2842 0.200931
2843 0.200483
2844 0.200361
2845 0.200538
2846 0.200208
2847 0.200298
2848 0.200506
2849 0.20066
2850 0.202008
2851 0.202267
2852 0.20393
2853 0.205891
2854 0.206961
2855 0.207283
2856 0.207605
2857 0.207409
2858 0.205498
2859 0.204091
2860 0.198934
2861 0.198851
2862 0.198659
2863 0.198368
2864 0.199024
2865 0.200962
2866 0.200998
2867 0.202417
2868 0.203564
2869 0.204315
2870 0.207385
2871 0.210423
2872 0.209571
2873 0.205325
2874 0.204877
2875 0.203639
2876 0.201862
2877 0.201088
2878 0.199795
2879 0.200785
2880 0.203116
2881 0.204543
2882 0.207723
2883 0.211155
2884 0.213077
2885 0.216166
2886 0.217707
2887 0.219264
2888 0.220042
2889 0.221724
2890 0.222609
2891 0.222613
2892 0.221048
2893 0.220207
2894 0.216744
2895 0.218049
2896 0.21847
2897 0.218725
2898 0.21922
2899 0.220038
2900 0.219661
2901 0.220069
2902 0.219433
2903 0.218808
2904 0.218191
2905 0.218454
2906 0.219445
2907 0.220915
2908 0.221595
2909 0.221599
2910 0.217397
2911 0.217546
2912 0.217868
2913 0.218442
2914 0.218497
2915 0.218195
2916 0.217542
2917 0.217577
2918 0.216508
2919 0.216921
2920 0.217098
2921 0.217959
2922 0.2188
2923 0.218831
2924 0.219441
2925 0.218544
2926 0.218293
2927 0.221091
2928 0.221905
2929 0.222754
2930 0.22558
2931 0.226999
2932 0.227518
2933 0.229802
2934 0.229751
2935 0.228807
2936 0.226764
2937 0.228183
2938 0.228045
2939 0.231406
2940 0.232239
2941 0.232778
2942 0.232746
2943 0.233002
2944 0.234275
2945 0.237168
2946 0.243949
2947 0.247769
2948 0.25275
2949 0.256802
2950 0.259412
2951 0.264656
2952 0.266016
2953 0.270233
2954 0.273677
2955 0.278441
2956 0.280862
2957 0.285917
2958 0.292705
2959 0.296609
2960 0.302776
2961 0.308715
2962 0.311129
2963 0.317827
2964 0.322744
2965 0.325716
2966 0.332516
2967 0.337252
2968 0.342948
2969 0.350841
2970 0.355428
2971 0.357963
2972 0.363254
2973 0.369425
2974 0.37222
2975 0.374979
2976 0.381249
2977 0.385628
2978 0.389704
2979 0.392986
2980 0.394841
2981 0.399739
2982 0.404951
2983 0.408905
2984 0.411838
2985 0.430678
2986 0.430792
2987 0.433869
2988 0.436071
2989 0.439148
2990 0.44635
2991 0.45269
2992 0.459062
2993 0.468535
2994 0.467328
2995 0.470323
2996 0.474545
2997 0.48388
2998 0.491089
2999 0.500802
3000 0.50774
3001 0.511714
3002 0.522157
3003 0.530172
3004 0.534476
3005 0.542664
3006 0.550474
3007 0.552888
3008 0.55937
3009 0.571964
3010 0.599766
3011 0.608614
3012 0.617702
3013 0.619132
3014 0.636911
3015 0.647418
3016 0.652709
3017 0.665165
3018 0.670707
3019 0.67305
3020 0.678616
3021 0.686426
3022 0.689791
3023 0.695785
3024 0.698714
3025 0.701292
3026 0.704987
3027 0.707986
3028 0.711296
3029 0.717283
3030 0.730816
3031 0.733945
3032 0.737962
3033 0.743843
3034 0.744935
3035 0.770229
3036 0.774895
3037 0.777085
3038 0.770249
3039 0.760006
3040 0.754809
3041 0.752498
3042 0.739016
3043 0.736689
3044 0.734075
3045 0.734432
3046 0.733929
3047 0.733721
3048 0.733296
3049 0.731567
3050 0.731681
3051 0.729794
3052 0.728737
3053 0.729653
3054 0.727518
3055 0.725922
3056 0.723139
3057 0.72402
3058 0.723819
3059 0.72639
3060 0.733493
3061 0.734696
3062 0.734857
3063 0.736858
3064 0.734719
3065 0.741512
3066 0.737915
3067 0.738874
3068 0.734362
3069 0.734362
3070 0.739487
3071 0.738512
3072 0.738807
3073 0.739586
3074 0.743076
3075 0.744986
3076 0.745454
3077 0.743469
3078 0.743025
3079 0.742577
3080 0.739947
3081 0.740651
3082 0.746044
3083 0.750281
3084 0.751531
3085 0.76317
3086 0.758363
3087 0.767211
3088 0.767042
3089 0.762128
3090 0.76444
3091 0.764899
3092 0.764314
3093 0.764031
3094 0.763331
3095 0.76201
3096 0.76144
3097 0.76192
3098 0.761857
3099 0.762313
3100 0.762789
3101 0.764377
3102 0.764754
3103 0.764149
3104 0.765847
3105 0.766401
3106 0.762561
3107 0.76352
3108 0.763877
3109 0.763995
3110 0.767183
3111 0.766539
3112 0.76565
3113 0.766059
3114 0.765733
3115 0.766704
3116 0.765002
3117 0.763701
3118 0.763956
3119 0.765473
3120 0.766275
3121 0.766515
3122 0.765937
3123 0.766075
3124 0.765984
3125 0.765921
3126 0.765921
3127 0.765819
3128 0.766483
3129 0.765438
3130 0.764758
3131 0.76727
3132 0.769133
3133 0.767537
3134 0.766723
3135 0.774341
3136 0.772352
3137 0.772183
3138 0.771951
3139 0.772254
3140 0.771782
3141 0.773001
3142 0.771735
3143 0.770509
3144 0.768213
3145 0.768185
3146 0.777301
3147 0.777509
3148 0.767356
3149 0.776821
3150 0.777537
3151 0.777792
3152 0.775548
3153 0.775045
3154 0.774982
3155 0.774329
3156 0.772627
3157 0.771597
3158 0.769836
3159 0.769774
3160 0.767651
3161 0.769333
3162 0.770379
3163 0.769986
3164 0.768901
3165 0.769475
3166 0.769648
3167 0.76918
3168 0.769435
3169 0.768677
3170 0.767997
3171 0.768716
3172 0.767785
3173 0.767973
3174 0.768355
3175 0.768044
3176 0.769683
3177 0.770607
3178 0.770615
3179 0.770155
3180 0.770528
3181 0.767675
3182 0.768748
3183 0.770049
3184 0.771365
3185 0.778869
3186 0.780449
3187 0.778861
3188 0.778177
3189 0.778834
3190 0.776924
3191 0.779003
3192 0.778991
3193 0.779306
3194 0.78335
3195 0.780756
3196 0.780438
3197 0.778814
3198 0.777368
3199 0.777324
3200 0.776609
3201 0.777313
3202 0.776295
3203 0.776503
3204 0.776106
3205 0.776063
3206 0.776613
3207 0.775607
3208 0.776648
3209 0.77642
3210 0.778315
3211 0.779596
3212 0.779376
3213 0.779545
3214 0.779589
3215 0.779439
3216 0.780941
3217 0.780335
3218 0.781149
3219 0.781035
3220 0.780414
3221 0.778504
3222 0.778684
3223 0.778629
3224 0.778708
3225 0.779989
3226 0.780135
3227 0.783802
3228 0.78631
3229 0.78666
3230 0.787179
3231 0.786809
3232 0.786699
3233 0.787037
3234 0.78708
3235 0.785166
3236 0.785327
3237 0.78484
3238 0.784451
3239 0.784942
3240 0.7844
3241 0.784722
3242 0.784105
3243 0.785095
3244 0.78486
3245 0.785033
3246 0.784372
3247 0.784781
3248 0.784836
3249 0.784824
3250 0.784785
3251 0.783983
3252 0.78372
3253 0.783857
3254 0.782423
3255 0.781369
3256 0.781483
3257 0.780988
3258 0.782328
3259 0.783268
3260 0.781294
3261 0.7805
3262 0.781456
3263 0.783621
3264 0.784388
3265 0.782765
3266 0.781353
3267 0.781656
3268 0.78118
3269 0.782167
3270 0.782387
3271 0.783236
3272 0.782871
3273 0.783028
3274 0.783024
3275 0.782851
3276 0.787462
3277 0.787599
3278 0.787863
3279 0.788653
3280 0.788472
3281 0.788555
3282 0.790304
3283 0.791094
3284 0.791951
3285 0.797866
3286 0.797068
3287 0.797104
3288 0.795583
3289 0.79383
3290 0.79337
3291 0.794738
3292 0.795099
3293 0.796805
3294 0.79701
3295 0.796102
3296 0.795197
3297 0.79598
3298 0.793672
3299 0.793452
3300 0.7923
3301 0.793802
3302 0.792234
3303 0.792281
3304 0.793806
3305 0.794867
3306 0.794423
3307 0.793971
3308 0.793472
3309 0.793452
3310 0.794596
3311 0.795418
3312 0.795555
3313 0.795822
3314 0.795127
3315 0.794179
3316 0.793515
3317 0.79311
3318 0.792674
3319 0.793598
3320 0.792867
3321 0.79015
3322 0.7914
3323 0.791145
3324 0.790712
3325 0.791695
3326 0.790787
3327 0.791251
3328 0.791188
3329 0.790308
3330 0.78958
3331 0.790158
3332 0.790457
3333 0.790453
3334 0.790292
3335 0.784081
3336 0.784246
3337 0.784541
3338 0.784463
3339 0.783327
3340 0.783209
3341 0.783095
3342 0.782839
3343 0.782651
3344 0.782941
3345 0.782745
3346 0.782061
3347 0.782313
3348 0.781809
3349 0.782045
3350 0.78199
3351 0.782167
3352 0.781782
3353 0.781613
3354 0.78166
3355 0.782222
3356 0.782847
3357 0.783213
3358 0.782938
3359 0.782666
3360 0.785127
3361 0.784541
3362 0.785092
3363 0.784663
3364 0.784231
3365 0.783696
3366 0.782273
3367 0.78164
3368 0.779899
3369 0.778692
3370 0.778189
3371 0.777458
3372 0.776806
3373 0.776692
3374 0.776766
3375 0.776271
3376 0.776098
3377 0.775764
3378 0.775729
3379 0.775642
3380 0.775182
3381 0.775501
3382 0.775402
3383 0.77631
3384 0.776283
3385 0.776098
3386 0.774958
3387 0.774467
3388 0.774172
3389 0.774365
3390 0.774247
3391 0.774113
3392 0.773594
3393 0.772946
3394 0.772828
3395 0.773209
3396 0.772784
3397 0.772584
3398 0.772698
3399 0.773846
3400 0.775104
3401 0.776464
3402 0.776259
3403 0.776393
3404 0.776385
3405 0.776279
3406 0.77611
3407 0.776122
3408 0.775921
3409 0.775202
3410 0.77449
3411 0.773806
3412 0.772973
3413 0.771483
3414 0.770709
3415 0.770607
3416 0.770422
3417 0.772211
3418 0.772226
3419 0.771912
3420 0.772085
3421 0.770803
3422 0.770976
3423 0.770752
3424 0.770799
3425 0.771153
3426 0.770414
3427 0.770265
3428 0.771153
3429 0.771134
3430 0.770921
3431 0.770674
3432 0.772183
3433 0.772234
3434 0.776137
3435 0.787395
3436 0.786605
3437 0.786935
3438 0.786982
3439 0.78846
3440 0.788661
3441 0.790563
3442 0.790799
3443 0.791161
3444 0.791227
3445 0.791035
3446 0.792029
3447 0.792442
3448 0.792143
3449 0.793028
3450 0.79427
3451 0.795642
3452 0.7953
3453 0.795516
3454 0.795197
3455 0.7946
3456 0.794907
3457 0.795272
3458 0.795024
3459 0.794722
3460 0.805425
3461 0.805166
3462 0.804965
3463 0.80482
3464 0.804395
3465 0.804069
3466 0.803947
3467 0.803908
3468 0.80346
3469 0.804132
3470 0.803369
3471 0.803472
3472 0.802638
3473 0.802528
3474 0.802568
3475 0.802135
3476 0.802296
3477 0.801774
3478 0.801652
3479 0.801789
3480 0.801726
3481 0.80094
3482 0.800854
3483 0.801003
3484 0.801035
3485 0.812622
3486 0.811211
3487 0.811105
3488 0.81059
3489 0.809525
3490 0.810398
3491 0.812151
3492 0.813798
3493 0.816561
3494 0.819069
3495 0.836957
3496 0.834159
3497 0.819961
3498 0.818719
3499 0.817834
3500 0.824222
3501 0.826659
3502 0.825908
3503 0.827917
3504 0.826734
3505 0.826596
3506 0.825975
3507 0.828176
3508 0.821183
3509 0.820684
3510 0.816871
3511 0.815614
3512 0.816227
3513 0.813868
3514 0.813161
3515 0.813872
3516 0.811604
3517 0.811203
3518 0.810405
3519 0.81186
3520 0.809769
3521 0.809093
3522 0.809309
3523 0.808244
3524 0.80798
3525 0.80778
3526 0.808967
3527 0.809093
3528 0.80846
3529 0.80899
3530 0.809085
3531 0.808106
3532 0.808035
3533 0.807909
3534 0.807599
3535 0.804006
3536 0.804038
3537 0.804474
3538 0.804368
3539 0.804466
3540 0.806145
3541 0.805783
3542 0.805838
3543 0.805641
3544 0.806011
3545 0.806203
3546 0.801998
3547 0.801962
3548 0.80138
3549 0.801255
3550 0.80109
3551 0.800893
3552 0.800767
3553 0.800461
3554 0.801109
3555 0.800708
3556 0.800351
3557 0.800661
3558 0.800732
3559 0.800256
3560 0.803307
3561 0.803063
3562 0.802776
3563 0.803004
3564 0.803024
3565 0.803149
3566 0.803212
3567 0.804046
3568 0.802607
3569 0.801538
3570 0.800551
3571 0.801204
3572 0.802002
3573 0.802064
3574 0.802002
3575 0.802116
3576 0.801711
3577 0.801935
3578 0.802422
3579 0.803169
3580 0.802277
3581 0.802457
3582 0.802414
3583 0.802123
3584 0.80173
3585 0.801498
3586 0.801573
3587 0.801746
3588 0.801439
3589 0.800107
3590 0.800072
3591 0.800111
3592 0.800241
3593 0.800759
3594 0.794018
3595 0.793378
3596 0.793668
3597 0.792187
3598 0.792344
3599 0.792556
3600 0.792745
3601 0.791499
3602 0.792045
3603 0.792336
3604 0.792175
3605 0.793055
3606 0.794144
3607 0.794333
3608 0.795366
3609 0.794246
3610 0.794124
3611 0.794561
3612 0.793727
3613 0.794848
3614 0.794899
3615 0.795068
3616 0.795445
3617 0.795237
3618 0.795775
3619 0.803004
3620 0.802406
3621 0.803625
3622 0.803401
3623 0.803676
3624 0.800889
3625 0.799985
3626 0.799993
3627 0.799922
3628 0.801561
3629 0.80289
3630 0.803735
3631 0.804101
3632 0.804065
3633 0.804258
3634 0.804317
3635 0.804387
3636 0.804093
3637 0.805669
3638 0.808884
3639 0.810284
3640 0.810818
3641 0.810956
3642 0.811251
3643 0.811718
3644 0.814749
3645 0.814368
3646 0.815897
3647 0.812548
3648 0.812909
3649 0.813188
3650 0.813165
3651 0.812768
3652 0.813566
3653 0.815885
3654 0.815716
3655 0.816223
3656 0.816573
3657 0.816388
3658 0.816522
3659 0.818196
3660 0.818251
3661 0.81879
3662 0.818963
3663 0.82
3664 0.82026
3665 0.820492
3666 0.821081
3667 0.821498
3668 0.821871
3669 0.818491
3670 0.818267
3671 0.81798
3672 0.814407
3673 0.811589
3674 0.812037
3675 0.811211
3676 0.810877
3677 0.811211
3678 0.811133
3679 0.810885
3680 0.810614
3681 0.810618
3682 0.811258
3683 0.810712
3684 0.810936
3685 0.811408
3686 0.811565
3687 0.811868
3688 0.811714
3689 0.81127
3690 0.810889
3691 0.810842
3692 0.810162
3693 0.809965
3694 0.809187
3695 0.808888
3696 0.80914
3697 0.809364
3698 0.80971
3699 0.809588
3700 0.809486
3701 0.809242
3702 0.808959
3703 0.808165
3704 0.807894
3705 0.807902
3706 0.807791
3707 0.807599
3708 0.807367
3709 0.80719
3710 0.806388
3711 0.805689
3712 0.805806
3713 0.805783
3714 0.805708
3715 0.805767
3716 0.805763
3717 0.805484
3718 0.805779
3719 0.802025
3720 0.801707
3721 0.802005
3722 0.801459
3723 0.801601
3724 0.801675
3725 0.80052
3726 0.800535
3727 0.800005
3728 0.79938
3729 0.800024
3730 0.79991
3731 0.8003
3732 0.800138
3733 0.800241
3734 0.800693
3735 0.800909
3736 0.800528
3737 0.800449
3738 0.800889
3739 0.801192
3740 0.80127
3741 0.801329
3742 0.801459
3743 0.801247
3744 0.799148
3745 0.799612
3746 0.798767
3747 0.798747
3748 0.798739
3749 0.798723
3750 0.800142
3751 0.80006
3752 0.799804
3753 0.799785
3754 0.798939
3755 0.798778
3756 0.799109
3757 0.798303
3758 0.797949
3759 0.798075
3760 0.797375
3761 0.796703
3762 0.796263
3763 0.795201
3764 0.794942
3765 0.79333
3766 0.79243
3767 0.791157
3768 0.790933
3769 0.785555
3770 0.784856
3771 0.785386
3772 0.784761
3773 0.785253
3774 0.784864
3775 0.785453
3776 0.784954
3777 0.784962
3778 0.785579
3779 0.785512
3780 0.785811
3781 0.786003
3782 0.786196
3783 0.785752
3784 0.785791
3785 0.787191
3786 0.786687
3787 0.786342
3788 0.786518
3789 0.78447
3790 0.78484
3791 0.784608
3792 0.784667
3793 0.784266
3794 0.785756
3795 0.78539
3796 0.785213
3797 0.785548
3798 0.784879
3799 0.784199
3800 0.78324
3801 0.783484
3802 0.783429
3803 0.784981
3804 0.785029
3805 0.784742
3806 0.78438
3807 0.784195
3808 0.789293
3809 0.797108
3810 0.801644
3811 0.811231
3812 0.817563
3813 0.820967
3814 0.821148
3815 0.858254
3816 0.870262
3817 0.898544
3818 0.904821
3819 0.914817
3820 0.91503
3821 0.91543
3822 0.915497
3823 0.91725
3824 0.917329
3825 0.917667
3826 0.919605
3827 0.930265
3828 0.931252
3829 0.93137
3830 0.936692
3831 0.932333
3832 0.940968
3833 0.936774
3834 0.941648
3835 0.937065
3836 0.937226
3837 0.937006
3838 0.93688
3839 0.941605
3840 0.94168
3841 0.941656
3842 0.937148
3843 0.937101
3844 0.935336
3845 0.934656
3846 0.934895
3847 0.935029
3848 0.935116
3849 0.935454
3850 0.935697
3851 0.935068
3852 0.934864
3853 0.935009
3854 0.935002
3855 0.935344
3856 0.935697
3857 0.935344
3858 0.935092
3859 0.934935
3860 0.935174
3861 0.934935
3862 0.935072
3863 0.935029
3864 0.935104
3865 0.934943
3866 0.935057
3867 0.934994
3868 0.935163
3869 0.935866
3870 0.935568
3871 0.935615
3872 0.940843
3873 0.934994
3874 0.93532
3875 0.935249
3876 0.940084
3877 0.935249
3878 0.935414
3879 0.935976
3880 0.941039
3881 0.941413
3882 0.940206
3883 0.940025
3884 0.940387
3885 0.934848
3886 0.935693
3887 0.937403
3888 0.937266
3889 0.937042
3890 0.93692
3891 0.936829
3892 0.937034
3893 0.937435
3894 0.936762
3895 0.928335
3896 0.92898
3897 0.928689
3898 0.928539
3899 0.92872
3900 0.929157
3901 0.929212
3902 0.928594
3903 0.928771
3904 0.927836
3905 0.925784
3906 0.92578
3907 0.925462
3908 0.925131
3909 0.92576
3910 0.923893
3911 0.921185
3912 0.921574
3913 0.918842
3914 0.915183
3915 0.914715
3916 0.912109
3917 0.911861
3918 0.91183
3919 0.911901
3920 0.911331
3921 0.916201
3922 0.917191
3923 0.916433
3924 0.918335
3925 0.918131
3926 0.917195
3927 0.917077
3928 0.9176
3929 0.917384
3930 0.917187
3931 0.917934
3932 0.921452
3933 0.918217
3934 0.928701
3935 0.930202
3936 0.930351
3937 0.93098
3938 0.931802
3939 0.931696
3940 0.932254
3941 0.932356
3942 0.9328
3943 0.932985
3944 0.928492
3945 0.928406
3946 0.92876
3947 0.928598
3948 0.928929
3949 0.92876
3950 0.92848
3951 0.928638
3952 0.928488
3953 0.928355
3954 0.928276
3955 0.92874
3956 0.933779
3957 0.928968
3958 0.929196
3959 0.929247
3960 0.928929
3961 0.928194
3962 0.928323
3963 0.925029
3964 0.929007
3965 0.93418
3966 0.933976
3967 0.933752
3968 0.933885
3969 0.931723
3970 0.931519
3971 0.931641
3972 0.931967
3973 0.931849
3974 0.931295
3975 0.932223
3976 0.931271
3977 0.932415
3978 0.930831
3979 0.931047
3980 0.929939
3981 0.931484
3982 0.929919
3983 0.929746
3984 0.929589
3985 0.929491
3986 0.929345
3987 0.929298
3988 0.92916
3989 0.929188
3990 0.929212
3991 0.929243
3992 0.929534
3993 0.929624
3994 0.934408
3995 0.935784
3996 0.936637
3997 0.931307
3998 0.929872
3999 0.927753
4000 0.922533
4001 0.921716
4002 0.920851
4003 0.924923
4004 0.925733
4005 0.92887
4006 0.934628
4007 0.93699
4008 0.936468
4009 0.936377
4010 0.936456
4011 0.931169
4012 0.931633
4013 0.930206
4014 0.930469
4015 0.930925
4016 0.936086
4017 0.935839
4018 0.935792
4019 0.930249
4020 0.92997
4021 0.930489
4022 0.930485
4023 0.930536
4024 0.930737
4025 0.930686
4026 0.930764
4027 0.930768
4028 0.930768
4029 0.93065
4030 0.930686
4031 0.930831
4032 0.930882
4033 0.930485
4034 0.930528
4035 0.93098
4036 0.930925
4037 0.930733
4038 0.930949
4039 0.931008
4040 0.930992
4041 0.930764
4042 0.922863
4043 0.918795
4044 0.91203
4045 0.909605
4046 0.910065
4047 0.91082
4048 0.915544
4049 0.91635
4050 0.913453
4051 0.91718
4052 0.914794
4053 0.914125
4054 0.914184
4055 0.91569
4056 0.91455
4057 0.914888
4058 0.915348
4059 0.917486
4060 0.920242
4061 0.920273
4062 0.919797
4063 0.922144
4064 0.921731
4065 0.92784
4066 0.928174
4067 0.928406
4068 0.928245
4069 0.926668
4070 0.927073
4071 0.927219
4072 0.927596
4073 0.927942
4074 0.927683
4075 0.927116
4076 0.926869
4077 0.927325
4078 0.927836
4079 0.928076
4080 0.928083
4081 0.927313
4082 0.92736
4083 0.927203
4084 0.928111
4085 0.928335
4086 0.927667
4087 0.928477
4088 0.928394
4089 0.92804
4090 0.928111
4091 0.928072
4092 0.928028
4093 0.927958
4094 0.926315
4095 0.926016
4096 0.926303
4097 0.926016
4098 0.926342
4099 0.925867
4100 0.92637
4101 0.926122
4102 0.925969
4103 0.923917
4104 0.923284
4105 0.926464
4106 0.926723
4107 0.926924
4108 0.926771
4109 0.926896
4110 0.926554
4111 0.92683
4112 0.927014
4113 0.931248
4114 0.93124
4115 0.931114
4116 0.926535
4117 0.930634
4118 0.930599
4119 0.923791
4120 0.924188
4121 0.924695
4122 0.924774
4123 0.925128
4124 0.925395
4125 0.925623
4126 0.925399
4127 0.924868
4128 0.926185
4129 0.925733
4130 0.924727
4131 0.92442
4132 0.924145
4133 0.924204
4134 0.923606
4135 0.923775
4136 0.924113
4137 0.924738
4138 0.925147
4139 0.925391
4140 0.925733
4141 0.926291
4142 0.926248
4143 0.926079
4144 0.92556
4145 0.92523
4146 0.925092
4147 0.925304
4148 0.925163
4149 0.926051
4150 0.924915
4151 0.925112
4152 0.924927
4153 0.923988
4154 0.924373
4155 0.925281
4156 0.923882
4157 0.920627
4158 0.923791
4159 0.925564
4160 0.924707
4161 0.925159
4162 0.924935
4163 0.924935
4164 0.92442
4165 0.923398
4166 0.922246
4167 0.921051
4168 0.919872
4169 0.92032
4170 0.922789
4171 0.922176
4172 0.920061
4173 0.937773
4174 0.937847
4175 0.937222
4176 0.935886
4177 0.936106
4178 0.935843
4179 0.938233
4180 0.942993
4181 0.944368
4182 0.944864
4183 0.946809
4184 0.947466
4185 0.930151
4186 0.9294
4187 0.928826
4188 0.930642
4189 0.93212
4190 0.932714
4191 0.934015
4192 0.936027
4193 0.936094
4194 0.935359
4195 0.943775
4196 0.944895
4197 0.946766
4198 0.946078
4199 0.942611
4200 0.943716
4201 0.944317
4202 0.943763
4203 0.943433
4204 0.942281
4205 0.942914
4206 0.943779
4207 0.943795
4208 0.943185
4209 0.940288
4210 0.939718
4211 0.939828
4212 0.939133
4213 0.931869
4214 0.930611
4215 0.931947
4216 0.930501
4217 0.931892
4218 0.933469
4219 0.931436
4220 0.932561
4221 0.929774
4222 0.927659
4223 0.929954
4224 0.923559
4225 0.927341
4226 0.9283
4227 0.929318
4228 0.926495
4229 0.927588
4230 0.928991
4231 0.929876
4232 0.931024
4233 0.934369
4234 0.938492
4235 0.940799
4236 0.945115
4237 0.948083
4238 0.953841
4239 0.959698
4240 0.958743
4241 0.95881
4242 0.958554
4243 0.958047
4244 0.948535
4245 0.948224
4246 0.947183
4247 0.945072
4248 0.935949
4249 0.933221
4250 0.931991
4251 0.925383
4252 0.926841
4253 0.927403
4254 0.905344
4255 0.898127
4256 0.891791
4257 0.894511
4258 0.894759
4259 0.8938
4260 0.860707
4261 0.862535
4262 0.862794
4263 0.865589
4264 0.858215
4265 0.85619
4266 0.855393
4267 0.847539
4268 0.848757
4269 0.848754
4270 0.856572
4271 0.861682
4272 0.873824
4273 0.878222
4274 0.879657
4275 0.885121
4276 0.893992
4277 0.895042
4278 0.897817
4279 0.899051
4280 0.899582
4281 0.899283
4282 0.901437
4283 0.903387
4284 0.895529
4285 0.895175
4286 0.895254
4287 0.899692
4288 0.905446
4289 0.906299
4290 0.91196
4291 0.914695
4292 0.896024
4293 0.904534
4294 0.865042
4295 0.865208
4296 0.878446
4297 0.86005
4298 0.87213
4299 0.873934
4300 0.854602
4301 0.868804
4302 0.855216
4303 0.861544
4304 0.859724
4305 0.852307
4306 0.856682
4307 0.852555
4308 0.857185
4309 0.883419
4310 0.8763
4311 0.864131
4312 0.88992
4313 0.883053
4314 0.890561
4315 0.88654
4316 0.894472
4317 0.866682
4318 0.846423
4319 0.835935
4320 0.834505
4321 0.83691
4322 0.820484
4323 0.822056
4324 0.80379
4325 0.799136
4326 0.797245
4327 0.795598
4328 0.786416
4329 0.795252
4330 0.789128
4331 0.795626
4332 0.787497
4333 0.785768
4334 0.786373
4335 0.784911
4336 0.773315
4337 0.777902
4338 0.785139
4339 0.782438
4340 0.781959
4341 0.778739
4342 0.77438
4343 0.773504
4344 0.763815
4345 0.767431
4346 0.769152
4347 0.766554
4348 0.767553
4349 0.769424
4350 0.769223
4351 0.785225
4352 0.788177
4353 0.796538
4354 0.803924
4355 0.799596
4356 0.796149
4357 0.793609
4358 0.789301
4359 0.768005
4360 0.783641
4361 0.783291
4362 0.793043
4363 0.778028
4364 0.776861
4365 0.754491
4366 0.747207
4367 0.746429
4368 0.741838
4369 0.742125
4370 0.741071
4371 0.749636
4372 0.734641
4373 0.735769
4374 0.738222
4375 0.730317
4376 0.720089
4377 0.730215
4378 0.709103
4379 0.705821
4380 0.71119
4381 0.718336
4382 0.716905
4383 0.715329
4384 0.715188
4385 0.720706
4386 0.735348
4387 0.736476
4388 0.744613
4389 0.728061
4390 0.738249
4391 0.738438
4392 0.734314
4393 0.719256
4394 0.709177
4395 0.697322
4396 0.69248
4397 0.688235
4398 0.68489
4399 0.67921
4400 0.675078
4401 0.669811
4402 0.665122
4403 0.662504
4404 0.655323
4405 0.644906
4406 0.631274
4407 0.634427
4408 0.618692
4409 0.619871
4410 0.62221
4411 0.620327
4412 0.618515
4413 0.629863
4414 0.62844
4415 0.624376
4416 0.637854
4417 0.644525
4418 0.645527
4419 0.649014
4420 0.661836
4421 0.660157
4422 0.661399
4423 0.666549
4424 0.668078
4425 0.666431
4426 0.663911
4427 0.663499
4428 0.660448
4429 0.653471
4430 0.644124
4431 0.639796
4432 0.643145
4433 0.651239
4434 0.636278
4435 0.638075
4436 0.635598
4437 0.634301
4438 0.635071
4439 0.631227
4440 0.62916
4441 0.61789
4442 0.615783
4443 0.621707
4444 0.61087
4445 0.627973
4446 0.628425
4447 0.649706
4448 0.654733
4449 0.651298
4450 0.658613
4451 0.657909
4452 0.656101
4453 0.660448
4454 0.658931
4455 0.654136
4456 0.639718
4457 0.644611
4458 0.644666
4459 0.64489
4460 0.642591
4461 0.631978
4462 0.63484
4463 0.634175
4464 0.632383
4465 0.634498
4466 0.639049
4467 0.641659
4468 0.651522
4469 0.642355
4470 0.653731
4471 0.655476
4472 0.662936
4473 0.667598
4474 0.671753
4475 0.666899
4476 0.662103
4477 0.669509
4478 0.652469
4479 0.651459
4480 0.657429
4481 0.654878
4482 0.65774
4483 0.653947
4484 0.654898
4485 0.648015
4486 0.618692
4487 0.620033
4488 0.620398
4489 0.614738
4490 0.625323
4491 0.628036
4492 0.63649
4493 0.61346
4494 0.605603
4495 0.612199
4496 0.614667
4497 0.619522
4498 0.627882
4499 0.61666
4500 0.616841
4501 0.624561
4502 0.627729
4503 0.652544
4504 0.656954
4505 0.659218
4506 0.687594
4507 0.687731
4508 0.689921
4509 0.715596
4510 0.734263
4511 0.738257
4512 0.754526
4513 0.754381
4514 0.762789
4515 0.783228
4516 0.795374
4517 0.796734
4518 0.795382
4519 0.793672
4520 0.795681
4521 0.798531
4522 0.80063
4523 0.800244
4524 0.831164
4525 0.837818
4526 0.833809
4527 0.832414
4528 0.85529
4529 0.863148
4530 0.898689
4531 0.916201
4532 0.917451
4533 0.915576
4534 0.913595
4535 0.91115
4536 0.904063
4537 0.904684
4538 0.906606
4539 0.893984
4540 0.898473
4541 0.895392
4542 0.897695
4543 0.900572
4544 0.881288
4545 0.88628
4546 0.89398
4547 0.879456
4548 0.875506
4549 0.869826
4550 0.86825
4551 0.853455
4552 0.857299
4553 0.860125
4554 0.860416
4555 0.86555
4556 0.864225
4557 0.803232
4558 0.786676
4559 0.793641
4560 0.783916
4561 0.787246
4562 0.78736
4563 0.779883
4564 0.726999
4565 0.731241
4566 0.730851
4567 0.723112
4568 0.723033
4569 0.72312
4570 0.690007
4571 0.698906
4572 0.687936
4573 0.700848
4574 0.702755
4575 0.704189
4576 0.704575
4577 0.699799
4578 0.696874
4579 0.708065
4580 0.687775
4581 0.70426
4582 0.681372
4583 0.676383
4584 0.671234
4585 0.674768
4586 0.669854
4587 0.647752
4588 0.638224
4589 0.640626
4590 0.6323
4591 0.657182
4592 0.654411
4593 0.669682
4594 0.65627
4595 0.652268
4596 0.656899
4597 0.679717
4598 0.674178
4599 0.663837
4600 0.67862
4601 0.677362
4602 0.675424
4603 0.664717
4604 0.668459
4605 0.672917
4606 0.666769
4607 0.664493
4608 0.665291
4609 0.654179
4610 0.660094
4611 0.649784
4612 0.640909
4613 0.631278
4614 0.640398
4615 0.628539
4616 0.624482
4617 0.616558
4618 0.605461
4619 0.605913
4620 0.596091
4621 0.565116
4622 0.558855
4623 0.524178
4624 0.517319
4625 0.515574
4626 0.513785
4627 0.505267
4628 0.49978
4629 0.503329
4630 0.476534
4631 0.472878
4632 0.470732
4633 0.474289
4634 0.476192
4635 0.490063
4636 0.490464
4637 0.485735
4638 0.535813
4639 0.544504
4640 0.545817
4641 0.549515
4642 0.551681
4643 0.551992
4644 0.529304
4645 0.5538
4646 0.566697
4647 0.542416
4648 0.554091
4649 0.55615
4650 0.563481
4651 0.566681
4652 0.563116
4653 0.563536
4654 0.56845
4655 0.571303
4656 0.575454
4657 0.594514
4658 0.580022
4659 0.567125
4660 0.559118
4661 0.564798
4662 0.558631
4663 0.554008
4664 0.558981
4665 0.566653
4666 0.5515
4667 0.55617
4668 0.552043
4669 0.525314
4670 0.526623
4671 0.531501
4672 0.523667
4673 0.519115
4674 0.51485
4675 0.489194
4676 0.473244
4677 0.470846
4678 0.458892
4679 0.428146
4680 0.426877
4681 0.410973
4682 0.409676
4683 0.398827
4684 0.377523
4685 0.372527
4686 0.371033
4687 0.370884
4688 0.368973
4689 0.367342
4690 0.369968
4691 0.370396
4692 0.375903
4693 0.371792
4694 0.367531
4695 0.368179
4696 0.375754
4697 0.372393
4698 0.382676
4699 0.384562
4700 0.384397
4701 0.383057
4702 0.384983
4703 0.378277
4704 0.387007
4705 0.382259
4706 0.383725
4707 0.38571
4708 0.402333
4709 0.403115
4710 0.41113
4711 0.419345
4712 0.422164
4713 0.445438
4714 0.446232
4715 0.450803
4716 0.478165
4717 0.490971
4718 0.496871
4719 0.525939
4720 0.52994
4721 0.535101
4722 0.526273
4723 0.541587
4724 0.537735
4725 0.55492
4726 0.56084
4727 0.559621
4728 0.564417
4729 0.547094
4730 0.537943
4731 0.53619
4732 0.544873
4733 0.540439
4734 0.534649
4735 0.529689
4736 0.525715
4737 0.53044
4738 0.521273
4739 0.5234
4740 0.517987
4741 0.512838
4742 0.504127
4743 0.500149
4744 0.491297
4745 0.485319
4746 0.480221
4747 0.462446
4748 0.45949
4749 0.445536
4750 0.440332
4751 0.439141
4752 0.418897
4753 0.409436
4754 0.407821
4755 0.410965
4756 0.400922
4757 0.389865
4758 0.380353
4759 0.360994
4760 0.358026
4761 0.342488
4762 0.334599
4763 0.329941
4764 0.319721
4765 0.30627
4766 0.30276
4767 0.290642
4768 0.280316
4769 0.253512
4770 0.259392
4771 0.245596
4772 0.235957
4773 0.229755
4774 0.218438
4775 0.216111
4776 0.200829
4777 0.189803
4778 0.184343
4779 0.17533
4780 0.16452
4781 0.160275
4782 0.149246
4783 0.14285
4784 0.139604
4785 0.132245
4786 0.123826
4787 0.119026
4788 0.110041
4789 0.102226
4790 0.097592
4791 0.0893847
4792 0.081708
4793 0.0765784
4794 0.0676989
4795 0.0621015
4796 0.0593068
4797 0.0546174
4798 0.0504823
4799 0.0485169
4800 0.0450382
4801 0.0419015
4802 0.0400659
4803 0.0399991
4804 0.0399755
4805 0.0399873
4806 0.0399873
4807 0.0400069
4808 0.0400148
4809 0.0400384
4810 0.0400777
4811 0.0401681
4812 0.0402074
4813 0.0402074
4814 0.0402074
4815 0.040227
4816 0.0403803
4817 0.0403843
4818 0.0404786
4819 0.0407223
4820 0.0407184
4821 0.0407223
4822 0.0406987
4823 0.0407223
4824 0.0407655
4825 0.0407773
4826 0.0407695
4827 0.0407262
4828 0.0407577
4829 0.0407538
4830 0.0407577
4831 0.0408088
4832 0.0408284
4833 0.0420509
4834 0.0421059
4835 0.0420155
4836 0.0418111
4837 0.0417246
4838 0.0417915
4839 0.0419015
4840 0.0423025
4841 0.0423182
4842 0.0423418
4843 0.0422474
4844 0.0424754
4845 0.0428292
4846 0.0428017
4847 0.0428213
4848 0.042841
4849 0.0429117
4850 0.0426955
4851 0.0429117
4852 0.0429746
4853 0.0429039
4854 0.0433598
4855 0.0433913
4856 0.0432458
4857 0.0434345
4858 0.0432223
4859 0.0428803
4860 0.0430807
4861 0.0428803
4862 0.0430768
4863 0.0428724
4864 0.0429196
4865 0.042554
4866 0.0424007
4867 0.0420863
4868 0.0418701
4869 0.0420627
4870 0.0417993
4871 0.0419487
4872 0.0415792
4873 0.0415242
4874 0.0414691
4875 0.0415281
4876 0.0415674
4877 0.041591
4878 0.04165
4879 0.0416696
4880 0.0416735
4881 0.0416382
4882 0.0414731
4883 0.0414416
4884 0.0413748
4885 0.0413748
4886 0.0414456
4887 0.041194
4888 0.0411783
4889 0.0413001
4890 0.0414063
4891 0.0414102
4892 0.0414338
4893 0.0415517
4894 0.0414613
4895 0.0413355
4896 0.0409503
4897 0.0409503
4898 0.0409975
4899 0.0414652
4900 0.0416775
4901 0.0416971
4902 0.0419369
4903 0.042102
4904 0.0429668
4905 0.0434856
4906 0.0437843
4907 0.0432537
4908 0.0437883
4909 0.0436861
4910 0.0432851
4911 0.0423968
4912 0.0421177
4913 0.0414809
4914 0.0410171
4915 0.0407891
4916 0.0424479
4917 0.0499792
4918 0.0539178
4919 0.0617124
4920 0.0667712
4921 0.0698175
4922 0.0744558
4923 0.0768339
4924 0.0779738
4925 0.0807174
4926 0.086755
4927 0.0923367
4928 0.10317
4929 0.112391
4930 0.117961
4931 0.12765
4932 0.135303
4933 0.138342
4934 0.141824
4935 0.144973
4936 0.147048
4937 0.149643
4938 0.152044
4939 0.153062
4940 0.158845
4941 0.161124
4942 0.162606
4943 0.161954
4944 0.164839
4945 0.167335
4946 0.169253
4947 0.172331
4948 0.174878
4949 0.174611
4950 0.170955
4951 0.170908
4952 0.167626
4953 0.162701
4954 0.16068
4955 0.15739
4956 0.15322
4957 0.152858
4958 0.149206
4959 0.147418
4960 0.145987
4961 0.142603
4962 0.139804
4963 0.139533
4964 0.133039
4965 0.125736
4966 0.123075
4967 0.121271
4968 0.121106
4969 0.121911
4970 0.123047
4971 0.125068
4972 0.127128
4973 0.131451
4974 0.135771
4975 0.138786
4976 0.144635
4977 0.14879
4978 0.149603
4979 0.151356
4980 0.150948
4981 0.150456
4982 0.148444
4983 0.147257
4984 0.149623
4985 0.148019
4986 0.150342
4987 0.151844
4988 0.152583
4989 0.157245
4990 0.158911
4991 0.162323
4992 0.164273
4993 0.165263
4994 0.166537
4995 0.170621
4996 0.168597
4997 0.171847
4998 0.172956
4999 0.175782
5000 0.176431
5001 0.174843
5002 0.174367
5003 0.17136
5004 0.167028
5005 0.165204
5006 0.157351
5007 0.154878
5008 0.15298
5009 0.152854
5010 0.150433
5011 0.148475
5012 0.142072
5013 0.136306
5014 0.132741
5015 0.121707
5016 0.113551
5017 0.109714
5018 0.100953
5019 0.0944435
5020 0.0915977
5021 0.0863266
5022 0.0818495
5023 0.0806467
5024 0.0778362
5025 0.0745383
5026 0.072058
5027 0.0689921
5028 0.0658239
5029 0.0639922
5030 0.0615905
5031 0.0593028
5032 0.0581394
5033 0.0572471
5034 0.0580254
5035 0.0582258
5036 0.0586032
5037 0.0594994
5038 0.0597627
5039 0.0605764
5040 0.0602305
5041 0.0606865
5042 0.061846
5043 0.0619404
5044 0.0616652
5045 0.0635677
5046 0.0651636
5047 0.0655645
5048 0.0719048
5049 0.0827732
5050 0.0857252
5051 0.0921047
5052 0.098504
5053 0.103272
5054 0.112191
5055 0.121263
5056 0.126129
5057 0.134545
5058 0.147504
5059 0.153569
5060 0.163793
5061 0.174076
5062 0.179858
5063 0.194339
5064 0.208509
5065 0.209425
5066 0.224814
5067 0.236905
5068 0.239648
5069 0.249798
5070 0.2599
5071 0.266287
5072 0.27929
5073 0.299753
5074 0.302383
5075 0.320173
5076 0.329631
5077 0.337213
5078 0.344434
5079 0.346438
5080 0.348015
5081 0.352999
5082 0.357515
5083 0.34702
5084 0.370506
5085 0.362837
5086 0.362189
5087 0.357936
5088 0.337657
5089 0.347268
5090 0.328475
5091 0.314808
5092 0.305496
5093 0.303004
5094 0.295705
5095 0.2939
5096 0.290087
5097 0.290732
5098 0.282906
5099 0.277816
5100 0.267046
5101 0.260599
5102 0.245706
5103 0.230116
5104 0.228819
5105 0.217821
5106 0.207255
5107 0.197087
5108 0.180271
5109 0.172429
5110 0.172964
5111 0.157925
5112 0.152752
5113 0.151317
5114 0.145272
5115 0.138629
5116 0.13502
5117 0.125473
5118 0.114726
5119 0.110839
5120 0.101763
5121 0.0948916
5122 0.0911574
5123 0.0846717
5124 0.0739094
5125 0.0704268
5126 0.0628051
5127 0.0562683
5128 0.0535208
5129 0.0476089
5130 0.0418465
5131 0.0416735
5132 0.041477
5133 0.0415478
5134 0.0416696
5135 0.0418897
5136 0.0419998
5137 0.041988
5138 0.0419841
5139 0.0420077
5140 0.0419605
5141 0.0419605
5142 0.0419959
5143 0.0419998
5144 0.0419998
5145 0.0419998
5146 0.0419959
5147 0.0419919
5148 0.0419762
5149 0.0419566
5150 0.0420273
5151 0.0420077
5152 0.0421295
5153 0.042102
5154 0.0421452
5155 0.0421256
5156 0.0421099
5157 0.0420823
5158 0.0419841
5159 0.0419605
5160 0.0419644
5161 0.0419644
5162 0.0419919
5163 0.0419919
5164 0.0419919
5165 0.0420155
5166 0.0419998
5167 0.0420037
5168 0.0420273
5169 0.0420273
5170 0.0420273
5171 0.0420273
5172 0.0419998
5173 0.042047
5174 0.042047
5175 0.0420823
5176 0.0420784
5177 0.0421059
5178 0.0420823
5179 0.0420823
5180 0.0420941
5181 0.0420941
5182 0.0421177
5183 0.0420548
5184 0.0420548
5185 0.0420548
5186 0.0420548
5187 0.0420627
5188 0.0420902
5189 0.0420666
5190 0.0420941
5191 0.0420745
5192 0.0420902
5193 0.0420627
5194 0.042043
5195 0.0420666
5196 0.0420194
5197 0.042047
5198 0.0420981
5199 0.0421256
5200 0.0421256
5201 0.0421256
5202 0.0421295
5203 0.0421295
5204 0.0421059
5205 0.0421059
5206 0.0421138
5207 0.042161
5208 0.0421688
5209 0.0421099
5210 0.0421256
5211 0.0421295
5212 0.0421295
5213 0.0421334
5214 0.0421492
5215 0.0421492
5216 0.0421492
5217 0.0421492
5218 0.0421492
5219 0.0420234
5220 0.0420312
5221 0.0420312
5222 0.0420588
5223 0.0420627
5224 0.0420666
5225 0.0420705
5226 0.0420863
5227 0.0421138
5228 0.0420863
5229 0.0420863
5230 0.0420902
5231 0.0421138
5232 0.042102
5233 0.0421452
5234 0.0421374
5235 0.0421492
5236 0.0421295
5237 0.0422003
5238 0.0422003
5239 0.0421767
5240 0.0421806
5241 0.0421806
5242 0.0421413
5243 0.0421413
5244 0.0420941
5245 0.0421099
5246 0.0421256
5247 0.042102
5248 0.042102
5249 0.042102
5250 0.0420823
5251 0.0420863
5252 0.0420863
5253 0.0420627
5254 0.0420823
5255 0.0420981
5256 0.0421256
5257 0.0426916
5258 0.0459502
5259 0.0537251
5260 0.0616063
5261 0.065706
5262 0.0738937
5263 0.0811262
5264 0.0829501
5265 0.0883863
5266 0.0923602
5267 0.0941723
5268 0.0969592
5269 0.0984882
5270 0.0994945
5271 0.100972
5272 0.103024
5273 0.10383
5274 0.105241
5275 0.106365
5276 0.107089
5277 0.108433
5278 0.109196
5279 0.109773
5280 0.110497
5281 0.11096
5282 0.111181
5283 0.111967
5284 0.11232
5285 0.112395
5286 0.112776
5287 0.11383
5288 0.114911
5289 0.118649
5290 0.126605
5291 0.129655
5292 0.136868
5293 0.145044
5294 0.148825
5295 0.158389
5296 0.166753
5297 0.171706
5298 0.179642
5299 0.185023
5300 0.187346
5301 0.191163
5302 0.197743
5303 0.199323
5304 0.203391
5305 0.207342
5306 0.208627
5307 0.212424
5308 0.214048
5309 0.214492
5310 0.216886
5311 0.218195
5312 0.218902
5313 0.219177
5314 0.221209
5315 0.221288
5316 0.219543
5317 0.220989
5318 0.220014
5319 0.221944
5320 0.220675
5321 0.220451
5322 0.218823
5323 0.217727
5324 0.217809
5325 0.21911
5326 0.213615
5327 0.212963
5328 0.211929
5329 0.215471
5330 0.217499
5331 0.221622
5332 0.224523
5333 0.226563
5334 0.227919
5335 0.23558
5336 0.237923
5337 0.244141
5338 0.249943
5339 0.251413
5340 0.248799
5341 0.250375
5342 0.251228
5343 0.252286
5344 0.254306
5345 0.255874
5346 0.257757
5347 0.258752
5348 0.259841
5349 0.261
5350 0.262435
5351 0.263744
5352 0.267954
5353 0.273527
5354 0.274821
5355 0.284015
5356 0.290878
5357 0.293244
5358 0.300869
5359 0.307438
5360 0.311368
5361 0.319595
5362 0.321903
5363 0.323094
5364 0.326863
5365 0.329387
5366 0.331002
5367 0.331262
5368 0.33342
5369 0.330354
5370 0.331215
5371 0.332315
5372 0.332394
5373 0.333219
5374 0.334355
5375 0.335511
5376 0.336777
5377 0.339501
5378 0.339135
5379 0.340778
5380 0.342276
5381 0.343997
5382 0.345015
5383 0.346478
5384 0.347339
5385 0.350007
5386 0.352885
5387 0.353349
5388 0.356108
5389 0.361147
5390 0.363348
5391 0.367582
5392 0.37053
5393 0.371206
5394 0.370801
5395 0.3731
5396 0.375113
5397 0.375498
5398 0.376658
5399 0.376748
5400 0.379
5401 0.378592
5402 0.379346
5403 0.377699
5404 0.377432
5405 0.377562
5406 0.379716
5407 0.383615
5408 0.384877
5409 0.385156
5410 0.385769
5411 0.384834
5412 0.385345
5413 0.385789
5414 0.386186
5415 0.386579
5416 0.388277
5417 0.389771
5418 0.393175
5419 0.400136
5420 0.402813
5421 0.408902
5422 0.414165
5423 0.415843
5424 0.418776
5425 0.423972
5426 0.423917
5427 0.426641
5428 0.429499
5429 0.428547
5430 0.432675
5431 0.435815
5432 0.439994
5433 0.443433
5434 0.443115
5435 0.442729
5436 0.448598
5437 0.459392
5438 0.460783
5439 0.463385
5440 0.469828
5441 0.470736
5442 0.476258
5443 0.482312
5444 0.487457
5445 0.494729
5446 0.501993
5447 0.503832
5448 0.503581
5449 0.510876
5450 0.512252
5451 0.513569
5452 0.516678
5453 0.515837
5454 0.512865
5455 0.517122
5456 0.517959
5457 0.512673
5458 0.513482
5459 0.511576
5460 0.512492
5461 0.524992
5462 0.525424
5463 0.523058
5464 0.523651
5465 0.529653
5466 0.528399
5467 0.528199
5468 0.528796
5469 0.526454
5470 0.52483
5471 0.527664
5472 0.525734
5473 0.519972
5474 0.518329
5475 0.520554
5476 0.523647
5477 0.524878
5478 0.523671
5479 0.525125
5480 0.52733
5481 0.53031
5482 0.536182
5483 0.535852
5484 0.543482
5485 0.544633
5486 0.553623
5487 0.559609
5488 0.563921
5489 0.565057
5490 0.568729
5491 0.572486
5492 0.570199
5493 0.571579
5494 0.579212
5495 0.580505
5496 0.581055
5497 0.582624
5498 0.585525
5499 0.588889
5500 0.596975
5501 0.600139
5502 0.602439
5503 0.602014
5504 0.602761
5505 0.605705
5506 0.610037
5507 0.615709
5508 0.61778
5509 0.620599
5510 0.621955
5511 0.626357
5512 0.626558
5513 0.626129
5514 0.624407
5515 0.623032
5516 0.623523
5517 0.623307
5518 0.622627
5519 0.633299
5520 0.63346
5521 0.641164
5522 0.641821
5523 0.644108
5524 0.64548
5525 0.647127
5526 0.648243
5527 0.65912
5528 0.663259
5529 0.67002
5530 0.673518
5531 0.667362
5532 0.671093
5533 0.671875
5534 0.675373
5535 0.67592
5536 0.680868
5537 0.683974
5538 0.691076
5539 0.695377
5540 0.697409
5541 0.699944
5542 0.70279
5543 0.704708
5544 0.718922
5545 0.720738
5546 0.722542
5547 0.724881
5548 0.72637
5549 0.730875
5550 0.732388
5551 0.735855
5552 0.736201
5553 0.73843
5554 0.741244
5555 0.741744
5556 0.746606
5557 0.746763
5558 0.747742
5559 0.74646
5560 0.750556
5561 0.751252
5562 0.752313
5563 0.754668
5564 0.755878
5565 0.758217
5566 0.760202
5567 0.760006
5568 0.761578
5569 0.77111
5570 0.772604
5571 0.774946
5572 0.775465
5573 0.775618
5574 0.776287
5575 0.778067
5576 0.776609
5577 0.76837
5578 0.771338
5579 0.77109
5580 0.771051
5581 0.76931
5582 0.767148
5583 0.768056
5584 0.767859
5585 0.767482
5586 0.769903
5587 0.769821
5588 0.768677
5589 0.769251
5590 0.770261
5591 0.771857
5592 0.772085
5593 0.771837
5594 0.766153
5595 0.771039
5596 0.765583
5597 0.769762
5598 0.770001
5599 0.769176
5600 0.769196
5601 0.769546
5602 0.769074
5603 0.76883
5604 0.767171
5605 0.767478
5606 0.767981
5607 0.770438
5608 0.772391
5609 0.773366
5610 0.77291
5611 0.772851
5612 0.772423
5613 0.771193
5614 0.77168
5615 0.771597
5616 0.771244
5617 0.770937
5618 0.770807
5619 0.765937
5620 0.766028
5621 0.768087
5622 0.769711
5623 0.768068
5624 0.764424
5625 0.765697
5626 0.766932
5627 0.76648
5628 0.768759
5629 0.766759
5630 0.768779
5631 0.768213
5632 0.768728
5633 0.769121
5634 0.768606
5635 0.770579
5636 0.771216
5637 0.770375
5638 0.771998
5639 0.772419
5640 0.770866
5641 0.762399
5642 0.764495
5643 0.764223
5644 0.808165
5645 0.807603
5646 0.809187
5647 0.813766
5648 0.812367
5649 0.819132
5650 0.819749
5651 0.816286
5652 0.827048
5653 0.828491
5654 0.833565
5655 0.855393
5656 0.852842
5657 0.861556
5658 0.848129
5659 0.847649
5660 0.853093
5661 0.858462
5662 0.857495
5663 0.859209
5664 0.854803
5665 0.84985
5666 0.858447
5667 0.852692
5668 0.862405
5669 0.852555
5670 0.845986
5671 0.847307
5672 0.846379
5673 0.847472
5674 0.845546
5675 0.845279
5676 0.848258
5677 0.850247
5678 0.844155
5679 0.855294
5680 0.857051
5681 0.857008
5682 0.853172
5683 0.851768
5684 0.851198
5685 0.849331
5686 0.850629
5687 0.850817
5688 0.857889
5689 0.852535
5690 0.857893
5691 0.85358
5692 0.857767
5693 0.856957
5694 0.863529
5695 0.864064
5696 0.862755
5697 0.859414
5698 0.861709
5699 0.861481
5700 0.863333
5701 0.861752
5702 0.85983
5703 0.859386
5704 0.859315
5705 0.859249
5706 0.859481
5707 0.858899
5708 0.858942
5709 0.856481
5710 0.855432
5711 0.854622
5712 0.851312
5713 0.84989
5714 0.850216
5715 0.849677
5716 0.84919
5717 0.849194
5718 0.849123
5719 0.845448
5720 0.845346
5721 0.845263
5722 0.845542
5723 0.845707
5724 0.846191
5725 0.845692
5726 0.846729
5727 0.846993
5728 0.846997
5729 0.846753
5730 0.846666
5731 0.845861
5732 0.845707
5733 0.845617
5734 0.846356
5735 0.846368
5736 0.846725
3 , runtime: 401

