0 0.123323
1 0.117942
2 0.114964
3 0.112429
4 0.114325
5 0.115156
6 0.117049
7 0.120776
8 0.120474
9 0.125498
10 0.129401
11 0.130972
12 0.133151
13 0.134679
14 0.135197
15 0.136313
16 0.136631
17 0.137078
18 0.138974
19 0.140538
20 0.14147
21 0.14216
22 0.142932
23 0.142713
24 0.142971
25 0.142548
26 0.144939
27 0.148414
28 0.150856
29 0.151816
30 0.153987
31 0.156879
32 0.1572
33 0.158043
34 0.158713
35 0.159277
36 0.160116
37 0.161452
38 0.161166
39 0.161683
40 0.162318
41 0.163396
42 0.16358
43 0.164078
44 0.165626
45 0.165387
46 0.165618
47 0.16599
48 0.166068
49 0.165849
50 0.166405
51 0.166398
52 0.166923
53 0.167851
54 0.169109
55 0.169411
56 0.170497
57 0.172574
58 0.173318
59 0.174141
60 0.174082
61 0.173408
62 0.174298
63 0.173463
64 0.172961
65 0.171198
66 0.171057
67 0.169098
68 0.169631
69 0.167742
70 0.168004
71 0.169352
72 0.171253
73 0.172519
74 0.172969
75 0.174733
76 0.17505
77 0.175442
78 0.177476
79 0.180352
80 0.181857
81 0.18567
82 0.18897
83 0.190886
84 0.193903
85 0.198739
86 0.201396
87 0.205346
88 0.209292
89 0.212482
90 0.218188
91 0.219967
92 0.219199
93 0.224477
94 0.227934
95 0.228564
96 0.231174
97 0.233835
98 0.234305
99 0.236449
100 0.237025
101 0.236433
102 0.236688
103 0.236069
104 0.236453
105 0.234039
106 0.232961
107 0.231272
108 0.23099
109 0.233933
110 0.236331
111 0.239584
112 0.242264
113 0.243902
114 0.247335
115 0.251038
116 0.250458
117 0.250294
118 0.251955
119 0.250067
120 0.25181
121 0.252931
122 0.253115
123 0.255239
124 0.254514
125 0.255678
126 0.255537
127 0.257132
128 0.257634
129 0.258531
130 0.2602
131 0.261537
132 0.262736
133 0.265071
134 0.267674
135 0.269406
136 0.270009
137 0.272686
138 0.274312
139 0.277353
140 0.278046
141 0.277439
142 0.279645
143 0.280453
144 0.279869
145 0.278619
146 0.279289
147 0.279195
148 0.278995
149 0.278901
150 0.278207
151 0.275762
152 0.275307
153 0.275746
154 0.275288
155 0.274092
156 0.272835
157 0.271498
158 0.270428
159 0.268206
160 0.266964
161 0.266745
162 0.264515
163 0.264319
164 0.264891
165 0.264652
166 0.263104
167 0.26339
168 0.263798
169 0.258135
170 0.2583
171 0.25725
172 0.256924
173 0.256642
174 0.255619
175 0.257359
176 0.257665
177 0.257171
178 0.255388
179 0.25607
180 0.257751
181 0.258715
182 0.258719
183 0.258026
184 0.257685
185 0.257136
186 0.255102
187 0.254957
188 0.254902
189 0.255196
190 0.25705
191 0.256591
192 0.256149
193 0.256043
194 0.256842
195 0.257022
196 0.258049
197 0.257779
198 0.258331
199 0.258994
200 0.259695
201 0.260244
202 0.259734
203 0.259828
204 0.260134
205 0.257998
206 0.257669
207 0.25667
208 0.256505
209 0.256474
210 0.256415
211 0.256536
212 0.256203
213 0.255749
214 0.255455
215 0.255408
216 0.254996
217 0.255063
218 0.255181
219 0.254397
220 0.25462
221 0.254542
222 0.254891
223 0.254491
224 0.254577
225 0.25424
226 0.254514
227 0.254346
228 0.253797
229 0.254311
230 0.254612
231 0.254769
232 0.255028
233 0.255443
234 0.25571
235 0.255341
236 0.255173
237 0.254722
238 0.254079
239 0.252837
240 0.253347
241 0.256235
242 0.256329
243 0.256497
244 0.252837
245 0.254362
246 0.254832
247 0.25386
248 0.252535
249 0.251622
250 0.253002
251 0.254358
252 0.252171
253 0.251834
254 0.251705
255 0.252457
256 0.252516
257 0.252653
258 0.252966
259 0.253155
260 0.253558
261 0.252716
262 0.252974
263 0.253738
264 0.254185
265 0.253817
266 0.253699
267 0.253633
268 0.255267
269 0.253249
270 0.252861
271 0.252085
272 0.252579
273 0.253111
274 0.252626
275 0.252273
276 0.250584
277 0.250498
278 0.25056
279 0.252018
280 0.253688
281 0.254636
282 0.257195
283 0.259178
284 0.260679
285 0.262948
286 0.263308
287 0.263257
288 0.264249
289 0.264401
290 0.264589
291 0.263625
292 0.262493
293 0.262113
294 0.260824
295 0.259499
296 0.258531
297 0.256395
298 0.254969
299 0.253958
300 0.252112
301 0.251281
302 0.250086
303 0.248856
304 0.248672
305 0.248409
306 0.248354
307 0.248378
308 0.248476
309 0.249318
310 0.251215
311 0.250748
312 0.251195
313 0.252179
314 0.253072
315 0.25319
316 0.253202
317 0.253233
318 0.253143
319 0.25444
320 0.254871
321 0.254197
322 0.254902
323 0.254898
324 0.255745
325 0.255682
326 0.255525
327 0.255016
328 0.255953
329 0.256141
330 0.25625
331 0.25598
332 0.25598
333 0.255929
334 0.255463
335 0.255286
336 0.255416
337 0.255337
338 0.255764
339 0.256125
340 0.256145
341 0.256207
342 0.256231
343 0.256752
344 0.253668
345 0.254589
346 0.259852
347 0.260847
348 0.261713
349 0.263437
350 0.263093
351 0.263457
352 0.264213
353 0.263355
354 0.263045
355 0.262951
356 0.262693
357 0.262352
358 0.262548
359 0.262736
360 0.262995
361 0.262995
362 0.261729
363 0.263234
364 0.263159
365 0.262853
366 0.262728
367 0.26256
368 0.262266
369 0.259025
370 0.25888
371 0.258606
372 0.258602
373 0.258727
374 0.258425
375 0.258014
376 0.258061
377 0.258041
378 0.257587
379 0.257853
380 0.257814
381 0.25792
382 0.25734
383 0.257994
384 0.259472
385 0.260847
386 0.261372
387 0.262759
388 0.263433
389 0.265024
390 0.267031
391 0.270025
392 0.271024
393 0.273352
394 0.273767
395 0.273799
396 0.2751
397 0.275013
398 0.27539
399 0.275993
400 0.276557
401 0.276836
402 0.277431
403 0.278156
404 0.277549
405 0.278932
406 0.28021
407 0.282106
408 0.288772
409 0.295963
410 0.298996
411 0.303675
412 0.308515
413 0.310635
414 0.313589
415 0.31732
416 0.320145
417 0.325843
418 0.330695
419 0.333066
420 0.337337
421 0.343156
422 0.345202
423 0.350727
424 0.355054
425 0.358287
426 0.361143
427 0.368828
428 0.371136
429 0.376207
430 0.381783
431 0.384511
432 0.389919
433 0.394915
434 0.396138
435 0.398113
436 0.399727
437 0.4001
438 0.402435
439 0.40421
440 0.404728
441 0.406726
442 0.408952
443 0.409873
444 0.410182
445 0.412299
446 0.411421
447 0.413498
448 0.414266
449 0.418286
450 0.423099
451 0.425661
452 0.427382
453 0.426496
454 0.426057
455 0.426406
456 0.42855
457 0.43241
458 0.434193
459 0.436575
460 0.438488
461 0.439212
462 0.440992
463 0.442183
464 0.442971
465 0.446274
466 0.447246
467 0.448241
468 0.448433
469 0.450526
470 0.450769
471 0.451619
472 0.452689
473 0.451952
474 0.455021
475 0.455193
476 0.454931
477 0.456153
478 0.456902
479 0.457442
480 0.458156
481 0.459335
482 0.458657
483 0.460307
484 0.460715
485 0.460452
486 0.460844
487 0.460711
488 0.46236
489 0.46111
490 0.461428
491 0.462392
492 0.462846
493 0.463803
494 0.462266
495 0.464347
496 0.46236
497 0.46481
498 0.464543
499 0.462811
500 0.463736
501 0.466597
502 0.470558
503 0.472812
504 0.477307
505 0.482914
506 0.485618
507 0.491308
508 0.495897
509 0.498201
510 0.501176
511 0.504687
512 0.506615
513 0.509969
514 0.512348
515 0.514166
516 0.517239
517 0.520001
518 0.521686
519 0.527764
520 0.529892
521 0.532334
522 0.534677
523 0.537107
524 0.538227
525 0.539622
526 0.549157
527 0.550207
528 0.550109
529 0.550861
530 0.552256
531 0.552601
532 0.551978
533 0.552652
534 0.55266
535 0.554525
536 0.554917
537 0.555152
538 0.565725
539 0.565212
540 0.56444
541 0.56397
542 0.563268
543 0.562763
544 0.566364
545 0.56721
546 0.565851
547 0.564879
548 0.563519
549 0.56288
550 0.561493
551 0.563738
552 0.562774
553 0.559377
554 0.558938
555 0.55833
556 0.557911
557 0.557895
558 0.559271
559 0.555337
560 0.555438
561 0.547456
562 0.554612
563 0.552997
564 0.545477
565 0.541386
566 0.550332
567 0.552347
568 0.545461
569 0.538741
570 0.537259
571 0.536711
572 0.537565
573 0.538921
574 0.541245
575 0.542436
576 0.543079
577 0.545171
578 0.545261
579 0.548451
580 0.550948
581 0.551904
582 0.553299
583 0.563621
584 0.56424
585 0.564651
586 0.567637
587 0.570608
588 0.572426
589 0.569127
590 0.57011
591 0.569946
592 0.568535
593 0.568809
594 0.5843
595 0.586659
596 0.589363
597 0.593188
598 0.598239
599 0.60077
600 0.604094
601 0.609454
602 0.611159
603 0.615109
604 0.621132
605 0.623605
606 0.632148
607 0.638245
608 0.641682
609 0.645797
610 0.650386
611 0.652635
612 0.650578
613 0.654163
614 0.657714
615 0.661895
616 0.663686
617 0.664168
618 0.665539
619 0.687884
620 0.687371
621 0.687571
622 0.6875
623 0.687245
624 0.686669
625 0.685635
626 0.685333
627 0.684373
628 0.684118
629 0.684177
630 0.684451
631 0.684694
632 0.6846
633 0.683965
634 0.683013
635 0.682464
636 0.681661
637 0.680846
638 0.680595
639 0.680893
640 0.679992
641 0.680501
642 0.679855
643 0.679451
644 0.670638
645 0.670579
646 0.670469
647 0.672221
648 0.673114
649 0.675493
650 0.675599
651 0.676355
652 0.680333
653 0.680732
654 0.678017
655 0.679427
656 0.679741
657 0.68353
658 0.682723
659 0.682743
660 0.683029
661 0.683793
662 0.680764
663 0.682104
664 0.682637
665 0.682555
666 0.682868
667 0.683248
668 0.683577
669 0.68308
670 0.685235
671 0.682241
672 0.677899
673 0.677832
674 0.678369
675 0.680352
676 0.67797
677 0.680568
678 0.684494
679 0.681152
680 0.681779
681 0.681865
682 0.682484
683 0.682551
684 0.682649
685 0.68324
686 0.682939
687 0.683178
688 0.683805
689 0.684432
690 0.683993
691 0.683417
692 0.683981
693 0.684373
694 0.68855
695 0.688817
696 0.68873
697 0.688488
698 0.688668
699 0.688319
700 0.687837
701 0.691301
702 0.69183
703 0.691419
704 0.691615
705 0.692265
706 0.692163
707 0.691869
708 0.692571
709 0.689984
710 0.691387
711 0.692202
712 0.692132
713 0.688331
714 0.689659
715 0.691007
716 0.691227
717 0.693989
718 0.691454
719 0.699507
720 0.698621
721 0.698496
722 0.697015
723 0.697555
724 0.697873
725 0.697552
726 0.703469
727 0.703853
728 0.703594
729 0.703128
730 0.702701
731 0.703798
732 0.706537
733 0.706886
734 0.706921
735 0.706357
736 0.708489
737 0.709515
738 0.710244
739 0.710162
740 0.710887
741 0.710577
742 0.710523
743 0.710562
744 0.712168
745 0.7149
746 0.717553
747 0.718678
748 0.718838
749 0.718262
750 0.71905
751 0.720343
752 0.721213
753 0.72095
754 0.721997
755 0.722392
756 0.720347
757 0.719179
758 0.718485
759 0.721001
760 0.72365
761 0.724748
762 0.723556
763 0.723588
764 0.722534
765 0.720206
766 0.722389
767 0.724262
768 0.729517
769 0.739513
770 0.739239
771 0.737942
772 0.735544
773 0.735477
774 0.736445
775 0.736155
776 0.736183
777 0.73621
778 0.733204
779 0.732859
780 0.73215
781 0.734588
782 0.735818
783 0.736139
784 0.735822
785 0.734787
786 0.733193
787 0.732981
788 0.733028
789 0.734995
790 0.737887
791 0.738659
792 0.742935
793 0.741242
794 0.737546
795 0.737064
796 0.73795
797 0.738306
798 0.739294
799 0.738796
800 0.737844
801 0.73764
802 0.736484
803 0.735019
804 0.735309
805 0.733392
806 0.732656
807 0.734039
808 0.734329
809 0.735026
810 0.73699
811 0.73815
812 0.744957
813 0.75114
814 0.752712
815 0.756568
816 0.757191
817 0.759256
818 0.760263
819 0.768061
820 0.765902
821 0.765914
822 0.768947
823 0.77731
824 0.781902
825 0.784109
826 0.78956
827 0.792111
828 0.794482
829 0.796194
830 0.798338
831 0.799364
832 0.80143
833 0.802366
834 0.802946
835 0.803107
836 0.803851
837 0.801625
838 0.802041
839 0.802429
840 0.802766
841 0.802699
842 0.802221
843 0.802593
844 0.813037
845 0.809208
846 0.812778
847 0.810439
848 0.810447
849 0.810356
850 0.80621
851 0.805031
852 0.805948
853 0.805724
854 0.804635
855 0.803542
856 0.803452
857 0.805917
858 0.805862
859 0.80708
860 0.805928
861 0.806551
862 0.803322
863 0.802797
864 0.803855
865 0.803177
866 0.803397
867 0.803785
868 0.80351
869 0.809036
870 0.809863
871 0.809153
872 0.809079
873 0.808907
874 0.809193
875 0.807923
876 0.805047
877 0.804757
878 0.802805
879 0.825569
880 0.825079
881 0.825596
882 0.82477
883 0.825232
884 0.824538
885 0.82428
886 0.82388
887 0.824335
888 0.821047
889 0.821372
890 0.821552
891 0.819562
892 0.819181
893 0.816141
894 0.815106
895 0.810862
896 0.810325
897 0.810125
898 0.811861
899 0.81127
900 0.811367
901 0.812002
902 0.811497
903 0.81134
904 0.811818
905 0.809816
906 0.81123
907 0.81069
908 0.81087
909 0.810654
910 0.810733
911 0.810235
912 0.807116
913 0.807943
914 0.807092
915 0.8075
916 0.807029
917 0.806802
918 0.805309
919 0.805791
920 0.805979
921 0.807092
922 0.806834
923 0.808319
924 0.807778
925 0.807735
926 0.808119
927 0.808346
928 0.809878
929 0.813366
930 0.813734
931 0.812853
932 0.81319
933 0.813962
934 0.815666
935 0.816846
936 0.815392
937 0.815662
938 0.816552
939 0.81781
940 0.81491
941 0.814048
942 0.813284
943 0.814687
944 0.814318
945 0.815909
946 0.815647
947 0.815063
948 0.814408
949 0.815788
950 0.812108
951 0.811081
952 0.811595
953 0.811266
954 0.819452
955 0.827854
956 0.818825
957 0.817105
958 0.816501
959 0.81464
960 0.814546
961 0.81174
962 0.808671
963 0.809208
964 0.807954
965 0.808272
966 0.807805
967 0.806888
968 0.806544
969 0.805129
970 0.807143
971 0.801508
972 0.806054
973 0.802817
974 0.805391
975 0.802241
976 0.803256
977 0.802037
978 0.802554
979 0.799196
980 0.800736
981 0.796555
982 0.799584
983 0.798863
984 0.797871
985 0.797562
986 0.797809
987 0.797307
988 0.79715
989 0.797197
990 0.79947
991 0.79902
992 0.79902
993 0.799823
994 0.796802
995 0.796218
996 0.795677
997 0.79583
998 0.798212
999 0.795367
1000 0.795211
1001 0.79503
1002 0.795101
1003 0.795113
1004 0.80438
1005 0.80585
1006 0.805826
1007 0.805866
1008 0.804094
1009 0.802644
1010 0.795316
1011 0.794889
1012 0.79628
1013 0.79822
1014 0.798349
1015 0.796002
1016 0.795054
1017 0.795685
1018 0.796241
1019 0.79608
1020 0.796852
1021 0.795305
1022 0.796033
1023 0.796504
1024 0.795336
1025 0.795242
1026 0.794137
1027 0.793894
1028 0.795305
1029 0.793051
1030 0.793451
1031 0.79322
1032 0.793612
1033 0.793678
1034 0.7932
1035 0.797707
1036 0.797609
1037 0.798177
1038 0.798279
1039 0.797938
1040 0.798138
1041 0.797421
1042 0.797907
1043 0.797577
1044 0.797307
1045 0.797354
1046 0.797213
1047 0.796872
1048 0.796743
1049 0.796151
1050 0.796997
1051 0.796719
1052 0.795732
1053 0.795908
1054 0.796237
1055 0.79581
1056 0.796237
1057 0.798655
1058 0.798937
1059 0.799184
1060 0.799145
1061 0.799059
1062 0.799016
1063 0.798189
1064 0.798349
1065 0.797401
1066 0.797456
1067 0.797366
1068 0.796727
1069 0.796523
1070 0.796888
1071 0.794799
1072 0.794301
1073 0.792918
1074 0.792315
1075 0.791911
1076 0.792816
1077 0.793482
1078 0.793925
1079 0.793898
1080 0.794262
1081 0.794752
1082 0.795403
1083 0.79637
1084 0.797385
1085 0.803757
1086 0.803244
1087 0.8021
1088 0.8017
1089 0.801085
1090 0.801665
1091 0.805215
1092 0.805407
1093 0.807449
1094 0.808084
1095 0.805
1096 0.805474
1097 0.806567
1098 0.806171
1099 0.806587
1100 0.805043
1101 0.801915
1102 0.801888
1103 0.799074
1104 0.802311
1105 0.801798
1106 0.802425
1107 0.802856
1108 0.802413
1109 0.800948
1110 0.799176
1111 0.801426
1112 0.802158
1113 0.801171
1114 0.799639
1115 0.80005
1116 0.800603
1117 0.800544
1118 0.799517
1119 0.799157
1120 0.798679
1121 0.797099
1122 0.796731
1123 0.797327
1124 0.797123
1125 0.797491
1126 0.797914
1127 0.798385
1128 0.79969
1129 0.802229
1130 0.806567
1131 0.805007
1132 0.806634
1133 0.808926
1134 0.808687
1135 0.81982
1136 0.819217
1137 0.819338
1138 0.820345
1139 0.820996
1140 0.825146
1141 0.82216
1142 0.821686
1143 0.817829
1144 0.817195
1145 0.818574
1146 0.811661
1147 0.808468
1148 0.808033
1149 0.804083
1150 0.803836
1151 0.80132
1152 0.799137
1153 0.798361
1154 0.794121
1155 0.796049
1156 0.793518
1157 0.794
1158 0.794819
1159 0.79543
1160 0.790747
1161 0.790273
1162 0.788051
1163 0.787236
1164 0.785516
1165 0.785798
1166 0.79099
1167 0.789693
1168 0.79197
1169 0.791041
1170 0.792072
1171 0.79166
1172 0.791586
1173 0.791202
1174 0.790825
1175 0.788431
1176 0.789278
1177 0.789352
1178 0.790582
1179 0.790285
1180 0.790508
1181 0.792761
1182 0.796343
1183 0.798741
1184 0.798302
1185 0.809514
1186 0.814048
1187 0.814209
1188 0.815737
1189 0.814408
1190 0.812269
1191 0.811128
1192 0.810423
1193 0.811603
1194 0.813025
1195 0.813045
1196 0.815247
1197 0.818119
1198 0.81955
1199 0.822332
1200 0.820674
1201 0.823049
1202 0.823386
1203 0.824922
1204 0.82145
1205 0.815133
1206 0.812723
1207 0.812782
1208 0.810286
1209 0.809741
1210 0.810035
1211 0.808162
1212 0.812712
1213 0.811516
1214 0.810211
1215 0.811309
1216 0.811395
1217 0.807057
1218 0.809557
1219 0.810885
1220 0.816164
1221 0.812508
1222 0.812465
1223 0.81723
1224 0.817614
1225 0.816329
1226 0.819334
1227 0.816869
1228 0.816885
1229 0.815619
1230 0.816634
1231 0.816528
1232 0.812966
1233 0.812394
1234 0.812821
1235 0.811038
1236 0.810427
1237 0.812457
1238 0.810917
1239 0.809957
1240 0.810556
1241 0.810219
1242 0.811509
1243 0.811893
1244 0.813578
1245 0.809189
1246 0.812786
1247 0.813629
1248 0.813907
1249 0.813331
1250 0.810384
1251 0.810008
1252 0.810403
1253 0.811622
1254 0.812614
1255 0.810983
1256 0.812175
1257 0.811936
1258 0.809436
1259 0.809643
1260 0.812813
1261 0.812551
1262 0.814514
1263 0.817833
1264 0.817003
1265 0.820118
1266 0.814526
1267 0.81393
1268 0.815447
1269 0.811226
1270 0.811575
1271 0.812861
1272 0.810102
1273 0.810129
1274 0.809044
1275 0.806673
1276 0.807233
1277 0.805458
1278 0.802601
1279 0.803001
1280 0.802687
1281 0.801857
1282 0.801014
1283 0.800532
1284 0.79976
1285 0.806547
1286 0.805387
1287 0.806116
1288 0.805121
1289 0.804913
1290 0.807711
1291 0.805873
1292 0.805352
1293 0.805384
1294 0.805348
1295 0.805752
1296 0.801908
1297 0.801359
1298 0.802366
1299 0.79978
1300 0.803385
1301 0.805231
1302 0.80806
1303 0.803346
1304 0.804612
1305 0.808013
1306 0.802601
1307 0.800716
1308 0.80094
1309 0.804757
1310 0.800309
1311 0.79882
1312 0.794897
1313 0.795826
1314 0.794901
1315 0.793345
1316 0.791123
1317 0.791637
1318 0.790383
1319 0.790524
1320 0.791445
1321 0.78983
1322 0.786828
1323 0.787769
1324 0.790081
1325 0.787577
1326 0.788956
1327 0.787988
1328 0.788008
1329 0.789078
1330 0.787267
1331 0.786346
1332 0.786962
1333 0.787126
1334 0.786707
1335 0.782302
1336 0.779539
1337 0.777964
1338 0.77836
1339 0.778109
1340 0.777435
1341 0.7776
1342 0.777337
1343 0.777353
1344 0.777772
1345 0.776694
1346 0.776777
1347 0.776487
1348 0.777243
1349 0.777274
1350 0.777964
1351 0.778227
1352 0.777404
1353 0.777455
1354 0.77729
1355 0.777145
1356 0.777498
1357 0.778191
1358 0.778019
1359 0.778532
1360 0.78925
1361 0.789861
1362 0.789391
1363 0.790191
1364 0.790434
1365 0.79043
1366 0.79059
1367 0.791405
1368 0.792358
1369 0.792381
1370 0.789156
1371 0.788784
1372 0.788972
1373 0.79032
1374 0.79012
1375 0.794184
1376 0.789603
1377 0.787902
1378 0.791445
1379 0.792209
1380 0.790375
1381 0.790281
1382 0.7903
1383 0.791037
1384 0.79168
1385 0.778862
1386 0.779054
1387 0.77979
1388 0.780985
1389 0.781134
1390 0.782302
1391 0.78233
1392 0.783266
1393 0.782761
1394 0.783274
1395 0.784015
1396 0.787177
1397 0.787028
1398 0.787589
1399 0.786891
1400 0.787024
1401 0.787687
1402 0.789383
1403 0.790038
1404 0.78992
1405 0.790281
1406 0.790559
1407 0.791339
1408 0.792146
1409 0.792444
1410 0.797793
1411 0.79717
1412 0.79735
1413 0.797472
1414 0.796802
1415 0.797903
1416 0.797671
1417 0.798267
1418 0.798436
1419 0.800885
1420 0.802088
1421 0.801888
1422 0.801414
1423 0.801112
1424 0.801723
1425 0.801974
1426 0.800842
1427 0.800967
1428 0.803957
1429 0.804745
1430 0.806587
1431 0.809929
1432 0.806689
1433 0.811383
1434 0.808138
1435 0.818214
1436 0.819095
1437 0.818993
1438 0.820788
1439 0.823375
1440 0.822928
1441 0.824397
1442 0.825839
1443 0.825706
1444 0.82486
1445 0.826592
1446 0.82687
1447 0.828226
1448 0.83187
1449 0.834719
1450 0.836193
1451 0.838877
1452 0.839289
1453 0.837392
1454 0.842279
1455 0.84541
1456 0.847091
1457 0.849277
1458 0.853572
1459 0.855626
1460 0.861065
1461 0.863052
1462 0.865117
1463 0.867837
1464 0.869224
1465 0.873648
1466 0.868906
1467 0.873483
1468 0.87772
1469 0.875788
1470 0.882058
1471 0.88216
1472 0.885875
1473 0.887571
1474 0.887591
1475 0.89113
1476 0.894433
1477 0.896385
1478 0.897768
1479 0.903626
1480 0.903775
1481 0.905033
1482 0.903905
1483 0.908682
1484 0.91253
1485 0.918235
1486 0.924839
1487 0.922762
1488 0.924886
1489 0.920128
1490 0.922574
1491 0.920481
1492 0.917432
1493 0.921033
1494 0.92253
1495 0.922621
1496 0.930321
1497 0.933217
1498 0.935255
1499 0.933107
1500 0.933468
1501 0.934279
1502 0.934122
1503 0.927574
1504 0.927147
1505 0.927809
1506 0.924168
1507 0.923914
1508 0.923683
1509 0.924208
1510 0.922237
1511 0.929749
1512 0.929373
1513 0.936375
1514 0.924592
1515 0.92871
1516 0.935693
1517 0.928671
1518 0.927586
1519 0.919388
1520 0.923671
1521 0.921868
1522 0.933464
1523 0.941325
1524 0.921613
1525 0.92108
1526 0.941313
1527 0.932523
1528 0.91599
1529 0.913325
1530 0.925822
1531 0.923044
1532 0.920156
1533 0.917597
1534 0.919595
1535 0.905198
1536 0.902662
1537 0.901898
1538 0.907976
1539 0.905946
1540 0.906248
1541 0.891776
1542 0.885353
1543 0.884385
1544 0.875266
1545 0.872245
1546 0.862386
1547 0.876936
1548 0.871019
1549 0.861328
1550 0.853749
1551 0.846193
1552 0.845515
1553 0.849532
1554 0.846483
1555 0.84693
1556 0.853455
1557 0.852432
1558 0.844195
1559 0.852165
1560 0.846781
1561 0.854434
1562 0.856652
1563 0.857393
1564 0.85077
1565 0.855841
1566 0.855308
1567 0.8557
1568 0.850806
1569 0.853588
1570 0.857609
1571 0.864517
1572 0.859544
1573 0.869098
1574 0.861085
1575 0.866379
1576 0.865003
1577 0.86661
1578 0.870023
1579 0.872323
1580 0.867096
1581 0.865517
1582 0.869557
1583 0.872563
1584 0.878848
1585 0.865074
1586 0.869812
1587 0.862127
1588 0.86447
1589 0.865027
1590 0.867264
1591 0.863757
1592 0.867793
1593 0.864611
1594 0.863875
1595 0.861641
1596 0.863988
1597 0.872367
1598 0.85302
1599 0.847232
1600 0.849936
1601 0.847102
1602 0.848294
1603 0.848823
1604 0.855634
1605 0.861484
1606 0.861088
1607 0.862084
1608 0.851938
1609 0.846581
1610 0.840162
1611 0.856163
1612 0.856468
1613 0.85059
1614 0.847338
1615 0.847972
1616 0.854666
1617 0.856668
1618 0.848976
1619 0.85485
1620 0.850629
1621 0.854885
1622 0.852256
1623 0.850449
1624 0.848764
1625 0.834852
1626 0.825781
1627 0.825875
1628 0.827313
1629 0.816141
1630 0.815866
1631 0.837502
1632 0.845018
1633 0.850143
1634 0.851758
1635 0.840464
1636 0.846769
1637 0.856919
1638 0.859501
1639 0.862542
1640 0.867554
1641 0.870364
1642 0.86389
1643 0.868965
1644 0.868064
1645 0.864929
1646 0.86273
1647 0.840143
1648 0.83401
1649 0.840029
1650 0.838673
1651 0.836302
1652 0.828583
1653 0.819848
1654 0.823739
1655 0.819989
1656 0.829644
1657 0.832634
1658 0.838873
1659 0.833775
1660 0.833516
1661 0.83988
1662 0.833681
1663 0.83403
1664 0.836581
1665 0.841444
1666 0.842004
1667 0.846315
1668 0.861492
1669 0.858416
1670 0.86788
1671 0.851699
1672 0.841522
1673 0.841232
1674 0.837615
1675 0.849285
1676 0.855238
1677 0.849806
1678 0.84035
1679 0.834657
1680 0.84084
1681 0.835914
1682 0.840202
1683 0.842702
1684 0.837282
1685 0.821458
1686 0.835832
1687 0.842666
1688 0.814314
1689 0.800701
1690 0.797891
1691 0.787565
1692 0.792738
1693 0.791868
1694 0.798553
1695 0.798463
1696 0.79541
1697 0.790661
1698 0.79467
1699 0.799317
1700 0.8021
1701 0.81172
1702 0.810082
1703 0.81125
1704 0.805321
1705 0.808652
1706 0.811853
1707 0.816395
1708 0.81393
1709 0.802566
1710 0.80362
1711 0.803757
1712 0.815584
1713 0.811254
1714 0.810063
1715 0.800626
1716 0.792385
1717 0.795297
1718 0.798185
1719 0.801288
1720 0.805125
1721 0.804412
1722 0.80286
1723 0.803412
1724 0.807053
1725 0.800857
1726 0.805039
1727 0.800567
1728 0.811454
1729 0.812257
1730 0.758731
1731 0.748237
1732 0.737954
1733 0.729889
1734 0.737715
1735 0.709559
1736 0.72099
1737 0.708254
1738 0.703014
1739 0.703022
1740 0.687782
1741 0.686563
1742 0.685752
1743 0.671421
1744 0.695608
1745 0.667397
1746 0.678938
1747 0.654438
1748 0.643132
1749 0.618115
1750 0.612687
1751 0.60554
1752 0.590464
1753 0.58644
1754 0.579621
1755 0.591503
1756 0.578042
1757 0.583164
1758 0.580311
1759 0.576607
1760 0.563558
1761 0.569154
1762 0.56705
1763 0.568433
1764 0.565898
1765 0.567712
1766 0.573472
1767 0.57379
1768 0.582968
1769 0.587937
1770 0.591189
1771 0.597867
1772 0.598705
1773 0.596021
1774 0.596954
1775 0.598976
1776 0.599168
1777 0.59894
1778 0.597436
1779 0.592471
1780 0.590633
1781 0.580436
1782 0.571831
1783 0.568433
1784 0.55654
1785 0.544454
1786 0.541327
1787 0.533548
1788 0.52921
1789 0.524226
1790 0.518786
1791 0.51763
1792 0.518747
1793 0.515346
1794 0.49699
1795 0.494686
1796 0.487166
1797 0.48351
1798 0.481852
1799 0.478733
1800 0.474391
1801 0.468501
1802 0.469681
1803 0.469136
1804 0.469446
1805 0.473309
1806 0.471715
1807 0.470688
1808 0.47242
1809 0.473886
1810 0.46316
1811 0.45939
1812 0.462219
1813 0.462423
1814 0.45256
1815 0.454531
1816 0.453661
1817 0.437696
1818 0.432088
1819 0.43125
1820 0.430881
1821 0.429486
1822 0.429431
1823 0.430207
1824 0.43154
1825 0.431814
1826 0.427609
1827 0.43038
1828 0.425889
1829 0.410896
1830 0.406977
1831 0.4051
1832 0.400781
1833 0.398626
1834 0.395162
1835 0.393916
1836 0.390655
1837 0.38939
1838 0.39035
1839 0.377559
1840 0.375266
1841 0.374694
1842 0.361269
1843 0.357993
1844 0.348674
1845 0.332991
1846 0.328077
1847 0.322869
1848 0.315741
1849 0.313366
1850 0.303957
1851 0.296794
1852 0.293823
1853 0.288533
1854 0.278278
1855 0.274806
1856 0.269927
1857 0.268473
1858 0.268708
1859 0.266917
1860 0.261298
1861 0.258284
1862 0.25647
1863 0.246614
1864 0.24324
1865 0.238263
1866 0.229583
1867 0.227099
1868 0.226691
1869 0.234364
1870 0.236269
1871 0.241391
1872 0.238138
1873 0.238448
1874 0.247504
1875 0.253633
1876 0.253358
1877 0.258954
1878 0.264397
1879 0.272654
1880 0.278046
1881 0.285394
1882 0.28869
1883 0.292271
1884 0.303248
1885 0.311759
1886 0.306308
1887 0.317167
1888 0.326839
1889 0.334253
1890 0.345022
1891 0.348172
1892 0.352522
1893 0.361939
1894 0.377065
1895 0.385204
1896 0.386411
1897 0.389954
1898 0.399139
1899 0.39843
1900 0.402486
1901 0.425536
1902 0.439855
1903 0.449311
1904 0.468877
1905 0.493017
1906 0.500043
1907 0.543036
1908 0.523054
1909 0.523273
1910 0.523975
1911 0.52095
1912 0.528235
1913 0.523654
1914 0.523156
1915 0.517427
1916 0.514762
1917 0.503864
1918 0.501015
1919 0.491394
1920 0.49072
1921 0.487954
1922 0.488173
1923 0.484752
1924 0.471205
1925 0.470249
1926 0.457172
1927 0.455264
1928 0.449738
1929 0.445819
1930 0.44263
1931 0.435909
1932 0.426085
1933 0.423839
1934 0.408376
1935 0.400009
1936 0.399128
1937 0.392399
1938 0.379205
1939 0.37598
1940 0.369071
1941 0.36025
1942 0.36826
1943 0.36467
1944 0.357871
1945 0.355685
1946 0.343466
1947 0.33303
1948 0.327031
1949 0.30949
1950 0.299588
1951 0.294172
1952 0.282733
1953 0.269484
1954 0.257551
1955 0.239882
1956 0.230751
1957 0.223235
1958 0.212529
1959 0.204844
1960 0.195729
1961 0.182645
1962 0.170571
1963 0.166911
1964 0.158764
1965 0.14939
1966 0.147631
1967 0.135824
1968 0.128593
1969 0.124232
1970 0.114643
1971 0.103404
1972 0.0988267
1973 0.0900605
1974 0.081502
1975 0.077595
1976 0.0695263
1977 0.0656781
1978 0.0634091
1979 0.0598039
1980 0.0577975
1981 0.0574801
1982 0.0585107
1983 0.0582364
1984 0.0578406
1985 0.0573625
1986 0.0569276
1987 0.0568727
1988 0.0563319
1989 0.0564181
1990 0.0564926
1991 0.0572293
1992 0.0574644
1993 0.0575741
1994 0.058111
1995 0.0583775
1996 0.0582834
1997 0.0577035
1998 0.0588595
1999 0.0586126
2000 0.0592122
2001 0.0677315
2002 0.0722929
2003 0.084782
2004 0.103459
2005 0.111688
2006 0.129467
2007 0.146643
2008 0.156632
2009 0.176206
2010 0.196368
2011 0.203398
2012 0.220884
2013 0.23648
2014 0.247265
2015 0.261678
2016 0.278662
2017 0.285406
2018 0.302037
2019 0.317634
2020 0.32049
2021 0.328939
2022 0.341738
2023 0.35021
2024 0.355089
2025 0.373542
2026 0.382367
2027 0.398352
2028 0.417898
2029 0.42967
2030 0.444867
2031 0.457901
2032 0.435807
2033 0.430928
2034 0.433609
2035 0.454464
2036 0.447885
2037 0.421754
2038 0.429255
2039 0.416923
2040 0.410351
2041 0.402192
2042 0.393822
2043 0.383868
2044 0.376497
2045 0.369071
2046 0.358216
2047 0.361935
2048 0.361598
2049 0.357938
2050 0.355763
2051 0.346483
2052 0.345018
2053 0.326717
2054 0.319675
2055 0.289658
2056 0.297914
2057 0.264256
2058 0.254671
2059 0.236672
2060 0.212525
2061 0.203888
2062 0.200448
2063 0.18527
2064 0.173753
2065 0.169011
2066 0.16135
2067 0.153705
2068 0.151044
2069 0.139104
2070 0.135455
2071 0.129926
2072 0.126152
2073 0.12076
2074 0.115626
2075 0.10782
2076 0.103576
2077 0.101386
2078 0.0953038
2079 0.0884813
2080 0.0856127
2081 0.0795073
2082 0.0736253
2083 0.0718854
2084 0.0670693
2085 0.066889
2086 0.0659407
2087 0.0655958
2088 0.0646945
2089 0.0644084
2090 0.0639343
2091 0.0639695
2092 0.0641028
2093 0.0638755
2094 0.0637501
2095 0.0640401
2096 0.064236
2097 0.0637932
2098 0.0637853
2099 0.0637344
2100 0.0679235
2101 0.0739153
2102 0.0811571
2103 0.0890338
2104 0.0930936
2105 0.101966
2106 0.110414
2107 0.115524
2108 0.125396
2109 0.135937
2110 0.142019
2111 0.15394
2112 0.1657
2113 0.171222
2114 0.1842
2115 0.195647
2116 0.202477
2117 0.215225
2118 0.229137
2119 0.234239
2120 0.245399
2121 0.258692
2122 0.268449
2123 0.284622
2124 0.300254
2125 0.306963
2126 0.324491
2127 0.340499
2128 0.345939
2129 0.357334
2130 0.369768
2131 0.374863
2132 0.381047
2133 0.390209
2134 0.393504
2135 0.395938
2136 0.399857
2137 0.401067
2138 0.398411
2139 0.402553
2140 0.404492
2141 0.406138
2142 0.415892
2143 0.418228
2144 0.416962
2145 0.418949
2146 0.418945
2147 0.41291
2148 0.412404
2149 0.411382
2150 0.397693
2151 0.379636
2152 0.376752
2153 0.368581
2154 0.365752
2155 0.370587
2156 0.363561
2157 0.367762
2158 0.366539
2159 0.370803
2160 0.375067
2161 0.375709
2162 0.370294
2163 0.369263
2164 0.370642
2165 0.365411
2166 0.361233
2167 0.364114
2168 0.355673
2169 0.353227
2170 0.351715
2171 0.349234
2172 0.342094
2173 0.340049
2174 0.330205
2175 0.314553
2176 0.308307
2177 0.290473
2178 0.274281
2179 0.259593
2180 0.246853
2181 0.234944
2182 0.22936
2183 0.219269
2184 0.204155
2185 0.202215
2186 0.187308
2187 0.175328
2188 0.171218
2189 0.161346
2190 0.151867
2191 0.146914
2192 0.134197
2193 0.122994
2194 0.119361
2195 0.109956
2196 0.102808
2197 0.0989992
2198 0.0919533
2199 0.0856558
2200 0.0837474
2201 0.078751
2202 0.0718344
2203 0.0700122
2204 0.0651765
2205 0.0634131
2206 0.0634758
2207 0.0613636
2208 0.0603133
2209 0.0591808
2210 0.0586204
2211 0.0554698
2212 0.0542824
2213 0.0515824
2214 0.0489921
2215 0.047405
2216 0.0466134
2217 0.0457748
2218 0.0451243
2219 0.045912
2220 0.0456573
2221 0.0458218
2222 0.0456651
2223 0.0461275
2224 0.0477303
2225 0.0472443
2226 0.0463744
2227 0.0472169
2228 0.0477263
2229 0.0476127
2230 0.0473384
2231 0.0479967
2232 0.0480594
2233 0.0483494
2234 0.048996
2235 0.0473972
2236 0.0477342
2237 0.0476597
2238 0.0479693
2239 0.0488745
2240 0.0487217
2241 0.048369
2242 0.0485728
2243 0.0480516
2244 0.0486629
2245 0.0491684
2246 0.0495055
2247 0.0493017
2248 0.0486708
2249 0.0500345
2250 0.0498111
2251 0.0501756
2252 0.0507555
2253 0.0512689
2254 0.0517117
2255 0.0529422
2256 0.0522525
2257 0.0528285
2258 0.0528246
2259 0.0531225
2260 0.0520722
2261 0.0526953
2262 0.0543255
2263 0.0546194
2264 0.0547487
2265 0.0551445
2266 0.0556383
2267 0.0595845
2268 0.0671437
2269 0.0704315
2270 0.0763919
2271 0.0882109
2272 0.093893
2273 0.101064
2274 0.103843
2275 0.109932
2276 0.11759
2277 0.121877
2278 0.124636
2279 0.128166
2280 0.131819
2281 0.133327
2282 0.134914
2283 0.136697
2284 0.137987
2285 0.139374
2286 0.141079
2287 0.141451
2288 0.14236
2289 0.144402
2290 0.145033
2291 0.148269
2292 0.147744
2293 0.148305
2294 0.14803
2295 0.14602
2296 0.147823
2297 0.147913
2298 0.151064
2299 0.152106
2300 0.155464
2301 0.159277
2302 0.160586
2303 0.163694
2304 0.165684
2305 0.168239
2306 0.168941
2307 0.168874
2308 0.169764
2309 0.170395
2310 0.169007
2311 0.167154
2312 0.162643
2313 0.162126
2314 0.159454
2315 0.154673
2316 0.149433
2317 0.146945
2318 0.141467
2319 0.139256
2320 0.138359
2321 0.137536
2322 0.129926
2323 0.126611
2324 0.118475
2325 0.117778
2326 0.116778
2327 0.115031
2328 0.114439
2329 0.112013
2330 0.11179
2331 0.108177
2332 0.107005
2333 0.104779
2334 0.10168
2335 0.097271
2336 0.0940929
2337 0.0900056
2338 0.0860124
2339 0.0821721
2340 0.0809063
2341 0.0792526
2342 0.076968
2343 0.0742797
2344 0.0744718
2345 0.07359
2346 0.0728651
2347 0.0711251
2348 0.0682018
2349 0.0645495
2350 0.0644476
2351 0.0639107
2352 0.0646867
2353 0.0648473
2354 0.0644241
2355 0.0623903
2356 0.0613283
2357 0.0615242
2358 0.0596628
2359 0.0590593
2360 0.0578171
2361 0.0577387
2362 0.0579778
2363 0.0560615
2364 0.0563201
2365 0.0563789
2366 0.0575232
2367 0.0581149
2368 0.0577858
2369 0.0601919
2370 0.0598392
2371 0.0605563
2372 0.0611559
2373 0.0620729
2374 0.0615046
2375 0.0613205
2376 0.0606033
2377 0.0600077
2378 0.0614223
2379 0.05893
2380 0.0587419
2381 0.0587223
2382 0.0576368
2383 0.057531
2384 0.0656507
2385 0.0741622
2386 0.0796131
2387 0.0893786
2388 0.0952568
2389 0.0986034
2390 0.105732
2391 0.109035
2392 0.109889
2393 0.111328
2394 0.11313
2395 0.113608
2396 0.118432
2397 0.118389
2398 0.118025
2399 0.11826
2400 0.119549
2401 0.119855
2402 0.121873
2403 0.123597
2404 0.125353
2405 0.128394
2406 0.128836
2407 0.129898
2408 0.132285
2409 0.124483
2410 0.124679
2411 0.128437
2412 0.131305
2413 0.12893
2414 0.124416
2415 0.117292
2416 0.11507
2417 0.108514
2418 0.104936
2419 0.104105
2420 0.0997711
2421 0.0940615
2422 0.0908286
2423 0.0839865
2424 0.0785355
2425 0.0755886
2426 0.0691031
2427 0.0627077
2428 0.0599881
2429 0.054204
2430 0.0492311
2431 0.0471816
2432 0.0440114
2433 0.0487531
2434 0.0526796
2435 0.0613205
2436 0.0655919
2437 0.0698359
2438 0.0741935
2439 0.0769327
2440 0.0782063
2441 0.0807888
2442 0.082897
2443 0.0836338
2444 0.0858675
2445 0.0862397
2446 0.0876387
2447 0.0892297
2448 0.0910088
2449 0.0905856
2450 0.0932974
2451 0.0937716
2452 0.0944064
2453 0.0948335
2454 0.0944025
2455 0.0934737
2456 0.0939988
2457 0.0953978
2458 0.0978706
2459 0.100837
2460 0.105504
2461 0.105453
2462 0.108067
2463 0.103729
2464 0.102126
2465 0.0968791
2466 0.0903622
2467 0.0878738
2468 0.083528
2469 0.0789822
2470 0.0780966
2471 0.0743542
2472 0.0686916
2473 0.0665481
2474 0.0631505
2475 0.0609913
2476 0.059847
2477 0.0582482
2478 0.0576564
2479 0.0581071
2480 0.056759
2481 0.0549956
2482 0.05382
2483 0.0544196
2484 0.0550661
2485 0.055799
2486 0.0565357
2487 0.0573821
2488 0.0574762
2489 0.0579817
2490 0.0587694
2491 0.0591456
2492 0.0598039
2493 0.0606112
2494 0.0602467
2495 0.0614459
2496 0.0615203
2497 0.0618181
2498 0.0618142
2499 0.0622139
2500 0.0628174
2501 0.0634483
2502 0.0645417
2503 0.0644163
2504 0.0647258
2505 0.0648748
2506 0.065106
2507 0.0645848
2508 0.0668341
2509 0.0696948
2510 0.0751223
2511 0.0812355
2512 0.0858165
2513 0.0939949
2514 0.0996418
2515 0.103839
2516 0.10965
2517 0.111273
2518 0.111884
2519 0.113463
2520 0.113377
2521 0.114063
2522 0.115242
2523 0.114549
2524 0.114756
2525 0.116324
2526 0.119686
2527 0.11835
2528 0.120584
2529 0.122465
2530 0.123558
2531 0.124212
2532 0.125556
2533 0.126262
2534 0.127414
2535 0.131493
2536 0.131282
2537 0.133688
2538 0.135189
2539 0.13611
2540 0.136748
2541 0.13908
2542 0.139225
2543 0.140024
2544 0.143269
2545 0.142999
2546 0.143528
2547 0.145366
2548 0.146741
2549 0.142736
2550 0.140906
2551 0.139158
2552 0.135561
2553 0.130937
2554 0.128335
2555 0.123107
2556 0.119686
2557 0.116359
2558 0.109168
2559 0.102334
2560 0.0999161
2561 0.0928036
2562 0.0845782
2563 0.0810474
2564 0.0741543
2565 0.0680137
2566 0.0642595
2567 0.0586322
2568 0.053436
2569 0.0511944
2570 0.0471229
2571 0.0443014
2572 0.0440075
2573 0.0429768
2574 0.0418247
2575 0.0415935
2576 0.0416954
2577 0.0416954
2578 0.0417659
2579 0.0417895
2580 0.0417072
2581 0.0416836
2582 0.0416131
2583 0.0416523
2584 0.0416327
2585 0.0415582
2586 0.0415582
2587 0.0415543
2588 0.0415582
2589 0.0415543
2590 0.0415543
2591 0.0415778
2592 0.0416445
2593 0.0417855
2594 0.0418678
2595 0.0418678
2596 0.0418326
2597 0.0419227
2598 0.041809
2599 0.0418404
2600 0.0418326
2601 0.0418522
2602 0.04186
2603 0.0418365
2604 0.0418169
2605 0.0418757
2606 0.0420167
2607 0.0420834
2608 0.0420951
2609 0.042099
2610 0.0421069
2611 0.0420912
2612 0.0418757
2613 0.0418365
2614 0.0418404
2615 0.0417816
2616 0.041668
2617 0.0416641
2618 0.0416484
2619 0.0416484
2620 0.0416836
2621 0.0417346
2622 0.0417895
2623 0.0418286
2624 0.0417816
2625 0.045716
2626 0.0487844
2627 0.0555638
2628 0.0620337
2629 0.065251
2630 0.0673436
2631 0.0727083
2632 0.0744365
2633 0.0769719
2634 0.0785747
2635 0.0790136
2636 0.0792605
2637 0.0815764
2638 0.0852248
2639 0.0945044
2640 0.105246
2641 0.110418
2642 0.120141
2643 0.134084
2644 0.139652
2645 0.153215
2646 0.163259
2647 0.168514
2648 0.182151
2649 0.189816
2650 0.194413
2651 0.203688
2652 0.210989
2653 0.212145
2654 0.213109
2655 0.222389
2656 0.223266
2657 0.230285
2658 0.233753
2659 0.237907
2660 0.245815
2661 0.249647
2662 0.248076
2663 0.247143
2664 0.244698
2665 0.241853
2666 0.238581
2667 0.234552
2668 0.231245
2669 0.230614
2670 0.232722
2671 0.225763
2672 0.219653
2673 0.22577
2674 0.237158
2675 0.235023
2676 0.240289
2677 0.242264
2678 0.244984
2679 0.246787
2680 0.241567
2681 0.236308
2682 0.230912
2683 0.228517
2684 0.224748
2685 0.219199
2686 0.217757
2687 0.214665
2688 0.211961
2689 0.210456
2690 0.19589
2691 0.200612
2692 0.187919
2693 0.181195
2694 0.183272
2695 0.180862
2696 0.17458
2697 0.168028
2698 0.164771
2699 0.158572
2700 0.152325
2701 0.148779
2702 0.141416
2703 0.135342
2704 0.132226
2705 0.125537
2706 0.119114
2707 0.115474
2708 0.109074
2709 0.103541
2710 0.102393
2711 0.0996222
2712 0.100418
2713 0.100461
2714 0.0968909
2715 0.0971652
2716 0.10197
2717 0.101691
2718 0.101731
2719 0.101111
2720 0.101201
2721 0.101523
2722 0.101958
2723 0.102581
2724 0.103772
2725 0.103917
2726 0.104744
2727 0.105818
2728 0.106696
2729 0.1111
2730 0.115995
2731 0.119447
2732 0.125576
2733 0.130678
2734 0.13252
2735 0.136133
2736 0.141067
2737 0.140855
2738 0.145856
2739 0.148889
2740 0.150464
2741 0.149621
2742 0.151969
2743 0.153172
2744 0.153485
2745 0.153869
2746 0.153152
2747 0.154336
2748 0.156287
2749 0.156134
2750 0.158282
2751 0.161903
2752 0.160833
2753 0.162859
2754 0.164086
2755 0.164203
2756 0.166253
2757 0.16684
2758 0.168255
2759 0.168177
2760 0.168388
2761 0.169074
2762 0.169658
2763 0.169015
2764 0.171719
2765 0.171829
2766 0.173353
2767 0.174647
2768 0.175411
2769 0.175211
2770 0.176026
2771 0.176351
2772 0.178111
2773 0.178044
2774 0.178699
2775 0.179874
2776 0.17949
2777 0.181046
2778 0.18172
2779 0.181869
2780 0.183699
2781 0.185407
2782 0.186391
2783 0.18788
2784 0.190314
2785 0.189452
2786 0.190643
2787 0.190843
2788 0.191995
2789 0.193684
2790 0.193433
2791 0.194538
2792 0.194373
2793 0.195032
2794 0.195404
2795 0.195134
2796 0.195835
2797 0.196211
2798 0.194644
2799 0.195867
2800 0.19629
2801 0.196262
2802 0.196415
2803 0.196787
2804 0.195937
2805 0.196458
2806 0.195643
2807 0.197348
2808 0.197528
2809 0.197211
2810 0.196027
2811 0.197446
2812 0.198026
2813 0.19915
2814 0.198809
2815 0.199785
2816 0.199719
2817 0.200271
2818 0.200353
2819 0.200722
2820 0.203273
2821 0.202783
2822 0.202187
2823 0.201886
2824 0.202015
2825 0.202376
2826 0.200824
2827 0.200832
2828 0.199848
2829 0.198829
2830 0.198567
2831 0.199049
2832 0.198762
2833 0.198919
2834 0.198429
2835 0.197505
2836 0.197677
2837 0.198817
2838 0.198547
2839 0.198915
2840 0.199472
2841 0.199801
2842 0.200377
2843 0.199237
2844 0.199284
2845 0.199272
2846 0.19926
2847 0.199307
2848 0.199487
2849 0.199621
2850 0.200953
2851 0.201094
2852 0.202811
2853 0.204535
2854 0.205648
2855 0.205996
2856 0.206275
2857 0.206071
2858 0.204307
2859 0.202948
2860 0.199676
2861 0.199762
2862 0.19944
2863 0.199252
2864 0.199966
2865 0.201607
2866 0.201631
2867 0.203081
2868 0.204284
2869 0.205514
2870 0.205969
2871 0.208696
2872 0.207897
2873 0.205953
2874 0.205624
2875 0.205162
2876 0.202803
2877 0.202242
2878 0.201031
2879 0.201976
2880 0.203026
2881 0.205123
2882 0.208634
2883 0.21209
2884 0.214218
2885 0.216079
2886 0.217388
2887 0.218948
2888 0.219982
2889 0.221248
2890 0.222322
2891 0.222624
2892 0.220935
2893 0.220774
2894 0.217866
2895 0.21896
2896 0.219093
2897 0.219622
2898 0.220272
2899 0.221111
2900 0.220731
2901 0.220837
2902 0.220555
2903 0.219732
2904 0.219124
2905 0.219254
2906 0.219932
2907 0.221182
2908 0.221856
2909 0.221664
2910 0.218423
2911 0.218509
2912 0.218858
2913 0.219598
2914 0.219391
2915 0.219254
2916 0.218881
2917 0.218819
2918 0.217941
2919 0.21807
2920 0.218395
2921 0.219058
2922 0.219775
2923 0.219896
2924 0.220535
2925 0.21979
2926 0.21934
2927 0.220417
2928 0.221099
2929 0.221848
2930 0.224226
2931 0.225567
2932 0.226092
2933 0.228184
2934 0.228419
2935 0.228282
2936 0.226958
2937 0.228039
2938 0.228188
2939 0.230003
2940 0.230759
2941 0.23128
2942 0.231225
2943 0.231468
2944 0.232781
2945 0.235646
2946 0.242464
2947 0.246022
2948 0.251042
2949 0.254855
2950 0.257101
2951 0.262207
2952 0.264009
2953 0.268269
2954 0.271992
2955 0.276644
2956 0.279128
2957 0.284289
2958 0.291088
2959 0.294964
2960 0.300426
2961 0.306524
2962 0.309044
2963 0.315553
2964 0.320361
2965 0.323614
2966 0.330401
2967 0.335589
2968 0.341205
2969 0.348709
2970 0.35289
2971 0.355504
2972 0.361233
2973 0.367629
2974 0.370317
2975 0.374851
2976 0.382175
2977 0.386357
2978 0.390283
2979 0.393453
2980 0.395107
2981 0.399911
2982 0.405198
2983 0.409128
2984 0.412005
2985 0.434416
2986 0.434635
2987 0.433993
2988 0.436101
2989 0.439067
2990 0.446411
2991 0.452865
2992 0.458822
2993 0.465758
2994 0.467376
2995 0.473529
2996 0.478071
2997 0.487154
2998 0.494565
2999 0.50328
3000 0.505518
3001 0.508186
3002 0.516467
3003 0.525248
3004 0.529649
3005 0.541652
3006 0.548357
3007 0.54619
3008 0.553616
3009 0.565768
3010 0.596017
3011 0.60351
3012 0.608616
3013 0.610348
3014 0.626321
3015 0.636321
3016 0.643645
3017 0.655778
3018 0.661609
3019 0.664238
3020 0.669568
3021 0.677484
3022 0.680642
3023 0.686971
3024 0.690408
3025 0.693214
3026 0.696948
3027 0.69986
3028 0.702971
3029 0.709069
3030 0.723133
3031 0.726738
3032 0.729905
3033 0.73523
3034 0.736766
3035 0.776694
3036 0.780147
3037 0.780684
3038 0.773399
3039 0.763672
3040 0.747108
3041 0.743949
3042 0.737021
3043 0.735924
3044 0.733772
3045 0.735763
3046 0.734815
3047 0.734666
3048 0.734388
3049 0.732859
3050 0.733095
3051 0.731057
3052 0.72947
3053 0.742092
3054 0.740423
3055 0.739615
3056 0.736966
3057 0.73813
3058 0.73893
3059 0.742104
3060 0.749122
3061 0.751466
3062 0.751176
3063 0.752865
3064 0.749788
3065 0.75712
3066 0.754844
3067 0.755529
3068 0.738032
3069 0.737907
3070 0.738604
3071 0.740262
3072 0.736559
3073 0.737515
3074 0.741308
3075 0.741539
3076 0.742319
3077 0.74025
3078 0.740097
3079 0.739521
3080 0.736649
3081 0.737115
3082 0.741943
3083 0.746834
3084 0.74828
3085 0.759338
3086 0.753895
3087 0.762728
3088 0.763061
3089 0.758586
3090 0.761756
3091 0.762744
3092 0.762775
3093 0.762822
3094 0.762575
3095 0.761592
3096 0.760933
3097 0.7614
3098 0.761392
3099 0.761392
3100 0.76178
3101 0.763202
3102 0.763312
3103 0.762708
3104 0.763426
3105 0.7637
3106 0.764343
3107 0.76341
3108 0.764707
3109 0.764648
3110 0.765816
3111 0.765628
3112 0.765679
3113 0.766596
3114 0.765369
3115 0.765522
3116 0.76513
3117 0.765111
3118 0.764021
3119 0.765855
3120 0.767023
3121 0.76689
3122 0.766079
3123 0.766098
3124 0.765906
3125 0.765985
3126 0.766071
3127 0.765828
3128 0.766106
3129 0.764899
3130 0.764307
3131 0.767031
3132 0.768978
3133 0.767195
3134 0.766517
3135 0.774382
3136 0.772153
3137 0.770828
3138 0.771322
3139 0.771377
3140 0.770718
3141 0.77198
3142 0.770836
3143 0.769727
3144 0.767619
3145 0.767446
3146 0.766141
3147 0.766126
3148 0.766388
3149 0.765448
3150 0.765671
3151 0.766478
3152 0.763892
3153 0.763057
3154 0.762893
3155 0.762129
3156 0.75935
3157 0.757692
3158 0.757034
3159 0.756979
3160 0.756423
3161 0.756344
3162 0.757281
3163 0.756779
3164 0.755835
3165 0.756474
3166 0.756529
3167 0.75609
3168 0.755921
3169 0.755141
3170 0.754381
3171 0.754871
3172 0.75406
3173 0.75424
3174 0.754589
3175 0.754456
3176 0.75629
3177 0.757234
3178 0.757065
3179 0.757238
3180 0.757512
3181 0.754859
3182 0.755886
3183 0.756905
3184 0.758033
3185 0.764107
3186 0.765683
3187 0.763876
3188 0.764535
3189 0.765655
3190 0.763712
3191 0.765248
3192 0.76562
3193 0.765726
3194 0.767564
3195 0.766416
3196 0.765757
3197 0.764413
3198 0.763187
3199 0.763175
3200 0.761827
3201 0.763081
3202 0.762078
3203 0.762152
3204 0.761831
3205 0.761713
3206 0.762493
3207 0.761255
3208 0.762285
3209 0.76207
3210 0.765444
3211 0.766251
3212 0.766063
3213 0.765875
3214 0.766235
3215 0.76638
3216 0.767709
3217 0.767282
3218 0.76736
3219 0.767113
3220 0.766576
3221 0.765009
3222 0.765166
3223 0.76513
3224 0.765213
3225 0.766541
3226 0.766937
3227 0.768739
3228 0.773465
3229 0.773959
3230 0.774312
3231 0.773791
3232 0.773842
3233 0.773877
3234 0.773802
3235 0.771984
3236 0.771808
3237 0.771271
3238 0.770581
3239 0.771095
3240 0.77075
3241 0.770946
3242 0.770236
3243 0.771326
3244 0.771185
3245 0.771326
3246 0.771165
3247 0.771624
3248 0.771569
3249 0.771561
3250 0.771573
3251 0.770616
3252 0.77035
3253 0.770405
3254 0.769621
3255 0.767995
3256 0.768234
3257 0.767811
3258 0.769076
3259 0.769935
3260 0.767721
3261 0.767007
3262 0.768152
3263 0.770244
3264 0.770793
3265 0.768916
3266 0.767493
3267 0.767913
3268 0.767556
3269 0.768391
3270 0.768614
3271 0.769594
3272 0.76939
3273 0.76948
3274 0.769488
3275 0.768959
3276 0.773367
3277 0.773642
3278 0.773916
3279 0.774668
3280 0.774445
3281 0.774512
3282 0.776212
3283 0.776906
3284 0.777768
3285 0.783337
3286 0.783109
3287 0.783004
3288 0.781518
3289 0.779673
3290 0.778912
3291 0.780539
3292 0.780641
3293 0.78222
3294 0.782287
3295 0.781499
3296 0.780598
3297 0.781189
3298 0.778795
3299 0.778728
3300 0.777608
3301 0.778842
3302 0.777416
3303 0.777165
3304 0.778771
3305 0.77972
3306 0.779324
3307 0.778807
3308 0.778332
3309 0.778144
3310 0.781432
3311 0.782369
3312 0.782604
3313 0.782823
3314 0.781875
3315 0.781577
3316 0.781076
3317 0.780793
3318 0.780202
3319 0.781322
3320 0.780891
3321 0.77682
3322 0.778035
3323 0.777353
3324 0.776777
3325 0.777894
3326 0.77689
3327 0.777419
3328 0.776934
3329 0.776624
3330 0.775825
3331 0.776256
3332 0.776526
3333 0.776424
3334 0.776224
3335 0.771048
3336 0.77113
3337 0.771388
3338 0.771048
3339 0.770201
3340 0.770209
3341 0.770232
3342 0.769739
3343 0.769233
3344 0.769488
3345 0.768896
3346 0.768363
3347 0.768853
3348 0.7685
3349 0.768728
3350 0.768673
3351 0.768833
3352 0.768418
3353 0.768046
3354 0.768109
3355 0.768089
3356 0.768998
3357 0.769406
3358 0.769194
3359 0.769088
3360 0.771914
3361 0.770754
3362 0.771369
3363 0.770816
3364 0.770401
3365 0.769633
3366 0.768187
3367 0.767485
3368 0.765718
3369 0.764554
3370 0.763806
3371 0.763328
3372 0.762473
3373 0.762481
3374 0.762626
3375 0.762219
3376 0.762081
3377 0.761764
3378 0.762019
3379 0.761984
3380 0.761309
3381 0.761451
3382 0.76127
3383 0.762207
3384 0.762168
3385 0.762387
3386 0.761827
3387 0.761114
3388 0.760737
3389 0.760761
3390 0.760933
3391 0.760596
3392 0.76002
3393 0.759311
3394 0.75924
3395 0.759139
3396 0.758766
3397 0.75857
3398 0.759119
3399 0.760126
3400 0.76138
3401 0.762395
3402 0.762317
3403 0.76265
3404 0.762622
3405 0.762473
3406 0.76227
3407 0.762148
3408 0.761846
3409 0.761157
3410 0.761313
3411 0.760839
3412 0.75982
3413 0.758276
3414 0.757375
3415 0.757218
3416 0.756889
3417 0.758872
3418 0.758915
3419 0.758531
3420 0.758613
3421 0.757418
3422 0.757575
3423 0.757308
3424 0.757375
3425 0.757685
3426 0.756909
3427 0.756776
3428 0.757724
3429 0.757845
3430 0.757602
3431 0.757355
3432 0.759276
3433 0.759178
3434 0.763669
3435 0.774504
3436 0.774041
3437 0.774273
3438 0.774284
3439 0.775915
3440 0.776193
3441 0.777768
3442 0.77769
3443 0.778148
3444 0.778195
3445 0.777992
3446 0.778924
3447 0.779246
3448 0.779132
3449 0.779661
3450 0.781005
3451 0.782283
3452 0.782189
3453 0.78289
3454 0.782541
3455 0.782192
3456 0.782526
3457 0.782917
3458 0.782522
3459 0.781989
3460 0.792593
3461 0.792021
3462 0.791801
3463 0.791844
3464 0.791586
3465 0.791225
3466 0.791119
3467 0.790967
3468 0.79032
3469 0.791045
3470 0.790422
3471 0.790539
3472 0.789677
3473 0.789524
3474 0.789462
3475 0.789168
3476 0.789328
3477 0.788803
3478 0.788654
3479 0.788792
3480 0.788682
3481 0.788
3482 0.787906
3483 0.788082
3484 0.788106
3485 0.799502
3486 0.797965
3487 0.798236
3488 0.79775
3489 0.796347
3490 0.797307
3491 0.799031
3492 0.800775
3493 0.803526
3494 0.807292
3495 0.811842
3496 0.808362
3497 0.8077
3498 0.805909
3499 0.805873
3500 0.805242
3501 0.808056
3502 0.807535
3503 0.811928
3504 0.810952
3505 0.807821
3506 0.80643
3507 0.808859
3508 0.805885
3509 0.805321
3510 0.803569
3511 0.802311
3512 0.803009
3513 0.800642
3514 0.800011
3515 0.800489
3516 0.798396
3517 0.79755
3518 0.797769
3519 0.798228
3520 0.796253
3521 0.795865
3522 0.79599
3523 0.795634
3524 0.794881
3525 0.794094
3526 0.795238
3527 0.795555
3528 0.795657
3529 0.796288
3530 0.7963
3531 0.795657
3532 0.795567
3533 0.795328
3534 0.795026
3535 0.792283
3536 0.792389
3537 0.791613
3538 0.791472
3539 0.791597
3540 0.793396
3541 0.793047
3542 0.793859
3543 0.793623
3544 0.793302
3545 0.793478
3546 0.789752
3547 0.789677
3548 0.789101
3549 0.788948
3550 0.788549
3551 0.788392
3552 0.788364
3553 0.787992
3554 0.788502
3555 0.788439
3556 0.788071
3557 0.788294
3558 0.788604
3559 0.788125
3560 0.788247
3561 0.788219
3562 0.7878
3563 0.788004
3564 0.787879
3565 0.787898
3566 0.787922
3567 0.788678
3568 0.787651
3569 0.786836
3570 0.786001
3571 0.786295
3572 0.787075
3573 0.786997
3574 0.786785
3575 0.786758
3576 0.78628
3577 0.786738
3578 0.787299
3579 0.789086
3580 0.788282
3581 0.788486
3582 0.787577
3583 0.787267
3584 0.786824
3585 0.786719
3586 0.78686
3587 0.786895
3588 0.786934
3589 0.785731
3590 0.785892
3591 0.785853
3592 0.785907
3593 0.78648
3594 0.781483
3595 0.78086
3596 0.781068
3597 0.779865
3598 0.780198
3599 0.780288
3600 0.779916
3601 0.779367
3602 0.780033
3603 0.780061
3604 0.779935
3605 0.780848
3606 0.781009
3607 0.781354
3608 0.782173
3609 0.781033
3610 0.781119
3611 0.78173
3612 0.781009
3613 0.782185
3614 0.782126
3615 0.782334
3616 0.782588
3617 0.782161
3618 0.783043
3619 0.789595
3620 0.789411
3621 0.790547
3622 0.790073
3623 0.791699
3624 0.78789
3625 0.78724
3626 0.787079
3627 0.786938
3628 0.787961
3629 0.789093
3630 0.789995
3631 0.790128
3632 0.790285
3633 0.790551
3634 0.79052
3635 0.790822
3636 0.790798
3637 0.792589
3638 0.795814
3639 0.797001
3640 0.797695
3641 0.797738
3642 0.798032
3643 0.798565
3644 0.801778
3645 0.801473
3646 0.802738
3647 0.798867
3648 0.800015
3649 0.800179
3650 0.800356
3651 0.800007
3652 0.800834
3653 0.802989
3654 0.801692
3655 0.803287
3656 0.803738
3657 0.80409
3658 0.804588
3659 0.806042
3660 0.806148
3661 0.80683
3662 0.805693
3663 0.807159
3664 0.807413
3665 0.80746
3666 0.807958
3667 0.80846
3668 0.808566
3669 0.805462
3670 0.803514
3671 0.80315
3672 0.800904
3673 0.799388
3674 0.799893
3675 0.799282
3676 0.798773
3677 0.798992
3678 0.798847
3679 0.798443
3680 0.797707
3681 0.797777
3682 0.798103
3683 0.797448
3684 0.798052
3685 0.798393
3686 0.798314
3687 0.798573
3688 0.79842
3689 0.797871
3690 0.797574
3691 0.797323
3692 0.79659
3693 0.796414
3694 0.796112
3695 0.795512
3696 0.795892
3697 0.795767
3698 0.795571
3699 0.795183
3700 0.794701
3701 0.794525
3702 0.794301
3703 0.793373
3704 0.793384
3705 0.793341
3706 0.793212
3707 0.793435
3708 0.792409
3709 0.792115
3710 0.791249
3711 0.790336
3712 0.790453
3713 0.790892
3714 0.791198
3715 0.790551
3716 0.790485
3717 0.790426
3718 0.790198
3719 0.788459
3720 0.788411
3721 0.788188
3722 0.786938
3723 0.787114
3724 0.787216
3725 0.78608
3726 0.786213
3727 0.785751
3728 0.784787
3729 0.784943
3730 0.785045
3731 0.785798
3732 0.785617
3733 0.786546
3734 0.787553
3735 0.787726
3736 0.787118
3737 0.787056
3738 0.787706
3739 0.787542
3740 0.787518
3741 0.787134
3742 0.787502
3743 0.786828
3744 0.784916
3745 0.78579
3746 0.784904
3747 0.784975
3748 0.785245
3749 0.78472
3750 0.786099
3751 0.785633
3752 0.786405
3753 0.786048
3754 0.78481
3755 0.784959
3756 0.784967
3757 0.78394
3758 0.784062
3759 0.783917
3760 0.783011
3761 0.783505
3762 0.782729
3763 0.782635
3764 0.782765
3765 0.781064
3766 0.779994
3767 0.77863
3768 0.778195
3769 0.773199
3770 0.772556
3771 0.772341
3772 0.771812
3773 0.772208
3774 0.771968
3775 0.772439
3776 0.771639
3777 0.771722
3778 0.772157
3779 0.771988
3780 0.772286
3781 0.772317
3782 0.772286
3783 0.771765
3784 0.773599
3785 0.771968
3786 0.773881
3787 0.773109
3788 0.774065
3789 0.773834
3790 0.774065
3791 0.77207
3792 0.771988
3793 0.771318
3794 0.772368
3795 0.771847
3796 0.771678
3797 0.772646
3798 0.772121
3799 0.771408
3800 0.770495
3801 0.770765
3802 0.77062
3803 0.772125
3804 0.772133
3805 0.77189
3806 0.771522
3807 0.7714
3808 0.777866
3809 0.785339
3810 0.789105
3811 0.797632
3812 0.804345
3813 0.8075
3814 0.807484
3815 0.839355
3816 0.858345
3817 0.885506
3818 0.891067
3819 0.903517
3820 0.903963
3821 0.904649
3822 0.904912
3823 0.904869
3824 0.9049
3825 0.904367
3826 0.905327
3827 0.917021
3828 0.917428
3829 0.917518
3830 0.918443
3831 0.918561
3832 0.919152
3833 0.919454
3834 0.919607
3835 0.920218
3836 0.92012
3837 0.919944
3838 0.919854
3839 0.919999
3840 0.920669
3841 0.920548
3842 0.92063
3843 0.920595
3844 0.917985
3845 0.917918
3846 0.918188
3847 0.918529
3848 0.91842
3849 0.919446
3850 0.919446
3851 0.918851
3852 0.918588
3853 0.918968
3854 0.919474
3855 0.919395
3856 0.919752
3857 0.919634
3858 0.919399
3859 0.919991
3860 0.919615
3861 0.919231
3862 0.919356
3863 0.919011
3864 0.918157
3865 0.919501
3866 0.918988
3867 0.919497
3868 0.919172
3869 0.919666
3870 0.91918
3871 0.919317
3872 0.919474
3873 0.918043
3874 0.918408
3875 0.918392
3876 0.918729
3877 0.918204
3878 0.918553
3879 0.920442
3880 0.92045
3881 0.920869
3882 0.919595
3883 0.919517
3884 0.920034
3885 0.919627
3886 0.920226
3887 0.921006
3888 0.920638
3889 0.920046
3890 0.91985
3891 0.920011
3892 0.919924
3893 0.92012
3894 0.916143
3895 0.916586
3896 0.916405
3897 0.915986
3898 0.915865
3899 0.917659
3900 0.918267
3901 0.918506
3902 0.916351
3903 0.916891
3904 0.915998
3905 0.913854
3906 0.914493
3907 0.913749
3908 0.914086
3909 0.914873
3910 0.911777
3911 0.910621
3912 0.911052
3913 0.908388
3914 0.904316
3915 0.904179
3916 0.900844
3917 0.90115
3918 0.900378
3919 0.902071
3920 0.901934
3921 0.902204
3922 0.903086
3923 0.902619
3924 0.903066
3925 0.903215
3926 0.902521
3927 0.902325
3928 0.902682
3929 0.90251
3930 0.902431
3931 0.903528
3932 0.906283
3933 0.905641
3934 0.909007
3935 0.916374
3936 0.91481
3937 0.915222
3938 0.916511
3939 0.916566
3940 0.917072
3941 0.916625
3942 0.916895
3943 0.917044
3944 0.916707
3945 0.917424
3946 0.917761
3947 0.918192
3948 0.917949
3949 0.918435
3950 0.918177
3951 0.918326
3952 0.918212
3953 0.918181
3954 0.917334
3955 0.918686
3956 0.918968
3957 0.91804
3958 0.918192
3959 0.917467
3960 0.917687
3961 0.917166
3962 0.916911
3963 0.914689
3964 0.918706
3965 0.917126
3966 0.918992
3967 0.919015
3968 0.919023
3969 0.919968
3970 0.918862
3971 0.91976
3972 0.920195
3973 0.920187
3974 0.919478
3975 0.919964
3976 0.920567
3977 0.919689
3978 0.918138
3979 0.92083
3980 0.920536
3981 0.920469
3982 0.920422
3983 0.919058
3984 0.918764
3985 0.918733
3986 0.91862
3987 0.918443
3988 0.918408
3989 0.918196
3990 0.918087
3991 0.918016
3992 0.918404
3993 0.918502
3994 0.916014
3995 0.915708
3996 0.915716
3997 0.915771
3998 0.915829
3999 0.914109
4000 0.908333
4001 0.907588
4002 0.906805
4003 0.910484
4004 0.911276
4005 0.91242
4006 0.915457
4007 0.917397
4008 0.917397
4009 0.917373
4010 0.917299
4011 0.91746
4012 0.917385
4013 0.917601
4014 0.917875
4015 0.918827
4016 0.919098
4017 0.919152
4018 0.91929
4019 0.91994
4020 0.919411
4021 0.919983
4022 0.920085
4023 0.920238
4024 0.920512
4025 0.920497
4026 0.920461
4027 0.920551
4028 0.92061
4029 0.920308
4030 0.920324
4031 0.920336
4032 0.920528
4033 0.920022
4034 0.920152
4035 0.920485
4036 0.920536
4037 0.920387
4038 0.92052
4039 0.919086
4040 0.919431
4041 0.914858
4042 0.9124
4043 0.908337
4044 0.899382
4045 0.895863
4046 0.896142
4047 0.898614
4048 0.902557
4049 0.903893
4050 0.900632
4051 0.904061
4052 0.902506
4053 0.901765
4054 0.901789
4055 0.903219
4056 0.90211
4057 0.902678
4058 0.902945
4059 0.904947
4060 0.907878
4061 0.914995
4062 0.907925
4063 0.915426
4064 0.91483
4065 0.914814
4066 0.91521
4067 0.91521
4068 0.915057
4069 0.914607
4070 0.916605
4071 0.916821
4072 0.917146
4073 0.917256
4074 0.917326
4075 0.918263
4076 0.918063
4077 0.918498
4078 0.918188
4079 0.918353
4080 0.918294
4081 0.918384
4082 0.918361
4083 0.91822
4084 0.918337
4085 0.918572
4086 0.918659
4087 0.918643
4088 0.918533
4089 0.918224
4090 0.918318
4091 0.918282
4092 0.918255
4093 0.918083
4094 0.914383
4095 0.914348
4096 0.914521
4097 0.914231
4098 0.914082
4099 0.913274
4100 0.913415
4101 0.913623
4102 0.912545
4103 0.911307
4104 0.911029
4105 0.912436
4106 0.912651
4107 0.913129
4108 0.914168
4109 0.914242
4110 0.914152
4111 0.916319
4112 0.917013
4113 0.915641
4114 0.914826
4115 0.914568
4116 0.911401
4117 0.911781
4118 0.908607
4119 0.914129
4120 0.914387
4121 0.914948
4122 0.914877
4123 0.914912
4124 0.915151
4125 0.915394
4126 0.914987
4127 0.915434
4128 0.915759
4129 0.915332
4130 0.915257
4131 0.914983
4132 0.914791
4133 0.914952
4134 0.914509
4135 0.914638
4136 0.914893
4137 0.915739
4138 0.916257
4139 0.916108
4140 0.916695
4141 0.917291
4142 0.917213
4143 0.917189
4144 0.914203
4145 0.912447
4146 0.911593
4147 0.912577
4148 0.914258
4149 0.913384
4150 0.913149
4151 0.913263
4152 0.912855
4153 0.912267
4154 0.9124
4155 0.912624
4156 0.912146
4157 0.908811
4158 0.912114
4159 0.91291
4160 0.912389
4161 0.913725
4162 0.913729
4163 0.913556
4164 0.913811
4165 0.913894
4166 0.914027
4167 0.916503
4168 0.915116
4169 0.913255
4170 0.913874
4171 0.914066
4172 0.911538
4173 0.910853
4174 0.9124
4175 0.91204
4176 0.91061
4177 0.910829
4178 0.9078
4179 0.906174
4180 0.912683
4181 0.913678
4182 0.912875
4183 0.918141
4184 0.918
4185 0.916049
4186 0.914936
4187 0.914548
4188 0.918408
4189 0.918282
4190 0.919035
4191 0.920038
4192 0.925822
4193 0.922609
4194 0.918678
4195 0.924462
4196 0.928291
4197 0.931555
4198 0.932574
4199 0.931924
4200 0.931316
4201 0.931532
4202 0.931814
4203 0.931657
4204 0.928914
4205 0.928644
4206 0.928879
4207 0.92574
4208 0.925501
4209 0.9267
4210 0.925799
4211 0.923103
4212 0.924694
4213 0.925673
4214 0.925806
4215 0.926947
4216 0.925324
4217 0.925227
4218 0.935693
4219 0.940302
4220 0.941058
4221 0.932186
4222 0.924725
4223 0.928565
4224 0.930772
4225 0.926759
4226 0.929949
4227 0.928687
4228 0.916409
4229 0.917436
4230 0.92103
4231 0.92282
4232 0.923933
4233 0.92824
4234 0.931297
4235 0.933362
4236 0.935545
4237 0.940941
4238 0.943958
4239 0.947869
4240 0.94667
4241 0.948061
4242 0.945177
4243 0.946407
4244 0.935686
4245 0.935568
4246 0.932931
4247 0.9321
4248 0.918071
4249 0.917542
4250 0.914622
4251 0.914062
4252 0.908819
4253 0.90751
4254 0.881431
4255 0.875705
4256 0.870094
4257 0.869255
4258 0.871681
4259 0.871724
4260 0.838873
4261 0.840327
4262 0.841013
4263 0.843458
4264 0.838893
4265 0.837545
4266 0.836882
4267 0.828622
4268 0.829735
4269 0.830679
4270 0.838987
4271 0.843791
4272 0.855485
4273 0.860798
4274 0.866876
4275 0.873832
4276 0.87498
4277 0.875623
4278 0.881881
4279 0.884229
4280 0.883884
4281 0.890401
4282 0.893896
4283 0.881517
4284 0.886172
4285 0.876893
4286 0.878421
4287 0.880949
4288 0.888484
4289 0.885843
4290 0.890781
4291 0.898497
4292 0.875545
4293 0.88274
4294 0.8613
4295 0.85869
4296 0.874079
4297 0.853776
4298 0.868162
4299 0.868718
4300 0.849258
4301 0.862691
4302 0.851731
4303 0.854995
4304 0.855108
4305 0.850202
4306 0.851468
4307 0.850782
4308 0.872527
4309 0.895374
4310 0.891753
4311 0.879048
4312 0.903199
4313 0.876936
4314 0.882481
4315 0.878899
4316 0.890424
4317 0.878848
4318 0.860305
4319 0.846099
4320 0.842604
4321 0.843732
4322 0.825632
4323 0.819291
4324 0.802186
4325 0.800266
4326 0.796915
4327 0.792264
4328 0.790116
4329 0.786969
4330 0.782964
4331 0.787549
4332 0.769774
4333 0.785476
4334 0.783156
4335 0.775817
4336 0.769958
4337 0.772376
4338 0.772764
4339 0.768747
4340 0.768101
4341 0.767148
4342 0.763814
4343 0.763774
4344 0.768073
4345 0.774751
4346 0.777212
4347 0.774571
4348 0.77412
4349 0.77526
4350 0.778078
4351 0.78075
4352 0.783572
4353 0.792134
4354 0.800023
4355 0.795426
4356 0.790563
4357 0.793729
4358 0.786625
4359 0.782482
4360 0.780743
4361 0.780002
4362 0.764981
4363 0.755576
4364 0.751375
4365 0.756243
4366 0.74819
4367 0.74703
4368 0.743495
4369 0.739388
4370 0.739157
4371 0.750572
4372 0.735109
4373 0.733545
4374 0.734407
4375 0.725359
4376 0.72561
4377 0.726111
4378 0.71604
4379 0.710621
4380 0.706239
4381 0.711103
4382 0.710068
4383 0.709147
4384 0.708367
4385 0.711761
4386 0.722988
4387 0.720441
4388 0.725002
4389 0.722577
4390 0.72077
4391 0.721879
4392 0.719316
4393 0.706181
4394 0.693143
4395 0.681234
4396 0.678518
4397 0.674631
4398 0.672252
4399 0.666159
4400 0.665328
4401 0.657506
4402 0.651295
4403 0.64894
4404 0.640185
4405 0.629585
4406 0.626571
4407 0.61777
4408 0.60583
4409 0.609274
4410 0.612413
4411 0.611065
4412 0.610336
4413 0.618554
4414 0.617989
4415 0.618581
4416 0.631094
4417 0.636415
4418 0.638124
4419 0.643575
4420 0.651444
4421 0.656922
4422 0.65298
4423 0.657945
4424 0.658603
4425 0.658885
4426 0.658423
4427 0.658031
4428 0.653352
4429 0.658113
4430 0.650252
4431 0.666362
4432 0.66927
4433 0.67681
4434 0.650103
4435 0.648693
4436 0.645922
4437 0.620321
4438 0.617292
4439 0.613839
4440 0.621046
4441 0.605735
4442 0.60572
4443 0.610924
4444 0.606813
4445 0.619925
4446 0.616512
4447 0.627559
4448 0.633237
4449 0.630196
4450 0.637853
4451 0.634726
4452 0.634283
4453 0.640918
4454 0.639727
4455 0.635604
4456 0.637352
4457 0.636212
4458 0.641913
4459 0.6354
4460 0.636106
4461 0.632434
4462 0.624992
4463 0.630396
4464 0.630623
4465 0.635682
4466 0.640017
4467 0.643931
4468 0.648591
4469 0.643516
4470 0.65751
4471 0.659744
4472 0.66793
4473 0.671363
4474 0.677221
4475 0.671578
4476 0.667467
4477 0.671504
4478 0.654187
4479 0.654453
4480 0.66358
4481 0.659939
4482 0.638622
4483 0.635961
4484 0.633539
4485 0.628198
4486 0.612362
4487 0.613154
4488 0.615505
4489 0.610779
4490 0.621152
4491 0.621708
4492 0.619494
4493 0.59945
4494 0.600943
4495 0.608616
4496 0.612468
4497 0.605379
4498 0.62538
4499 0.616026
4500 0.614882
4501 0.622841
4502 0.626348
4503 0.650182
4504 0.654289
4505 0.655915
4506 0.684247
4507 0.683632
4508 0.686755
4509 0.716334
4510 0.726687
4511 0.726053
4512 0.749338
4513 0.751787
4514 0.756039
4515 0.775292
4516 0.787107
4517 0.791029
4518 0.791162
4519 0.789446
4520 0.792381
4521 0.794772
4522 0.79784
4523 0.798925
4524 0.820847
4525 0.830189
4526 0.827807
4527 0.828445
4528 0.855242
4529 0.862495
4530 0.876685
4531 0.891533
4532 0.891557
4533 0.89486
4534 0.898661
4535 0.898716
4536 0.880796
4537 0.879522
4538 0.879362
4539 0.875909
4540 0.880259
4541 0.879898
4542 0.881968
4543 0.875137
4544 0.864725
4545 0.859983
4546 0.865258
4547 0.862981
4548 0.859482
4549 0.853698
4550 0.852213
4551 0.841436
4552 0.844724
4553 0.848333
4554 0.845339
4555 0.841644
4556 0.839543
4557 0.773654
4558 0.771294
4559 0.77044
4560 0.760385
4561 0.762258
4562 0.761188
4563 0.751438
4564 0.707975
4565 0.712831
4566 0.714998
4567 0.705099
4568 0.704856
4569 0.696713
4570 0.666727
4571 0.675136
4572 0.669254
4573 0.6844
4574 0.685987
4575 0.68585
4576 0.684185
4577 0.678107
4578 0.671625
4579 0.685525
4580 0.665598
4581 0.673008
4582 0.653697
4583 0.649994
4584 0.641224
4585 0.637591
4586 0.630902
4587 0.61103
4588 0.606065
4589 0.608373
4590 0.610979
4591 0.63522
4592 0.625415
4593 0.623926
4594 0.631768
4595 0.635777
4596 0.642203
4597 0.643716
4598 0.642387
4599 0.645323
4600 0.642846
4601 0.639817
4602 0.662389
4603 0.639245
4604 0.644562
4605 0.65347
4606 0.64923
4607 0.648391
4608 0.627575
4609 0.637332
4610 0.635714
4611 0.635612
4612 0.62904
4613 0.627234
4614 0.62511
4615 0.619545
4616 0.615638
4617 0.603894
4618 0.591025
4619 0.58254
4620 0.572744
4621 0.566528
4622 0.559443
4623 0.512481
4624 0.504879
4625 0.498632
4626 0.497088
4627 0.492793
4628 0.48639
4629 0.480779
4630 0.477898
4631 0.474395
4632 0.473643
4633 0.477695
4634 0.480116
4635 0.48998
4636 0.492362
4637 0.490027
4638 0.530253
4639 0.538521
4640 0.542123
4641 0.544627
4642 0.545555
4643 0.546515
4644 0.5349
4645 0.546621
4646 0.558648
4647 0.558899
4648 0.566478
4649 0.565823
4650 0.577376
4651 0.576944
4652 0.575165
4653 0.585652
4654 0.593693
4655 0.595888
4656 0.592286
4657 0.579472
4658 0.564926
4659 0.562766
4660 0.559028
4661 0.557151
4662 0.5511
4663 0.543992
4664 0.537377
4665 0.545265
4666 0.541409
4667 0.545183
4668 0.537557
4669 0.519139
4670 0.519919
4671 0.516267
4672 0.508582
4673 0.504428
4674 0.503738
4675 0.467329
4676 0.465719
4677 0.448492
4678 0.437496
4679 0.410308
4680 0.405449
4681 0.391032
4682 0.389241
4683 0.388171
4684 0.369247
4685 0.367068
4686 0.37808
4687 0.369255
4688 0.37364
4689 0.365858
4690 0.369968
4691 0.373076
4692 0.376426
4693 0.372813
4694 0.364956
4695 0.364012
4696 0.373464
4697 0.370584
4698 0.377849
4699 0.379934
4700 0.381995
4701 0.376113
4702 0.376211
4703 0.372374
4704 0.396048
4705 0.375835
4706 0.3773
4707 0.394464
4708 0.39372
4709 0.40722
4710 0.416864
4711 0.425375
4712 0.42697
4713 0.446893
4714 0.457239
4715 0.44415
4716 0.463469
4717 0.488377
4718 0.481848
4719 0.525605
4720 0.529312
4721 0.52854
4722 0.526013
4723 0.532886
4724 0.536503
4725 0.551096
4726 0.55478
4727 0.558017
4728 0.566364
4729 0.540833
4730 0.532412
4731 0.542044
4732 0.537984
4733 0.533031
4734 0.533568
4735 0.524375
4736 0.520609
4737 0.521247
4738 0.511705
4739 0.514413
4740 0.509523
4741 0.505028
4742 0.497547
4743 0.494087
4744 0.48581
4745 0.47927
4746 0.474309
4747 0.45687
4748 0.453669
4749 0.44
4750 0.435831
4751 0.435768
4752 0.414622
4753 0.404022
4754 0.401663
4755 0.40575
4756 0.390644
4757 0.380004
4758 0.369612
4759 0.356472
4760 0.353541
4761 0.338313
4762 0.329601
4763 0.32515
4764 0.314001
4765 0.30121
4766 0.29766
4767 0.285582
4768 0.2743
4769 0.254166
4770 0.254346
4771 0.239615
4772 0.236437
4773 0.230688
4774 0.21925
4775 0.215013
4776 0.200957
4777 0.188844
4778 0.184024
4779 0.174239
4780 0.162871
4781 0.15858
4782 0.149057
4783 0.14303
4784 0.139578
4785 0.13216
4786 0.123581
4787 0.119067
4788 0.109717
4789 0.101715
4790 0.097514
4791 0.0893316
4792 0.0817567
4793 0.0766114
4794 0.0676531
4795 0.0620102
4796 0.0593533
4797 0.0545528
4798 0.0503872
4799 0.0484748
4800 0.0450185
4801 0.0418247
4802 0.0400535
4803 0.0399868
4804 0.0399633
4805 0.0399751
4806 0.0399751
4807 0.0400064
4808 0.0400143
4809 0.0400378
4810 0.040077
4811 0.0401671
4812 0.040218
4813 0.040218
4814 0.040218
4815 0.0402376
4816 0.0403865
4817 0.0403787
4818 0.040461
4819 0.0407236
4820 0.0407196
4821 0.0407236
4822 0.0407
4823 0.0407236
4824 0.0407667
4825 0.0407784
4826 0.0407706
4827 0.0407392
4828 0.0407706
4829 0.0407667
4830 0.0407706
4831 0.0408098
4832 0.0408294
4833 0.042342
4834 0.0424439
4835 0.0422754
4836 0.0420598
4837 0.0421735
4838 0.0424478
4839 0.0427064
4840 0.0427731
4841 0.0426633
4842 0.0426398
4843 0.0428162
4844 0.0431414
4845 0.0432237
4846 0.0431845
4847 0.0432707
4848 0.0433217
4849 0.0433021
4850 0.0432472
4851 0.043353
4852 0.0434118
4853 0.0434353
4854 0.0438272
4855 0.0439017
4856 0.0439173
4857 0.0440819
4858 0.0439017
4859 0.043357
4860 0.0435294
4861 0.0434628
4862 0.0436038
4863 0.0433961
4864 0.0434392
4865 0.0428593
4866 0.0428436
4867 0.0426673
4868 0.0423851
4869 0.0426751
4870 0.0423342
4871 0.0423067
4872 0.0418992
4873 0.04186
4874 0.0416641
4875 0.0419227
4876 0.0419501
4877 0.0420951
4878 0.0422401
4879 0.0421069
4880 0.0420363
4881 0.0420481
4882 0.0420167
4883 0.0417346
4884 0.0417346
4885 0.0415935
4886 0.041762
4887 0.0417346
4888 0.0415426
4889 0.0416131
4890 0.041668
4891 0.0416484
4892 0.0416601
4893 0.04186
4894 0.0418051
4895 0.0416758
4896 0.0412291
4897 0.0409626
4898 0.0410135
4899 0.0414799
4900 0.0416915
4901 0.041715
4902 0.0419501
4903 0.0421147
4904 0.0429768
4905 0.0434902
4906 0.043788
4907 0.0432668
4908 0.0438076
4909 0.0437096
4910 0.0433099
4911 0.0424243
4912 0.0421461
4913 0.0415034
4914 0.041041
4915 0.0408137
4916 0.0424439
4917 0.0499639
4918 0.0538592
4919 0.0616418
4920 0.0675395
4921 0.0707842
4922 0.0753378
4923 0.0769523
4924 0.0789548
4925 0.0804047
4926 0.0862358
4927 0.0919337
4928 0.103627
4929 0.112895
4930 0.119004
4931 0.128166
4932 0.135541
4933 0.138022
4934 0.140883
4935 0.144386
4936 0.144801
4937 0.147149
4938 0.149378
4939 0.150143
4940 0.153289
4941 0.155535
4942 0.15787
4943 0.160849
4944 0.163141
4945 0.163298
4946 0.166449
4947 0.169729
4948 0.172785
4949 0.172476
4950 0.169689
4951 0.169474
4952 0.165292
4953 0.160241
4954 0.157914
4955 0.154445
4956 0.150891
4957 0.151118
4958 0.146996
4959 0.145593
4960 0.144123
4961 0.142039
4962 0.13872
4963 0.138649
4964 0.133962
4965 0.125866
4966 0.123244
4967 0.121191
4968 0.121034
4969 0.121697
4970 0.122907
4971 0.123503
4972 0.1252
4973 0.12797
4974 0.132837
4975 0.136329
4976 0.142282
4977 0.145342
4978 0.147384
4979 0.149049
4980 0.147494
4981 0.147466
4982 0.145914
4983 0.144218
4984 0.144386
4985 0.145785
4986 0.147737
4987 0.149292
4988 0.150374
4989 0.151346
4990 0.152937
4991 0.155633
4992 0.157439
4993 0.158682
4994 0.158838
4995 0.163349
4996 0.161789
4997 0.165257
4998 0.166429
4999 0.164003
5000 0.163713
5001 0.162777
5002 0.163114
5003 0.165759
5004 0.161946
5005 0.159528
5006 0.156695
5007 0.154057
5008 0.147858
5009 0.147278
5010 0.145922
5011 0.144723
5012 0.138214
5013 0.133621
5014 0.130514
5015 0.121426
5016 0.11333
5017 0.109893
5018 0.101002
5019 0.0945435
5020 0.0907698
5021 0.0861966
5022 0.0809847
5023 0.08102
5024 0.0780966
5025 0.0742601
5026 0.0719794
5027 0.0689424
5028 0.0658074
5029 0.0640401
5030 0.0614968
5031 0.0592514
5032 0.0580483
5033 0.0572136
5034 0.0579934
5035 0.0581855
5036 0.0588125
5037 0.0594708
5038 0.0598235
5039 0.0608894
5040 0.0606308
5041 0.0604191
5042 0.0611206
5043 0.0614655
5044 0.0612891
5045 0.0634287
5046 0.0649727
5047 0.0654155
5048 0.0715405
5049 0.0820741
5050 0.0851895
5051 0.0917965
5052 0.0975767
5053 0.103149
5054 0.112292
5055 0.121242
5056 0.12614
5057 0.134754
5058 0.147392
5059 0.153293
5060 0.163349
5061 0.174
5062 0.18047
5063 0.195984
5064 0.20843
5065 0.209958
5066 0.224458
5067 0.237209
5068 0.239251
5069 0.248593
5070 0.259033
5071 0.265326
5072 0.280194
5073 0.290857
5074 0.300528
5075 0.312766
5076 0.325189
5077 0.33573
5078 0.349618
5079 0.353227
5080 0.353102
5081 0.359004
5082 0.360951
5083 0.357354
5084 0.376352
5085 0.37154
5086 0.371732
5087 0.367092
5088 0.342784
5089 0.353459
5090 0.32852
5091 0.311991
5092 0.308734
5093 0.305971
5094 0.301316
5095 0.299357
5096 0.300324
5097 0.297864
5098 0.293094
5099 0.278485
5100 0.265902
5101 0.259546
5102 0.244749
5103 0.228333
5104 0.228118
5105 0.217086
5106 0.205938
5107 0.195377
5108 0.179039
5109 0.1715
5110 0.170618
5111 0.157553
5112 0.149994
5113 0.151256
5114 0.14486
5115 0.138692
5116 0.134836
5117 0.124338
5118 0.114588
5119 0.11065
5120 0.102181
5121 0.0951431
5122 0.0912479
5123 0.0846683
5124 0.0738957
5125 0.0704903
5126 0.0627782
5127 0.0563123
5128 0.0535143
5129 0.0475774
5130 0.0418835
5131 0.0416915
5132 0.0414955
5133 0.0415504
5134 0.0416719
5135 0.0418953
5136 0.0419971
5137 0.0419854
5138 0.0419815
5139 0.042005
5140 0.0419619
5141 0.0419619
5142 0.0419971
5143 0.0420011
5144 0.0420011
5145 0.0420011
5146 0.0419971
5147 0.042005
5148 0.0419893
5149 0.0419697
5150 0.0420285
5151 0.0420089
5152 0.0421304
5153 0.042103
5154 0.0421461
5155 0.0421186
5156 0.0421147
5157 0.0420873
5158 0.0419776
5159 0.041954
5160 0.041958
5161 0.041958
5162 0.0419736
5163 0.0419736
5164 0.0419736
5165 0.0420128
5166 0.0419854
5167 0.0419893
5168 0.0420167
5169 0.0420285
5170 0.0420285
5171 0.0420285
5172 0.0419971
5173 0.0420481
5174 0.0420481
5175 0.0420755
5176 0.0420794
5177 0.042103
5178 0.0420794
5179 0.0420794
5180 0.0420912
5181 0.0420912
5182 0.0421147
5183 0.0420481
5184 0.0420481
5185 0.0420481
5186 0.0420481
5187 0.0420677
5188 0.0420716
5189 0.0420363
5190 0.0420638
5191 0.0420677
5192 0.0420834
5193 0.0420559
5194 0.042005
5195 0.0420403
5196 0.0419932
5197 0.0420207
5198 0.042052
5199 0.0420794
5200 0.0420794
5201 0.0420794
5202 0.0420834
5203 0.0420834
5204 0.0420951
5205 0.0420755
5206 0.0420873
5207 0.04215
5208 0.0421265
5209 0.0420638
5210 0.0420794
5211 0.0420951
5212 0.042103
5213 0.0421069
5214 0.0421382
5215 0.0421382
5216 0.0421382
5217 0.0421382
5218 0.0421382
5219 0.0419971
5220 0.042005
5221 0.042005
5222 0.0420324
5223 0.0420363
5224 0.0420403
5225 0.0420442
5226 0.0420638
5227 0.042099
5228 0.0420716
5229 0.0420716
5230 0.0420755
5231 0.042099
5232 0.0420873
5233 0.0421304
5234 0.0421225
5235 0.0421343
5236 0.0421265
5237 0.0421813
5238 0.0421813
5239 0.0421813
5240 0.0421813
5241 0.0421813
5242 0.0421539
5243 0.0421539
5244 0.0421186
5245 0.0421343
5246 0.04215
5247 0.0421265
5248 0.0421265
5249 0.0421265
5250 0.0420834
5251 0.0420873
5252 0.0420873
5253 0.0420559
5254 0.0420794
5255 0.0420951
5256 0.0421225
5257 0.0426947
5258 0.0457748
5259 0.0535653
5260 0.0614733
5261 0.0655096
5262 0.0736488
5263 0.0798326
5264 0.0827873
5265 0.0882226
5266 0.092012
5267 0.0938029
5268 0.0965029
5269 0.0981253
5270 0.0989639
5271 0.100516
5272 0.102389
5273 0.103126
5274 0.105065
5275 0.1061
5276 0.106915
5277 0.108361
5278 0.10882
5279 0.109364
5280 0.110199
5281 0.110979
5282 0.111183
5283 0.11179
5284 0.112131
5285 0.112154
5286 0.112648
5287 0.113659
5288 0.114655
5289 0.118542
5290 0.126834
5291 0.12955
5292 0.137062
5293 0.144935
5294 0.147842
5295 0.158149
5296 0.166703
5297 0.170763
5298 0.179333
5299 0.184522
5300 0.186908
5301 0.190905
5302 0.197481
5303 0.198543
5304 0.202297
5305 0.205859
5306 0.207587
5307 0.211667
5308 0.213195
5309 0.212474
5310 0.216318
5311 0.217706
5312 0.218391
5313 0.219069
5314 0.220809
5315 0.220331
5316 0.218991
5317 0.220319
5318 0.219105
5319 0.219555
5320 0.218591
5321 0.218223
5322 0.217216
5323 0.216068
5324 0.21626
5325 0.218446
5326 0.211518
5327 0.21084
5328 0.209919
5329 0.213736
5330 0.215962
5331 0.220578
5332 0.22329
5333 0.225371
5334 0.22452
5335 0.232107
5336 0.234443
5337 0.240752
5338 0.245975
5339 0.246579
5340 0.247519
5341 0.249589
5342 0.250537
5343 0.252014
5344 0.25357
5345 0.25509
5346 0.256924
5347 0.257638
5348 0.258778
5349 0.260122
5350 0.261282
5351 0.262528
5352 0.266882
5353 0.271749
5354 0.273238
5355 0.282408
5356 0.289905
5357 0.292032
5358 0.299674
5359 0.306187
5360 0.310117
5361 0.318264
5362 0.319985
5363 0.320796
5364 0.324813
5365 0.327411
5366 0.328743
5367 0.328837
5368 0.331737
5369 0.328747
5370 0.329864
5371 0.340053
5372 0.330667
5373 0.331439
5374 0.332513
5375 0.333747
5376 0.335413
5377 0.338469
5378 0.337944
5379 0.340162
5380 0.341283
5381 0.351942
5382 0.352941
5383 0.345417
5384 0.346452
5385 0.349168
5386 0.350959
5387 0.35184
5388 0.355402
5389 0.360438
5390 0.362292
5391 0.366943
5392 0.369953
5393 0.370623
5394 0.371285
5395 0.373965
5396 0.37636
5397 0.376642
5398 0.377731
5399 0.377841
5400 0.380553
5401 0.380576
5402 0.381015
5403 0.380126
5404 0.380208
5405 0.38098
5406 0.382308
5407 0.386047
5408 0.387273
5409 0.387787
5410 0.388241
5411 0.387344
5412 0.387983
5413 0.38848
5414 0.388751
5415 0.389033
5416 0.391145
5417 0.392807
5418 0.396134
5419 0.404163
5420 0.407149
5421 0.412655
5422 0.418083
5423 0.420516
5424 0.422526
5425 0.4288
5426 0.429651
5427 0.432852
5428 0.434773
5429 0.432057
5430 0.437363
5431 0.439965
5432 0.443821
5433 0.447269
5434 0.447093
5435 0.446795
5436 0.451702
5437 0.458548
5438 0.460958
5439 0.464484
5440 0.47095
5441 0.472549
5442 0.481018
5443 0.486202
5444 0.487503
5445 0.494921
5446 0.502151
5447 0.503899
5448 0.504185
5449 0.507324
5450 0.508127
5451 0.512246
5452 0.515683
5453 0.510788
5454 0.513512
5455 0.511325
5456 0.512203
5457 0.513045
5458 0.513308
5459 0.511537
5460 0.512697
5461 0.516012
5462 0.51676
5463 0.515667
5464 0.51707
5465 0.522807
5466 0.523113
5467 0.523128
5468 0.524202
5469 0.522811
5470 0.521592
5471 0.523606
5472 0.522019
5473 0.516921
5474 0.515428
5475 0.517791
5476 0.520993
5477 0.522866
5478 0.521816
5479 0.523458
5480 0.524837
5481 0.528144
5482 0.532627
5483 0.532557
5484 0.541257
5485 0.54313
5486 0.549572
5487 0.553526
5488 0.558185
5489 0.560098
5490 0.565909
5491 0.567206
5492 0.565917
5493 0.569613
5494 0.577568
5495 0.57868
5496 0.579257
5497 0.582917
5498 0.586604
5499 0.590174
5500 0.595751
5501 0.598874
5502 0.601437
5503 0.603251
5504 0.604078
5505 0.616951
5506 0.620885
5507 0.62355
5508 0.62531
5509 0.62799
5510 0.637959
5511 0.642525
5512 0.643375
5513 0.64323
5514 0.642583
5515 0.64169
5516 0.632234
5517 0.632093
5518 0.64227
5519 0.652188
5520 0.6524
5521 0.660049
5522 0.660821
5523 0.663502
5524 0.663721
5525 0.66514
5526 0.666119
5527 0.676637
5528 0.680054
5529 0.685059
5530 0.68346
5531 0.674717
5532 0.67826
5533 0.679024
5534 0.682366
5535 0.682919
5536 0.687735
5537 0.690784
5538 0.698179
5539 0.702489
5540 0.704543
5541 0.706831
5542 0.7099
5543 0.711812
5544 0.725473
5545 0.727044
5546 0.729054
5547 0.731308
5548 0.733055
5549 0.737068
5550 0.738722
5551 0.742362
5552 0.742547
5553 0.744463
5554 0.746959
5555 0.747453
5556 0.75154
5557 0.7521
5558 0.753425
5559 0.752735
5560 0.753981
5561 0.754158
5562 0.755725
5563 0.758852
5564 0.761082
5565 0.768532
5566 0.770644
5567 0.770585
5568 0.77189
5569 0.781507
5570 0.782584
5571 0.785488
5572 0.786088
5573 0.785939
5574 0.786146
5575 0.785849
5576 0.78568
5577 0.785778
5578 0.776303
5579 0.777709
5580 0.776252
5581 0.775393
5582 0.773062
5583 0.771565
5584 0.770867
5585 0.770503
5586 0.776675
5587 0.776212
5588 0.775088
5589 0.7749
5590 0.775476
5591 0.776495
5592 0.776381
5593 0.775707
5594 0.767677
5595 0.768285
5596 0.767082
5597 0.766024
5598 0.765781
5599 0.764523
5600 0.764801
5601 0.765271
5602 0.764523
5603 0.764401
5604 0.763269
5605 0.76763
5606 0.768183
5607 0.770593
5608 0.771992
5609 0.773074
5610 0.771146
5611 0.771157
5612 0.770409
5613 0.769566
5614 0.769797
5615 0.770342
5616 0.770197
5617 0.770315
5618 0.770123
5619 0.767967
5620 0.768285
5621 0.768359
5622 0.768081
5623 0.767105
5624 0.761811
5625 0.768152
5626 0.767583
5627 0.767109
5628 0.766894
5629 0.763096
5630 0.764644
5631 0.765236
5632 0.763778
5633 0.764205
5634 0.765961
5635 0.766463
5636 0.76716
5637 0.766192
5638 0.767062
5639 0.766792
5640 0.765201
5641 0.763751
5642 0.764256
5643 0.763896
5644 0.801339
5645 0.8013
5646 0.802793
5647 0.806391
5648 0.805744
5649 0.812198
5650 0.812868
5651 0.809792
5652 0.820631
5653 0.822266
5654 0.827669
5655 0.848498
5656 0.845641
5657 0.849799
5658 0.842808
5659 0.842286
5660 0.85108
5661 0.860822
5662 0.856484
5663 0.858173
5664 0.85454
5665 0.855453
5666 0.862005
5667 0.852679
5668 0.859329
5669 0.851174
5670 0.848239
5671 0.847961
5672 0.847502
5673 0.848901
5674 0.846687
5675 0.846276
5676 0.848976
5677 0.85157
5678 0.846072
5679 0.85128
5680 0.852887
5681 0.857997
5682 0.854207
5683 0.853032
5684 0.852134
5685 0.84985
5686 0.851256
5687 0.852115
5688 0.859305
5689 0.853733
5690 0.858001
5691 0.855485
5692 0.857526
5693 0.854783
5694 0.870176
5695 0.871759
5696 0.870137
5697 0.86721
5698 0.869729
5699 0.868895
5700 0.86987
5701 0.868279
5702 0.867621
5703 0.866747
5704 0.866449
5705 0.866394
5706 0.866371
5707 0.865767
5708 0.866093
5709 0.863945
5710 0.862813
5711 0.861692
5712 0.858353
5713 0.856903
5714 0.85715
5715 0.85637
5716 0.85601
5717 0.855865
5718 0.856061
5719 0.85117
5720 0.850927
5721 0.850947
5722 0.85126
5723 0.851366
5724 0.851409
5725 0.85099
5726 0.852001
5727 0.852024
5728 0.851954
5729 0.851899
5730 0.851856
5731 0.851288
5732 0.851131
5733 0.850998
5734 0.851683
5735 0.85184
5736 0.852115
4 , runtime: 409
