0 0.124497
1 0.119142
2 0.114815
3 0.113886
4 0.116274
5 0.115226
6 0.117232
7 0.121202
8 0.122729
9 0.125932
10 0.129745
11 0.13175
12 0.134
13 0.135369
14 0.136132
15 0.136951
16 0.137212
17 0.137599
18 0.139367
19 0.140605
20 0.141444
21 0.142579
22 0.144315
23 0.143753
24 0.143646
25 0.143627
26 0.145181
27 0.148693
28 0.151382
29 0.151987
30 0.153898
31 0.15701
32 0.157833
33 0.161076
34 0.16142
35 0.162223
36 0.160585
37 0.161602
38 0.161815
39 0.164204
40 0.165952
41 0.166265
42 0.167071
43 0.167067
44 0.165909
45 0.165584
46 0.165921
47 0.166118
48 0.166095
49 0.166229
50 0.167024
51 0.166711
52 0.167313
53 0.168028
54 0.16933
55 0.169432
56 0.170726
57 0.172557
58 0.173506
59 0.174605
60 0.174099
61 0.173763
62 0.174305
63 0.174613
64 0.172466
65 0.171821
66 0.171556
67 0.169844
68 0.172636
69 0.167791
70 0.166328
71 0.167783
72 0.169104
73 0.170429
74 0.171208
75 0.172798
76 0.172173
77 0.172608
78 0.176278
79 0.180581
80 0.182587
81 0.187364
82 0.187071
83 0.189223
84 0.192201
85 0.196769
86 0.199818
87 0.204406
88 0.209385
89 0.2147
90 0.220407
91 0.222262
92 0.221258
93 0.226047
94 0.228586
95 0.228835
96 0.231394
97 0.233949
98 0.234613
99 0.236456
100 0.237089
101 0.236429
102 0.236686
103 0.235626
104 0.236263
105 0.233664
106 0.231964
107 0.230461
108 0.229998
109 0.232952
110 0.23472
111 0.237595
112 0.240415
113 0.242223
114 0.245406
115 0.248839
116 0.249413
117 0.249077
118 0.249488
119 0.251058
120 0.253344
121 0.254163
122 0.252885
123 0.254428
124 0.253494
125 0.257524
126 0.254435
127 0.258303
128 0.255808
129 0.256381
130 0.261368
131 0.26265
132 0.264188
133 0.268863
134 0.270769
135 0.273779
136 0.27224
137 0.277457
138 0.279711
139 0.281831
140 0.283358
141 0.283544
142 0.285774
143 0.286462
144 0.283397
145 0.285367
146 0.28242
147 0.285355
148 0.284426
149 0.283836
150 0.28388
151 0.278102
152 0.277572
153 0.281317
154 0.280653
155 0.276251
156 0.274898
157 0.273716
158 0.272806
159 0.270038
160 0.268831
161 0.268622
162 0.266624
163 0.266482
164 0.266047
165 0.268744
166 0.264058
167 0.267344
168 0.267372
169 0.260431
170 0.260407
171 0.259585
172 0.259162
173 0.259288
174 0.257825
175 0.259229
176 0.259834
177 0.259181
178 0.257481
179 0.258098
180 0.259328
181 0.260577
182 0.260621
183 0.259525
184 0.258636
185 0.257936
186 0.256401
187 0.256227
188 0.256184
189 0.256706
190 0.258604
191 0.258098
192 0.257421
193 0.257655
194 0.258232
195 0.25788
196 0.259225
197 0.258493
198 0.258687
199 0.258019
200 0.258612
201 0.258845
202 0.259692
203 0.262235
204 0.262357
205 0.260221
206 0.259806
207 0.25875
208 0.258723
209 0.258897
210 0.259454
211 0.25934
212 0.256749
213 0.256136
214 0.256191
215 0.25612
216 0.255515
217 0.255551
218 0.255618
219 0.255037
220 0.255472
221 0.255317
222 0.255673
223 0.255353
224 0.255483
225 0.255345
226 0.255551
227 0.25506
228 0.254526
229 0.255013
230 0.255345
231 0.255721
232 0.25599
233 0.256274
234 0.255954
235 0.255752
236 0.255796
237 0.255072
238 0.254566
239 0.25351
240 0.253937
241 0.256923
242 0.257133
243 0.257433
244 0.257085
245 0.258114
246 0.258406
247 0.255847
248 0.254515
249 0.25347
250 0.255132
251 0.25593
252 0.253743
253 0.253356
254 0.253411
255 0.254032
256 0.254111
257 0.254246
258 0.254431
259 0.254665
260 0.25495
261 0.254669
262 0.254938
263 0.255598
264 0.255867
265 0.255764
266 0.254487
267 0.254388
268 0.256017
269 0.255139
270 0.254843
271 0.254004
272 0.254566
273 0.255068
274 0.254613
275 0.254186
276 0.252648
277 0.252549
278 0.252588
279 0.254004
280 0.25593
281 0.256808
282 0.259371
283 0.261301
284 0.262812
285 0.265343
286 0.265901
287 0.26579
288 0.266798
289 0.267
290 0.267119
291 0.266312
292 0.265137
293 0.26477
294 0.266146
295 0.264675
296 0.263658
297 0.26161
298 0.257172
299 0.25682
300 0.254886
301 0.255507
302 0.252885
303 0.251529
304 0.251402
305 0.251145
306 0.251042
307 0.251125
308 0.251295
309 0.252118
310 0.253882
311 0.253304
312 0.253925
313 0.25493
314 0.255851
315 0.255962
316 0.255982
317 0.255915
318 0.255919
319 0.253783
320 0.254317
321 0.253898
322 0.254665
323 0.254598
324 0.255448
325 0.254965
326 0.254728
327 0.254269
328 0.25512
329 0.254902
330 0.25529
331 0.254989
332 0.25493
333 0.254957
334 0.254471
335 0.254261
336 0.254344
337 0.254384
338 0.254605
339 0.254898
340 0.255199
341 0.255226
342 0.255282
343 0.255559
344 0.256421
345 0.257943
346 0.261368
347 0.262266
348 0.261285
349 0.26278
350 0.263196
351 0.263211
352 0.263959
353 0.261898
354 0.261511
355 0.263077
356 0.261313
357 0.260898
358 0.260823
359 0.260933
360 0.261056
361 0.260981
362 0.261179
363 0.261281
364 0.261388
365 0.26106
366 0.260886
367 0.260407
368 0.260087
369 0.258675
370 0.25828
371 0.257939
372 0.25773
373 0.257675
374 0.257852
375 0.257817
376 0.257983
377 0.257742
378 0.257283
379 0.257493
380 0.25754
381 0.257603
382 0.256971
383 0.257694
384 0.259371
385 0.260716
386 0.261507
387 0.262875
388 0.26329
389 0.264916
390 0.267036
391 0.270453
392 0.271299
393 0.273708
394 0.275396
395 0.275219
396 0.276626
397 0.27631
398 0.276595
399 0.277236
400 0.277817
401 0.278058
402 0.278695
403 0.279577
404 0.278988
405 0.280214
406 0.281277
407 0.28312
408 0.289978
409 0.296385
410 0.299802
411 0.304991
412 0.305932
413 0.307898
414 0.311548
415 0.314859
416 0.317833
417 0.323765
418 0.329112
419 0.335211
420 0.341938
421 0.346953
422 0.347882
423 0.354815
424 0.359383
425 0.362642
426 0.364888
427 0.373281
428 0.376326
429 0.384165
430 0.389693
431 0.390069
432 0.39875
433 0.403678
434 0.407044
435 0.409575
436 0.410813
437 0.411307
438 0.414091
439 0.418489
440 0.419462
441 0.422053
442 0.412138
443 0.413447
444 0.413399
445 0.416029
446 0.414993
447 0.42032
448 0.421001
449 0.424303
450 0.427483
451 0.4302
452 0.430571
453 0.430591
454 0.431097
455 0.431473
456 0.433451
457 0.437101
458 0.439039
459 0.441993
460 0.444675
461 0.445276
462 0.447052
463 0.448341
464 0.449239
465 0.451038
466 0.451631
467 0.45298
468 0.452786
469 0.45156
470 0.451691
471 0.452683
472 0.453213
473 0.453383
474 0.456108
475 0.456496
476 0.456903
477 0.457995
478 0.459735
479 0.458928
480 0.459466
481 0.462128
482 0.461653
483 0.461475
484 0.461163
485 0.461036
486 0.462302
487 0.462523
488 0.463528
489 0.463128
490 0.463445
491 0.465355
492 0.466838
493 0.467071
494 0.464081
495 0.465924
496 0.463919
497 0.466601
498 0.467048
499 0.464691
500 0.465157
501 0.467752
502 0.472193
503 0.474467
504 0.479213
505 0.48511
506 0.488135
507 0.493538
508 0.497987
509 0.499984
510 0.503002
511 0.506498
512 0.508317
513 0.511817
514 0.5147
515 0.516441
516 0.520356
517 0.523377
518 0.527455
519 0.533024
520 0.535396
521 0.537611
522 0.540419
523 0.542915
524 0.544556
525 0.546114
526 0.555483
527 0.55894
528 0.559011
529 0.559284
530 0.560075
531 0.561258
532 0.559197
533 0.560067
534 0.562199
535 0.563532
536 0.56475
537 0.563124
538 0.565082
539 0.562974
540 0.565284
541 0.56401
542 0.563955
543 0.567613
544 0.56225
545 0.562832
546 0.562183
547 0.561752
548 0.561349
549 0.559162
550 0.557754
551 0.557584
552 0.562444
553 0.560672
554 0.560257
555 0.559992
556 0.559427
557 0.559316
558 0.558549
559 0.556848
560 0.556686
561 0.552086
562 0.551137
563 0.550144
564 0.549195
565 0.547981
566 0.550022
567 0.548547
568 0.548914
569 0.542697
570 0.540724
571 0.540676
572 0.541606
573 0.543049
574 0.54522
575 0.54681
576 0.547538
577 0.549167
578 0.549187
579 0.552078
580 0.554993
581 0.556053
582 0.558556
583 0.559047
584 0.559363
585 0.56019
586 0.565497
587 0.56967
588 0.572177
589 0.570247
590 0.571612
591 0.571699
592 0.574542
593 0.574685
594 0.588539
595 0.590785
596 0.593569
597 0.598477
598 0.603433
599 0.604888
600 0.608218
601 0.613249
602 0.615132
603 0.619047
604 0.626075
605 0.631631
606 0.639292
607 0.643718
608 0.646332
609 0.650006
610 0.653146
611 0.655226
612 0.657061
613 0.660708
614 0.661981
615 0.665232
616 0.667321
617 0.6681
618 0.670334
619 0.675547
620 0.67472
621 0.675238
622 0.67665
623 0.676579
624 0.6768
625 0.677287
626 0.677706
627 0.676365
628 0.679695
629 0.679039
630 0.676093
631 0.678695
632 0.67856
633 0.678426
634 0.677465
635 0.67716
636 0.676563
637 0.676203
638 0.676081
639 0.676524
640 0.676524
641 0.676749
642 0.676456
643 0.675946
644 0.675903
645 0.67565
646 0.675535
647 0.676124
648 0.675677
649 0.676971
650 0.677026
651 0.677999
652 0.681531
653 0.682353
654 0.679518
655 0.681119
656 0.681538
657 0.685213
658 0.685731
659 0.685857
660 0.686308
661 0.686787
662 0.684109
663 0.685228
664 0.685402
665 0.685141
666 0.685576
667 0.686193
668 0.686443
669 0.679905
670 0.682416
671 0.67892
672 0.677588
673 0.67769
674 0.678343
675 0.679921
676 0.680344
677 0.680384
678 0.684833
679 0.681064
680 0.68172
681 0.681962
682 0.68259
683 0.682721
684 0.68312
685 0.683714
686 0.683983
687 0.684188
688 0.685513
689 0.685905
690 0.68579
691 0.684952
692 0.685058
693 0.685327
694 0.690801
695 0.691082
696 0.690801
697 0.690548
698 0.690583
699 0.690488
700 0.690156
701 0.691979
702 0.692672
703 0.6923
704 0.69247
705 0.692881
706 0.692691
707 0.692596
708 0.696025
709 0.694036
710 0.695222
711 0.696065
712 0.696211
713 0.691449
714 0.694685
715 0.69597
716 0.695812
717 0.69873
718 0.69353
719 0.7042
720 0.703366
721 0.703093
722 0.700067
723 0.700585
724 0.700775
725 0.700562
726 0.706652
727 0.7074
728 0.707135
729 0.706636
730 0.706352
731 0.706747
732 0.70967
733 0.710152
734 0.710528
735 0.710397
736 0.712296
737 0.713561
738 0.714083
739 0.713569
740 0.714392
741 0.714254
742 0.714325
743 0.714617
744 0.714961
745 0.717758
746 0.720625
747 0.72193
748 0.721985
749 0.721333
750 0.723085
751 0.724398
752 0.725398
753 0.724754
754 0.725485
755 0.726035
756 0.725145
757 0.723192
758 0.722389
759 0.724813
760 0.727522
761 0.728456
762 0.727427
763 0.727435
764 0.726486
765 0.724168
766 0.726138
767 0.734495
768 0.740293
769 0.749183
770 0.748717
771 0.747293
772 0.744956
773 0.744659
774 0.745881
775 0.745727
776 0.745921
777 0.743579
778 0.740929
779 0.740732
780 0.739953
781 0.742768
782 0.743567
783 0.744204
784 0.746344
785 0.745347
786 0.743698
787 0.743552
788 0.743824
789 0.746031
790 0.748673
791 0.749626
792 0.749614
793 0.7488
794 0.743801
795 0.743287
796 0.743789
797 0.744433
798 0.74545
799 0.745224
800 0.743824
801 0.74365
802 0.742942
803 0.741839
804 0.742171
805 0.740388
806 0.743377
807 0.744714
808 0.745122
809 0.745802
810 0.747728
811 0.7491
812 0.755531
813 0.75769
814 0.759071
815 0.76301
816 0.764081
817 0.765881
818 0.767071
819 0.768839
820 0.766996
821 0.767396
822 0.770334
823 0.778418
824 0.785715
825 0.788562
826 0.79364
827 0.79559
828 0.797686
829 0.799506
830 0.801653
831 0.802282
832 0.804386
833 0.805078
834 0.80598
835 0.806047
836 0.806783
837 0.806047
838 0.806466
839 0.807067
840 0.807253
841 0.807127
842 0.806644
843 0.807079
844 0.815954
845 0.81523
846 0.815792
847 0.813466
848 0.813225
849 0.813162
850 0.811975
851 0.811999
852 0.812917
853 0.812695
854 0.81207
855 0.810564
856 0.810405
857 0.812209
858 0.811335
859 0.812723
860 0.811707
861 0.812371
862 0.810548
863 0.809899
864 0.810726
865 0.810085
866 0.810358
867 0.810674
868 0.810583
869 0.813755
870 0.814261
871 0.814167
872 0.814167
873 0.813894
874 0.814111
875 0.812569
876 0.809773
877 0.809436
878 0.807574
879 0.826138
880 0.825545
881 0.826352
882 0.825383
883 0.825727
884 0.825244
885 0.824781
886 0.824607
887 0.825418
888 0.824833
889 0.82511
890 0.825193
891 0.824647
892 0.824505
893 0.82142
894 0.819118
895 0.814831
896 0.814471
897 0.814795
898 0.816919
899 0.816354
900 0.816286
901 0.816524
902 0.816361
903 0.815974
904 0.81811
905 0.816785
906 0.816642
907 0.816286
908 0.81616
909 0.816187
910 0.815329
911 0.812944
912 0.810307
913 0.811604
914 0.804315
915 0.806569
916 0.806229
917 0.805901
918 0.804952
919 0.80562
920 0.805727
921 0.807412
922 0.806644
923 0.807348
924 0.807609
925 0.807396
926 0.807704
927 0.807771
928 0.809073
929 0.81508
930 0.816338
931 0.8158
932 0.815717
933 0.816563
934 0.818299
935 0.819458
936 0.818335
937 0.818347
938 0.820202
939 0.820344
940 0.817837
941 0.819466
942 0.816152
943 0.817781
944 0.81754
945 0.818738
946 0.818426
947 0.820186
948 0.819743
949 0.820744
950 0.814388
951 0.813486
952 0.814036
953 0.813771
954 0.821491
955 0.820811
956 0.827823
957 0.824659
958 0.823955
959 0.823698
960 0.823472
961 0.820653
962 0.817236
963 0.817821
964 0.816793
965 0.817109
966 0.816619
967 0.81546
968 0.815543
969 0.813759
970 0.812976
971 0.80944
972 0.811137
973 0.810651
974 0.810303
975 0.810034
976 0.811169
977 0.809788
978 0.80965
979 0.804738
980 0.805841
981 0.803393
982 0.803532
983 0.802416
984 0.801744
985 0.801495
986 0.801938
987 0.801317
988 0.80142
989 0.801175
990 0.803465
991 0.803018
992 0.803128
993 0.803512
994 0.803737
995 0.803393
996 0.802986
997 0.803203
998 0.805865
999 0.803049
1000 0.801772
1001 0.801598
1002 0.80157
1003 0.801657
1004 0.806759
1005 0.808574
1006 0.808665
1007 0.808879
1008 0.807063
1009 0.80594
1010 0.79805
1011 0.797421
1012 0.799379
1013 0.800969
1014 0.800878
1015 0.798465
1016 0.797801
1017 0.798477
1018 0.799371
1019 0.79911
1020 0.799984
1021 0.798556
1022 0.798833
1023 0.799098
1024 0.799185
1025 0.799003
1026 0.797979
1027 0.797793
1028 0.799185
1029 0.796808
1030 0.797137
1031 0.796828
1032 0.797188
1033 0.797271
1034 0.79684
1035 0.801728
1036 0.801103
1037 0.801625
1038 0.802009
1039 0.801799
1040 0.801131
1041 0.800838
1042 0.800929
1043 0.800965
1044 0.800514
1045 0.800637
1046 0.800799
1047 0.800194
1048 0.800494
1049 0.799589
1050 0.800439
1051 0.800225
1052 0.799427
1053 0.799644
1054 0.800115
1055 0.799676
1056 0.800202
1057 0.802571
1058 0.802709
1059 0.802935
1060 0.803512
1061 0.803374
1062 0.803445
1063 0.802116
1064 0.802345
1065 0.801424
1066 0.801285
1067 0.800914
1068 0.800831
1069 0.800399
1070 0.800929
1071 0.798782
1072 0.798469
1073 0.796852
1074 0.796361
1075 0.79593
1076 0.796844
1077 0.797271
1078 0.797951
1079 0.797852
1080 0.798216
1081 0.798533
1082 0.799221
1083 0.800273
1084 0.800921
1085 0.806419
1086 0.806178
1087 0.80509
1088 0.804081
1089 0.803073
1090 0.803923
1091 0.807475
1092 0.807752
1093 0.810105
1094 0.810686
1095 0.807878
1096 0.808345
1097 0.809322
1098 0.809128
1099 0.809555
1100 0.808056
1101 0.80547
1102 0.805082
1103 0.802784
1104 0.806205
1105 0.804774
1106 0.806708
1107 0.806715
1108 0.806241
1109 0.804726
1110 0.80613
1111 0.808491
1112 0.809211
1113 0.808792
1114 0.807206
1115 0.807661
1116 0.808278
1117 0.808218
1118 0.80715
1119 0.806905
1120 0.806407
1121 0.804722
1122 0.804418
1123 0.804963
1124 0.804615
1125 0.805102
1126 0.805482
1127 0.805466
1128 0.806763
1129 0.809251
1130 0.814131
1131 0.812857
1132 0.814554
1133 0.816785
1134 0.816172
1135 0.818798
1136 0.818679
1137 0.818505
1138 0.820055
1139 0.820447
1140 0.824117
1141 0.822092
1142 0.821353
1143 0.818351
1144 0.818612
1145 0.821962
1146 0.81493
1147 0.814376
1148 0.813973
1149 0.80706
1150 0.806205
1151 0.804876
1152 0.80265
1153 0.802096
1154 0.797599
1155 0.799379
1156 0.797295
1157 0.797849
1158 0.798703
1159 0.799245
1160 0.79495
1161 0.794439
1162 0.792407
1163 0.791596
1164 0.790429
1165 0.790698
1166 0.795713
1167 0.794135
1168 0.796294
1169 0.795195
1170 0.796559
1171 0.795772
1172 0.795531
1173 0.795511
1174 0.795215
1175 0.792675
1176 0.793542
1177 0.793569
1178 0.794867
1179 0.794261
1180 0.794839
1181 0.797058
1182 0.800482
1183 0.803227
1184 0.802942
1185 0.815594
1186 0.819446
1187 0.81981
1188 0.82144
1189 0.819217
1190 0.816516
1191 0.81557
1192 0.814728
1193 0.816207
1194 0.817014
1195 0.816836
1196 0.819094
1197 0.822171
1198 0.823148
1199 0.825762
1200 0.824726
1201 0.826874
1202 0.82738
1203 0.828598
1204 0.825881
1205 0.820657
1206 0.81722
1207 0.817564
1208 0.815752
1209 0.814558
1210 0.81285
1211 0.811521
1212 0.813894
1213 0.814815
1214 0.813688
1215 0.814499
1216 0.815282
1217 0.814052
1218 0.816488
1219 0.817671
1220 0.820344
1221 0.819593
1222 0.819715
1223 0.821546
1224 0.822634
1225 0.821238
1226 0.823524
1227 0.821317
1228 0.821111
1229 0.819371
1230 0.819027
1231 0.818829
1232 0.816943
1233 0.816895
1234 0.817105
1235 0.806644
1236 0.805877
1237 0.807724
1238 0.813039
1239 0.812288
1240 0.812782
1241 0.812086
1242 0.814344
1243 0.814594
1244 0.817105
1245 0.816516
1246 0.820095
1247 0.821222
1248 0.817603
1249 0.81718
1250 0.818612
1251 0.817113
1252 0.817588
1253 0.818798
1254 0.819225
1255 0.818149
1256 0.818572
1257 0.819086
1258 0.816852
1259 0.817457
1260 0.818837
1261 0.818303
1262 0.820368
1263 0.824014
1264 0.823385
1265 0.826454
1266 0.819419
1267 0.818889
1268 0.82032
1269 0.816104
1270 0.816425
1271 0.817603
1272 0.81472
1273 0.814649
1274 0.81355
1275 0.811252
1276 0.811845
1277 0.809939
1278 0.806557
1279 0.806763
1280 0.806431
1281 0.805841
1282 0.804655
1283 0.804236
1284 0.803698
1285 0.814265
1286 0.813423
1287 0.813696
1288 0.812573
1289 0.813158
1290 0.812802
1291 0.811078
1292 0.810619
1293 0.812537
1294 0.812149
1295 0.810943
1296 0.807123
1297 0.806431
1298 0.806925
1299 0.807756
1300 0.808191
1301 0.809678
1302 0.812359
1303 0.811303
1304 0.81302
1305 0.813095
1306 0.811018
1307 0.808638
1308 0.808519
1309 0.809531
1310 0.805727
1311 0.806102
1312 0.802045
1313 0.803152
1314 0.802298
1315 0.800348
1316 0.798624
1317 0.79845
1318 0.797038
1319 0.797374
1320 0.798691
1321 0.797208
1322 0.794032
1323 0.795151
1324 0.793613
1325 0.791564
1326 0.792533
1327 0.791877
1328 0.791548
1329 0.792359
1330 0.790568
1331 0.789152
1332 0.789939
1333 0.789808
1334 0.789322
1335 0.786929
1336 0.783816
1337 0.782547
1338 0.783797
1339 0.783441
1340 0.782575
1341 0.783022
1342 0.782907
1343 0.782824
1344 0.783219
1345 0.782195
1346 0.782681
1347 0.782167
1348 0.782899
1349 0.783196
1350 0.78384
1351 0.783998
1352 0.783441
1353 0.783631
1354 0.783789
1355 0.783583
1356 0.784212
1357 0.78547
1358 0.785248
1359 0.785501
1360 0.79317
1361 0.79364
1362 0.79351
1363 0.794463
1364 0.794772
1365 0.794566
1366 0.794352
1367 0.795211
1368 0.796441
1369 0.796251
1370 0.796571
1371 0.796967
1372 0.796943
1373 0.798212
1374 0.798046
1375 0.79811
1376 0.797481
1377 0.795847
1378 0.795962
1379 0.796828
1380 0.795246
1381 0.795349
1382 0.795143
1383 0.795638
1384 0.796476
1385 0.788278
1386 0.788657
1387 0.789073
1388 0.789915
1389 0.789808
1390 0.79073
1391 0.791078
1392 0.790935
1393 0.790417
1394 0.790801
1395 0.791378
1396 0.79364
1397 0.794048
1398 0.794795
1399 0.794602
1400 0.794791
1401 0.795404
1402 0.796998
1403 0.79754
1404 0.79775
1405 0.79803
1406 0.798378
1407 0.799316
1408 0.79998
1409 0.80017
1410 0.804896
1411 0.804691
1412 0.804481
1413 0.805126
1414 0.804339
1415 0.805193
1416 0.805442
1417 0.806332
1418 0.806644
1419 0.809152
1420 0.809871
1421 0.809642
1422 0.808618
1423 0.808847
1424 0.808938
1425 0.809049
1426 0.808918
1427 0.809084
1428 0.814906
1429 0.807993
1430 0.810176
1431 0.809935
1432 0.810904
1433 0.811291
1434 0.812102
1435 0.818129
1436 0.818438
1437 0.814827
1438 0.815578
1439 0.818284
1440 0.822642
1441 0.824809
1442 0.819739
1443 0.82004
1444 0.81945
1445 0.821578
1446 0.821614
1447 0.819652
1448 0.826411
1449 0.829144
1450 0.830556
1451 0.832865
1452 0.833799
1453 0.835396
1454 0.838074
1455 0.841946
1456 0.842045
1457 0.850655
1458 0.853735
1459 0.856112
1460 0.860842
1461 0.861633
1462 0.864161
1463 0.866261
1464 0.867419
1465 0.870014
1466 0.872968
1467 0.87052
1468 0.875139
1469 0.87527
1470 0.88021
1471 0.880131
1472 0.883037
1473 0.893043
1474 0.893281
1475 0.896405
1476 0.899082
1477 0.900787
1478 0.904453
1479 0.90301
1480 0.902614
1481 0.90717
1482 0.909523
1483 0.91143
1484 0.913573
1485 0.92386
1486 0.927194
1487 0.922887
1488 0.923215
1489 0.921954
1490 0.926462
1491 0.925015
1492 0.922017
1493 0.927641
1494 0.930564
1495 0.93404
1496 0.939474
1497 0.944184
1498 0.945434
1499 0.943781
1500 0.943852
1501 0.944809
1502 0.944758
1503 0.929618
1504 0.928246
1505 0.927756
1506 0.926102
1507 0.925474
1508 0.923298
1509 0.924346
1510 0.923294
1511 0.930773
1512 0.925327
1513 0.936785
1514 0.924857
1515 0.927625
1516 0.933502
1517 0.924908
1518 0.924327
1519 0.921523
1520 0.918616
1521 0.908262
1522 0.921562
1523 0.928669
1524 0.919063
1525 0.919684
1526 0.928772
1527 0.918343
1528 0.917603
1529 0.915175
1530 0.928048
1531 0.924441
1532 0.922464
1533 0.92015
1534 0.921966
1535 0.910374
1536 0.904552
1537 0.904461
1538 0.910136
1539 0.910856
1540 0.911145
1541 0.900206
1542 0.890101
1543 0.889381
1544 0.879142
1545 0.872221
1546 0.866174
1547 0.872371
1548 0.866403
1549 0.863109
1550 0.854451
1551 0.847111
1552 0.846965
1553 0.850571
1554 0.84757
1555 0.845901
1556 0.847858
1557 0.847629
1558 0.84685
1559 0.848974
1560 0.846494
1561 0.849152
1562 0.848816
1563 0.848025
1564 0.846806
1565 0.847787
1566 0.845754
1567 0.845667
1568 0.846854
1569 0.847182
1570 0.852541
1571 0.84895
1572 0.850002
1573 0.854499
1574 0.858244
1575 0.855286
1576 0.855393
1577 0.852731
1578 0.856271
1579 0.859533
1580 0.854918
1581 0.853134
1582 0.855661
1583 0.860997
1584 0.860795
1585 0.851631
1586 0.857398
1587 0.858023
1588 0.859415
1589 0.852272
1590 0.85809
1591 0.858691
1592 0.8639
1593 0.854281
1594 0.852747
1595 0.856891
1596 0.858541
1597 0.866059
1598 0.85281
1599 0.851184
1600 0.865731
1601 0.855788
1602 0.860886
1603 0.862219
1604 0.867637
1605 0.874163
1606 0.862555
1607 0.867392
1608 0.852399
1609 0.850053
1610 0.847162
1611 0.855476
1612 0.849701
1613 0.844651
1614 0.840649
1615 0.845276
1616 0.849547
1617 0.852422
1618 0.846221
1619 0.848551
1620 0.84857
1621 0.84946
1622 0.844327
1623 0.84473
1624 0.840819
1625 0.81858
1626 0.820589
1627 0.821392
1628 0.823809
1629 0.821179
1630 0.819802
1631 0.826091
1632 0.834218
1633 0.838165
1634 0.839466
1635 0.829678
1636 0.833107
1637 0.844592
1638 0.842942
1639 0.852173
1640 0.849591
1641 0.853043
1642 0.849614
1643 0.847803
1644 0.852628
1645 0.854364
1646 0.851936
1647 0.835274
1648 0.825659
1649 0.826114
1650 0.825885
1651 0.822689
1652 0.821467
1653 0.818141
1654 0.822614
1655 0.814791
1656 0.826704
1657 0.827281
1658 0.833569
1659 0.834364
1660 0.834534
1661 0.839122
1662 0.835804
1663 0.84301
1664 0.83894
1665 0.84314
1666 0.839786
1667 0.83805
1668 0.842745
1669 0.841586
1670 0.843188
1671 0.839276
1672 0.838394
1673 0.831137
1674 0.837809
1675 0.839913
1676 0.835855
1677 0.84405
1678 0.843089
1679 0.839786
1680 0.835887
1681 0.831774
1682 0.827993
1683 0.828855
1684 0.823022
1685 0.802294
1686 0.801313
1687 0.803421
1688 0.793502
1689 0.789231
1690 0.786624
1691 0.794973
1692 0.793913
1693 0.798382
1694 0.801962
1695 0.805984
1696 0.804153
1697 0.803761
1698 0.7954
1699 0.798284
1700 0.808736
1701 0.809294
1702 0.810374
1703 0.809365
1704 0.79122
1705 0.795222
1706 0.804216
1707 0.802741
1708 0.808641
1709 0.803029
1710 0.789357
1711 0.794696
1712 0.806814
1713 0.803172
1714 0.803844
1715 0.793838
1716 0.787249
1717 0.789701
1718 0.797038
1719 0.788812
1720 0.792592
1721 0.793478
1722 0.786114
1723 0.786965
1724 0.790674
1725 0.795393
1726 0.789045
1727 0.784058
1728 0.787372
1729 0.789013
1730 0.755341
1731 0.736567
1732 0.734076
1733 0.717141
1734 0.716603
1735 0.698019
1736 0.709614
1737 0.701186
1738 0.695665
1739 0.699676
1740 0.685826
1741 0.683939
1742 0.686407
1743 0.667862
1744 0.669939
1745 0.666051
1746 0.663915
1747 0.64562
1748 0.638117
1749 0.618988
1750 0.615752
1751 0.604691
1752 0.587744
1753 0.585565
1754 0.57476
1755 0.575385
1756 0.573593
1757 0.57249
1758 0.569563
1759 0.565478
1760 0.550002
1761 0.556583
1762 0.559375
1763 0.560134
1764 0.558106
1765 0.557326
1766 0.565201
1767 0.56507
1768 0.571809
1769 0.578774
1770 0.581179
1771 0.585276
1772 0.587356
1773 0.588717
1774 0.585296
1775 0.591465
1776 0.589504
1777 0.592047
1778 0.587194
1779 0.582325
1780 0.581084
1781 0.572948
1782 0.566779
1783 0.566114
1784 0.555456
1785 0.544362
1786 0.540712
1787 0.531821
1788 0.52721
1789 0.52191
1790 0.516187
1791 0.513166
1792 0.508748
1793 0.501455
1794 0.490049
1795 0.484465
1796 0.476049
1797 0.473854
1798 0.472778
1799 0.470057
1800 0.466779
1801 0.460977
1802 0.462681
1803 0.462017
1804 0.4628
1805 0.466526
1806 0.46583
1807 0.462887
1808 0.462151
1809 0.464762
1810 0.454621
1811 0.455839
1812 0.460716
1813 0.460435
1814 0.456259
1815 0.453
1816 0.455329
1817 0.430093
1818 0.428191
1819 0.426154
1820 0.430568
1821 0.421009
1822 0.421364
1823 0.424394
1824 0.425485
1825 0.424778
1826 0.420894
1827 0.424204
1828 0.421835
1829 0.415713
1830 0.410421
1831 0.401309
1832 0.396856
1833 0.394863
1834 0.398054
1835 0.387313
1836 0.383215
1837 0.381507
1838 0.379893
1839 0.37086
1840 0.369179
1841 0.375005
1842 0.355428
1843 0.350749
1844 0.341606
1845 0.333075
1846 0.327866
1847 0.323702
1848 0.31616
1849 0.314819
1850 0.304607
1851 0.297659
1852 0.294946
1853 0.289417
1854 0.278782
1855 0.275551
1856 0.27071
1857 0.26842
1858 0.2684
1859 0.26683
1860 0.257758
1861 0.255725
1862 0.253182
1863 0.246039
1864 0.242235
1865 0.237477
1866 0.22893
1867 0.225794
1868 0.225272
1869 0.228622
1870 0.221981
1871 0.226798
1872 0.222741
1873 0.223753
1874 0.232185
1875 0.239838
1876 0.248139
1877 0.243971
1878 0.251406
1879 0.256045
1880 0.265054
1881 0.279767
1882 0.283619
1883 0.287997
1884 0.299355
1885 0.305557
1886 0.306328
1887 0.317018
1888 0.325956
1889 0.334083
1890 0.345485
1891 0.353759
1892 0.358719
1893 0.368171
1894 0.372948
1895 0.376753
1896 0.382041
1897 0.386055
1898 0.390916
1899 0.40142
1900 0.404936
1901 0.414942
1902 0.429796
1903 0.436168
1904 0.452889
1905 0.476231
1906 0.482772
1907 0.497022
1908 0.509907
1909 0.51618
1910 0.520439
1911 0.520799
1912 0.519589
1913 0.522235
1914 0.511343
1915 0.50751
1916 0.50965
1917 0.499399
1918 0.49546
1919 0.492312
1920 0.488796
1921 0.486617
1922 0.486102
1923 0.482033
1924 0.464663
1925 0.463615
1926 0.449183
1927 0.446225
1928 0.439158
1929 0.439027
1930 0.438608
1931 0.431287
1932 0.428693
1933 0.427657
1934 0.414756
1935 0.392138
1936 0.390761
1937 0.389254
1938 0.379913
1939 0.377769
1940 0.3698
1941 0.359858
1942 0.368835
1943 0.364952
1944 0.357536
1945 0.355816
1946 0.343809
1947 0.33141
1948 0.323805
1949 0.309203
1950 0.297959
1951 0.292968
1952 0.28066
1953 0.265343
1954 0.257133
1955 0.23824
1956 0.22806
1957 0.223844
1958 0.213937
1959 0.204267
1960 0.190571
1961 0.182848
1962 0.170382
1963 0.166739
1964 0.1579
1965 0.148539
1966 0.147257
1967 0.135491
1968 0.128214
1969 0.123714
1970 0.114198
1971 0.102998
1972 0.0986158
1973 0.089915
1974 0.0809887
1975 0.0773937
1976 0.0695037
1977 0.065612
1978 0.0633735
1979 0.0597271
1980 0.0577022
1981 0.0573977
1982 0.0584259
1983 0.058157
1984 0.0577417
1985 0.0572474
1986 0.0567807
1987 0.0567174
1988 0.0561954
1989 0.0562626
1990 0.0563931
1991 0.0570219
1992 0.0573225
1993 0.0574293
1994 0.0579751
1995 0.058248
1996 0.0581689
1997 0.0575598
1998 0.0585802
1999 0.0584813
2000 0.0587977
2001 0.0673324
2002 0.0718647
2003 0.084647
2004 0.101748
2005 0.111568
2006 0.12804
2007 0.145023
2008 0.155056
2009 0.173601
2010 0.195551
2011 0.201376
2012 0.220475
2013 0.249599
2014 0.247135
2015 0.261186
2016 0.2793
2017 0.28933
2018 0.30212
2019 0.322057
2020 0.324054
2021 0.331786
2022 0.345497
2023 0.352786
2024 0.363927
2025 0.383322
2026 0.392695
2027 0.404841
2028 0.423231
2029 0.437833
2030 0.447771
2031 0.449974
2032 0.443465
2033 0.443389
2034 0.447408
2035 0.450132
2036 0.448732
2037 0.430904
2038 0.433423
2039 0.426051
2040 0.416354
2041 0.407526
2042 0.399727
2043 0.387578
2044 0.384125
2045 0.3758
2046 0.36579
2047 0.363342
2048 0.358877
2049 0.340328
2050 0.338169
2051 0.3302
2052 0.327586
2053 0.323714
2054 0.298295
2055 0.27981
2056 0.281894
2057 0.261349
2058 0.247771
2059 0.237841
2060 0.214554
2061 0.204845
2062 0.202235
2063 0.185897
2064 0.174487
2065 0.171177
2066 0.164244
2067 0.155709
2068 0.151406
2069 0.140257
2070 0.135139
2071 0.129725
2072 0.126158
2073 0.120392
2074 0.115638
2075 0.108009
2076 0.103536
2077 0.10138
2078 0.0952066
2079 0.0881155
2080 0.0853273
2081 0.0790983
2082 0.0732529
2083 0.0712913
2084 0.0664505
2085 0.0662923
2086 0.065347
2087 0.0649357
2088 0.0640419
2089 0.0637413
2090 0.0632588
2091 0.0634605
2092 0.0636741
2093 0.0632668
2094 0.0631244
2095 0.0634289
2096 0.063595
2097 0.0631125
2098 0.0630848
2099 0.062982
2100 0.0672375
2101 0.0702195
2102 0.0771722
2103 0.0857742
2104 0.087629
2105 0.0956931
2106 0.104647
2107 0.109986
2108 0.12038
2109 0.130935
2110 0.136377
2111 0.147839
2112 0.164473
2113 0.165015
2114 0.179482
2115 0.191137
2116 0.198003
2117 0.2119
2118 0.228851
2119 0.230394
2120 0.244366
2121 0.258572
2122 0.270682
2123 0.286261
2124 0.303702
2125 0.31086
2126 0.326965
2127 0.342709
2128 0.34808
2129 0.359798
2130 0.371952
2131 0.37733
2132 0.383053
2133 0.392937
2134 0.396828
2135 0.400518
2136 0.405537
2137 0.407372
2138 0.400807
2139 0.410263
2140 0.41294
2141 0.409381
2142 0.418489
2143 0.420423
2144 0.418968
2145 0.418066
2146 0.419059
2147 0.409298
2148 0.409243
2149 0.407945
2150 0.403077
2151 0.387597
2152 0.378857
2153 0.362207
2154 0.36144
2155 0.364018
2156 0.364414
2157 0.370038
2158 0.368883
2159 0.37232
2160 0.371576
2161 0.372794
2162 0.372098
2163 0.370334
2164 0.370643
2165 0.367328
2166 0.363911
2167 0.364074
2168 0.35828
2169 0.35489
2170 0.3533
2171 0.350631
2172 0.344501
2173 0.341938
2174 0.331675
2175 0.312316
2176 0.304841
2177 0.291505
2178 0.275507
2179 0.260506
2180 0.247748
2181 0.23561
2182 0.229923
2183 0.218007
2184 0.204489
2185 0.199427
2186 0.188519
2187 0.175654
2188 0.171315
2189 0.161997
2190 0.152861
2191 0.146901
2192 0.134127
2193 0.124457
2194 0.11949
2195 0.110121
2196 0.102974
2197 0.0992446
2198 0.0922365
2199 0.0858019
2200 0.0836543
2201 0.0792248
2202 0.0731857
2203 0.0704489
2204 0.0653668
2205 0.0631204
2206 0.0630651
2207 0.0614989
2208 0.0594859
2209 0.0577338
2210 0.0572711
2211 0.0549733
2212 0.0532411
2213 0.0509432
2214 0.0489421
2215 0.0472573
2216 0.046494
2217 0.0458256
2218 0.0451691
2219 0.045964
2220 0.0457069
2221 0.0458928
2222 0.045786
2223 0.0455685
2224 0.0475222
2225 0.046846
2226 0.0464228
2227 0.0471188
2228 0.0482816
2229 0.0475658
2230 0.047285
2231 0.0477754
2232 0.0479494
2233 0.0482302
2234 0.0488313
2235 0.0471742
2236 0.0473878
2237 0.0476488
2238 0.0477239
2239 0.0485545
2240 0.0482697
2241 0.0483211
2242 0.0486296
2243 0.0479771
2244 0.0490528
2245 0.0493534
2246 0.0496421
2247 0.0491517
2248 0.0487562
2249 0.0500613
2250 0.0499822
2251 0.0500613
2252 0.0509472
2253 0.0509472
2254 0.0512003
2255 0.0525529
2256 0.0518054
2257 0.0524857
2258 0.0524263
2259 0.0534269
2260 0.0516077
2261 0.0520111
2262 0.0539569
2263 0.0541467
2264 0.0541705
2265 0.0542931
2266 0.0549812
2267 0.0588887
2268 0.0679692
2269 0.0719003
2270 0.0758513
2271 0.0867906
2272 0.0929761
2273 0.100067
2274 0.103132
2275 0.109164
2276 0.11703
2277 0.121333
2278 0.12382
2279 0.127451
2280 0.131256
2281 0.132873
2282 0.134139
2283 0.136191
2284 0.137243
2285 0.138208
2286 0.140119
2287 0.140641
2288 0.14337
2289 0.143635
2290 0.143975
2291 0.14789
2292 0.147763
2293 0.14825
2294 0.147542
2295 0.145774
2296 0.147447
2297 0.147949
2298 0.150995
2299 0.152521
2300 0.154163
2301 0.158493
2302 0.160415
2303 0.163037
2304 0.165719
2305 0.16808
2306 0.169077
2307 0.168551
2308 0.1691
2309 0.169773
2310 0.167752
2311 0.166367
2312 0.162464
2313 0.161123
2314 0.160067
2315 0.154827
2316 0.149148
2317 0.147123
2318 0.140573
2319 0.140435
2320 0.139616
2321 0.138094
2322 0.133091
2323 0.130338
2324 0.118659
2325 0.117164
2326 0.116666
2327 0.115432
2328 0.113075
2329 0.110429
2330 0.110417
2331 0.107728
2332 0.10575
2333 0.104058
2334 0.100142
2335 0.0962349
2336 0.092715
2337 0.0889777
2338 0.085438
2339 0.0825074
2340 0.0813209
2341 0.0796915
2342 0.077635
2343 0.0763971
2344 0.0755705
2345 0.0732292
2346 0.07281
2347 0.0709432
2348 0.0684517
2349 0.0645007
2350 0.0640142
2351 0.063425
2352 0.0638956
2353 0.064034
2354 0.0636425
2355 0.062634
2356 0.0615187
2357 0.0612221
2358 0.0598181
2359 0.059126
2360 0.0579276
2361 0.057457
2362 0.05737
2363 0.0559185
2364 0.0557168
2365 0.0558078
2366 0.0571801
2367 0.058157
2368 0.0579909
2369 0.0605853
2370 0.0601898
2371 0.0606802
2372 0.0614079
2373 0.0623729
2374 0.0617243
2375 0.0615068
2376 0.0607554
2377 0.0601542
2378 0.0615226
2379 0.0593672
2380 0.0589401
2381 0.0586711
2382 0.0575203
2383 0.0580937
2384 0.0661024
2385 0.0744196
2386 0.0798893
2387 0.0902393
2388 0.09544
2389 0.0991774
2390 0.106427
2391 0.109171
2392 0.109958
2393 0.111612
2394 0.114839
2395 0.115428
2396 0.114431
2397 0.113779
2398 0.112509
2399 0.112411
2400 0.113482
2401 0.113791
2402 0.115689
2403 0.117421
2404 0.118007
2405 0.121103
2406 0.122863
2407 0.123631
2408 0.125794
2409 0.126039
2410 0.126439
2411 0.129436
2412 0.13122
2413 0.128887
2414 0.125323
2415 0.116753
2416 0.114855
2417 0.108918
2418 0.105549
2419 0.104671
2420 0.100308
2421 0.0945383
2422 0.0912675
2423 0.08439
2424 0.0789678
2425 0.0755349
2426 0.0690172
2427 0.0627368
2428 0.059648
2429 0.0533755
2430 0.0489539
2431 0.0469251
2432 0.0438363
2433 0.0486138
2434 0.0527902
2435 0.0612221
2436 0.0653154
2437 0.0707771
2438 0.0755745
2439 0.0783033
2440 0.0786751
2441 0.0813842
2442 0.083417
2443 0.0841487
2444 0.0865137
2445 0.0870516
2446 0.0877675
2447 0.0898477
2448 0.0906466
2449 0.0910303
2450 0.0940676
2451 0.0941665
2452 0.0946648
2453 0.095179
2454 0.0956298
2455 0.0940597
2456 0.0943998
2457 0.0958869
2458 0.09877
2459 0.101285
2460 0.104714
2461 0.105687
2462 0.108084
2463 0.103864
2464 0.101614
2465 0.0970022
2466 0.089911
2467 0.0877833
2468 0.0834289
2469 0.0785248
2470 0.0781254
2471 0.0739688
2472 0.0682658
2473 0.0662527
2474 0.0627605
2475 0.0606921
2476 0.0594265
2477 0.0580937
2478 0.0574649
2479 0.057983
2480 0.0566541
2481 0.054736
2482 0.053684
2483 0.0542416
2484 0.0548823
2485 0.0555745
2486 0.0563219
2487 0.0572711
2488 0.0575242
2489 0.0580028
2490 0.0585802
2491 0.0591101
2492 0.0597785
2493 0.0606091
2494 0.0602175
2495 0.061491
2496 0.0616215
2497 0.061843
2498 0.0622187
2499 0.0628713
2500 0.0630967
2501 0.0635871
2502 0.0643306
2503 0.064121
2504 0.0641645
2505 0.0642634
2506 0.0645244
2507 0.064382
2508 0.0667471
2509 0.069559
2510 0.0746846
2511 0.0812853
2512 0.0859838
2513 0.0940676
2514 0.0998734
2515 0.10441
2516 0.110299
2517 0.112003
2518 0.112743
2519 0.114297
2520 0.114657
2521 0.114412
2522 0.117247
2523 0.117224
2524 0.118019
2525 0.119692
2526 0.119731
2527 0.120249
2528 0.122662
2529 0.124161
2530 0.123947
2531 0.124687
2532 0.125818
2533 0.126466
2534 0.128052
2535 0.129112
2536 0.131382
2537 0.133672
2538 0.136528
2539 0.137655
2540 0.137449
2541 0.13894
2542 0.139126
2543 0.137512
2544 0.142871
2545 0.142543
2546 0.140079
2547 0.142112
2548 0.143002
2549 0.147218
2550 0.144457
2551 0.142871
2552 0.139525
2553 0.131481
2554 0.128895
2555 0.123532
2556 0.120067
2557 0.116836
2558 0.10931
2559 0.102681
2560 0.0999644
2561 0.0916195
2562 0.0845521
2563 0.0806921
2564 0.0738145
2565 0.0669844
2566 0.0638284
2567 0.0581372
2568 0.053067
2569 0.0506941
2570 0.0468776
2571 0.0441092
2572 0.04386
2573 0.0427645
2574 0.0416294
2575 0.0413882
2576 0.0413763
2577 0.0414198
2578 0.0414554
2579 0.0414791
2580 0.0414515
2581 0.0414277
2582 0.0414277
2583 0.0414712
2584 0.0414515
2585 0.0414
2586 0.0414
2587 0.041404
2588 0.0413368
2589 0.0413249
2590 0.0413249
2591 0.0413486
2592 0.0413565
2593 0.0414435
2594 0.0414435
2595 0.0414435
2596 0.041404
2597 0.0414673
2598 0.0414791
2599 0.0414633
2600 0.0414554
2601 0.0414752
2602 0.0414594
2603 0.0414594
2604 0.0414435
2605 0.0414633
2606 0.0414554
2607 0.0414712
2608 0.0414712
2609 0.041487
2610 0.0413961
2611 0.0413882
2612 0.0413921
2613 0.0413921
2614 0.0413961
2615 0.0414159
2616 0.0414198
2617 0.0414159
2618 0.0414238
2619 0.041404
2620 0.0414594
2621 0.0413842
2622 0.0413842
2623 0.0413882
2624 0.0413565
2625 0.0453194
2626 0.0479692
2627 0.0553292
2628 0.06193
2629 0.0651968
2630 0.0671861
2631 0.0724422
2632 0.0742772
2633 0.076666
2634 0.0783152
2635 0.07877
2636 0.0788531
2637 0.0814791
2638 0.0851612
2639 0.0945462
2640 0.104999
2641 0.110042
2642 0.120716
2643 0.13332
2644 0.140134
2645 0.152422
2646 0.164161
2647 0.169638
2648 0.183136
2649 0.190718
2650 0.195574
2651 0.203733
2652 0.213008
2653 0.213977
2654 0.215337
2655 0.223484
2656 0.225102
2657 0.233419
2658 0.236619
2659 0.239869
2660 0.247775
2661 0.254214
2662 0.249781
2663 0.249338
2664 0.246917
2665 0.243342
2666 0.239885
2667 0.236397
2668 0.232937
2669 0.231869
2670 0.230892
2671 0.227427
2672 0.221147
2673 0.223026
2674 0.231137
2675 0.227597
2676 0.241598
2677 0.243255
2678 0.245869
2679 0.246886
2680 0.242049
2681 0.237995
2682 0.223207
2683 0.220229
2684 0.224853
2685 0.218691
2686 0.217421
2687 0.214716
2688 0.203203
2689 0.201606
2690 0.196761
2691 0.19319
2692 0.18863
2693 0.181167
2694 0.175899
2695 0.17283
2696 0.166628
2697 0.160111
2698 0.156974
2699 0.15109
2700 0.144916
2701 0.141266
2702 0.134483
2703 0.127649
2704 0.124904
2705 0.118442
2706 0.111295
2707 0.107293
2708 0.1007
2709 0.0961084
2710 0.0950682
2711 0.0923433
2712 0.0905794
2713 0.0913031
2714 0.0924066
2715 0.0929405
2716 0.0951829
2717 0.0954558
2718 0.0961598
2719 0.0949377
2720 0.0951157
2721 0.0952462
2722 0.0955191
2723 0.0967767
2724 0.0984971
2725 0.0972988
2726 0.0973898
2727 0.0988293
2728 0.0999288
2729 0.103998
2730 0.109144
2731 0.112739
2732 0.118806
2733 0.124505
2734 0.126197
2735 0.13107
2736 0.133815
2737 0.135559
2738 0.139976
2739 0.142658
2740 0.144149
2741 0.145276
2742 0.145224
2743 0.146225
2744 0.148108
2745 0.147629
2746 0.150575
2747 0.151434
2748 0.152897
2749 0.154649
2750 0.156844
2751 0.159636
2752 0.159565
2753 0.16106
2754 0.162128
2755 0.162215
2756 0.162559
2757 0.163334
2758 0.165193
2759 0.165466
2760 0.164801
2761 0.166284
2762 0.167692
2763 0.167237
2764 0.170299
2765 0.169496
2766 0.170354
2767 0.171703
2768 0.175147
2769 0.175064
2770 0.175037
2771 0.172316
2772 0.174475
2773 0.17421
2774 0.174819
2775 0.175966
2776 0.175919
2777 0.176152
2778 0.177323
2779 0.177888
2780 0.17966
2781 0.180356
2782 0.181736
2783 0.183235
2784 0.185644
2785 0.187174
2786 0.189191
2787 0.189417
2788 0.190892
2789 0.192581
2790 0.192549
2791 0.193024
2792 0.193229
2793 0.193731
2794 0.194728
2795 0.193261
2796 0.193759
2797 0.19425
2798 0.193205
2799 0.194811
2800 0.195341
2801 0.193826
2802 0.196089
2803 0.195717
2804 0.193846
2805 0.194499
2806 0.193573
2807 0.195428
2808 0.194965
2809 0.194246
2810 0.192743
2811 0.193834
2812 0.194756
2813 0.19487
2814 0.194882
2815 0.197469
2816 0.197255
2817 0.198489
2818 0.198465
2819 0.199249
2820 0.201562
2821 0.201709
2822 0.199929
2823 0.199106
2824 0.199794
2825 0.199411
2826 0.198782
2827 0.197362
2828 0.197845
2829 0.198509
2830 0.198572
2831 0.198734
2832 0.198272
2833 0.19811
2834 0.198058
2835 0.196619
2836 0.196773
2837 0.195515
2838 0.194811
2839 0.195044
2840 0.195559
2841 0.197841
2842 0.198268
2843 0.197797
2844 0.198252
2845 0.198264
2846 0.198129
2847 0.197955
2848 0.198149
2849 0.198204
2850 0.199589
2851 0.199909
2852 0.201756
2853 0.203433
2854 0.204588
2855 0.204928
2856 0.205489
2857 0.205292
2858 0.203057
2859 0.201748
2860 0.195321
2861 0.196025
2862 0.195048
2863 0.19489
2864 0.195851
2865 0.196247
2866 0.196662
2867 0.198402
2868 0.199075
2869 0.200732
2870 0.204568
2871 0.207297
2872 0.206356
2873 0.202302
2874 0.201305
2875 0.20032
2876 0.198553
2877 0.197821
2878 0.197085
2879 0.197667
2880 0.198904
2881 0.20136
2882 0.203923
2883 0.20753
2884 0.209595
2885 0.213269
2886 0.214598
2887 0.216381
2888 0.216864
2889 0.218885
2890 0.219391
2891 0.220134
2892 0.218865
2893 0.218149
2894 0.214914
2895 0.215745
2896 0.215966
2897 0.216429
2898 0.216749
2899 0.218034
2900 0.217516
2901 0.21805
2902 0.217801
2903 0.216757
2904 0.216096
2905 0.216219
2906 0.217406
2907 0.218904
2908 0.219577
2909 0.219245
2910 0.21648
2911 0.216607
2912 0.217172
2913 0.21771
2914 0.217702
2915 0.2175
2916 0.216967
2917 0.216717
2918 0.216124
2919 0.216298
2920 0.216666
2921 0.217754
2922 0.218525
2923 0.218707
2924 0.219478
2925 0.218509
2926 0.21614
2927 0.218916
2928 0.219593
2929 0.220281
2930 0.223116
2931 0.224315
2932 0.224821
2933 0.227004
2934 0.227063
2935 0.226363
2936 0.224449
2937 0.225616
2938 0.225576
2939 0.228728
2940 0.229622
2941 0.230196
2942 0.230299
2943 0.23073
2944 0.231944
2945 0.234823
2946 0.241823
2947 0.245849
2948 0.250836
2949 0.254633
2950 0.257346
2951 0.262622
2952 0.263967
2953 0.265454
2954 0.269053
2955 0.273822
2956 0.276939
2957 0.28212
2958 0.289326
2959 0.293356
2960 0.293
2961 0.298719
2962 0.305924
2963 0.312494
2964 0.31737
2965 0.320036
2966 0.326913
2967 0.332078
2968 0.337564
2969 0.345098
2970 0.350057
2971 0.352782
2972 0.358121
2973 0.3646
2974 0.367574
2975 0.369583
2976 0.376919
2977 0.377346
2978 0.380609
2979 0.383959
2980 0.385893
2981 0.390702
2982 0.395938
2983 0.400111
2984 0.403116
2985 0.426352
2986 0.426988
2987 0.430595
2988 0.43281
2989 0.436314
2990 0.44335
2991 0.449998
2992 0.456338
2993 0.463417
2994 0.464414
2995 0.467313
2996 0.471588
2997 0.480981
2998 0.488317
2999 0.496595
3000 0.499862
3001 0.50365
3002 0.51315
3003 0.520716
3004 0.525224
3005 0.532517
3006 0.541032
3007 0.542863
3008 0.55684
3009 0.566921
3010 0.588507
3011 0.59629
3012 0.596895
3013 0.597311
3014 0.612229
3015 0.622155
3016 0.62475
3017 0.635215
3018 0.639106
3019 0.642369
3020 0.649124
3021 0.657307
3022 0.662954
3023 0.669626
3024 0.672351
3025 0.673126
3026 0.676235
3027 0.679213
3028 0.681598
3029 0.687348
3030 0.701629
3031 0.705126
3032 0.709144
3033 0.715282
3034 0.716674
3035 0.748705
3036 0.754372
3037 0.755958
3038 0.754661
3039 0.743761
3040 0.739146
3041 0.734127
3042 0.728096
3043 0.727032
3044 0.725885
3045 0.727522
3046 0.726617
3047 0.726205
3048 0.725909
3049 0.724362
3050 0.724797
3051 0.723275
3052 0.722238
3053 0.717813
3054 0.716864
3055 0.716452
3056 0.713383
3057 0.715246
3058 0.714756
3059 0.718272
3060 0.723836
3061 0.726791
3062 0.727839
3063 0.729646
3064 0.726621
3065 0.73302
3066 0.730314
3067 0.731782
3068 0.726011
3069 0.727692
3070 0.731121
3071 0.730433
3072 0.726692
3073 0.727981
3074 0.731746
3075 0.733435
3076 0.734167
3077 0.731691
3078 0.730726
3079 0.730742
3080 0.726854
3081 0.726913
3082 0.732929
3083 0.73807
3084 0.740423
3085 0.745988
3086 0.746205
3087 0.754783
3088 0.754954
3089 0.750599
3090 0.753324
3091 0.753917
3092 0.753364
3093 0.753395
3094 0.752984
3095 0.752102
3096 0.751501
3097 0.751975
3098 0.752173
3099 0.75213
3100 0.752632
3101 0.754341
3102 0.754392
3103 0.753625
3104 0.755009
3105 0.754894
3106 0.753905
3107 0.749298
3108 0.749575
3109 0.749686
3110 0.752846
3111 0.752608
3112 0.757315
3113 0.758553
3114 0.758604
3115 0.759423
3116 0.758624
3117 0.757168
3118 0.757406
3119 0.758351
3120 0.759585
3121 0.759387
3122 0.758572
3123 0.758556
3124 0.758438
3125 0.758339
3126 0.758117
3127 0.757852
3128 0.758434
3129 0.757489
3130 0.756464
3131 0.759367
3132 0.76123
3133 0.759264
3134 0.75879
3135 0.764267
3136 0.76176
3137 0.76227
3138 0.761938
3139 0.762535
3140 0.761084
3141 0.761689
3142 0.76066
3143 0.760138
3144 0.757924
3145 0.757868
3146 0.756698
3147 0.755859
3148 0.756306
3149 0.755357
3150 0.755555
3151 0.756504
3152 0.753945
3153 0.753403
3154 0.753031
3155 0.752213
3156 0.750615
3157 0.749254
3158 0.747249
3159 0.747154
3160 0.745181
3161 0.744809
3162 0.745695
3163 0.745201
3164 0.744006
3165 0.744374
3166 0.7446
3167 0.744374
3168 0.74452
3169 0.74365
3170 0.74295
3171 0.743587
3172 0.74248
3173 0.742674
3174 0.743097
3175 0.742654
3176 0.744797
3177 0.745691
3178 0.74524
3179 0.745501
3180 0.746075
3181 0.743128
3182 0.744346
3183 0.745359
3184 0.74653
3185 0.758244
3186 0.75457
3187 0.752596
3188 0.754163
3189 0.755389
3190 0.753336
3191 0.754914
3192 0.754673
3193 0.755068
3194 0.757334
3195 0.755527
3196 0.754867
3197 0.752853
3198 0.751449
3199 0.751489
3200 0.750196
3201 0.751841
3202 0.750742
3203 0.750793
3204 0.750394
3205 0.750152
3206 0.75101
3207 0.750006
3208 0.750682
3209 0.750571
3210 0.754265
3211 0.755274
3212 0.755072
3213 0.754764
3214 0.755278
3215 0.75559
3216 0.756844
3217 0.756448
3218 0.756464
3219 0.75633
3220 0.755693
3221 0.753842
3222 0.754202
3223 0.754309
3224 0.75457
3225 0.755926
3226 0.756278
3227 0.757943
3228 0.761048
3229 0.761689
3230 0.765529
3231 0.764932
3232 0.764785
3233 0.764742
3234 0.764631
3235 0.762753
3236 0.76248
3237 0.762013
3238 0.761186
3239 0.761329
3240 0.760981
3241 0.761107
3242 0.760514
3243 0.761614
3244 0.761519
3245 0.761768
3246 0.761487
3247 0.761918
3248 0.762045
3249 0.762001
3250 0.761697
3251 0.760838
3252 0.760755
3253 0.760831
3254 0.759292
3255 0.758145
3256 0.758394
3257 0.758015
3258 0.75943
3259 0.760328
3260 0.758169
3261 0.757762
3262 0.758904
3263 0.760712
3264 0.761376
3265 0.759913
3266 0.758564
3267 0.758766
3268 0.758462
3269 0.759545
3270 0.759877
3271 0.760866
3272 0.760795
3273 0.760957
3274 0.760906
3275 0.760328
3276 0.764896
3277 0.765118
3278 0.76526
3279 0.766059
3280 0.765826
3281 0.765948
3282 0.767728
3283 0.768388
3284 0.769215
3285 0.774918
3286 0.775147
3287 0.774562
3288 0.772952
3289 0.771038
3290 0.77086
3291 0.772434
3292 0.772632
3293 0.774293
3294 0.774333
3295 0.773459
3296 0.772533
3297 0.773194
3298 0.772766
3299 0.772525
3300 0.77143
3301 0.770825
3302 0.771351
3303 0.771121
3304 0.770682
3305 0.771722
3306 0.771612
3307 0.771295
3308 0.770488
3309 0.770429
3310 0.771979
3311 0.772363
3312 0.77249
3313 0.772972
3314 0.772537
3315 0.771786
3316 0.771481
3317 0.770856
3318 0.770168
3319 0.771382
3320 0.770979
3321 0.767874
3322 0.769033
3323 0.768578
3324 0.768246
3325 0.769191
3326 0.768084
3327 0.76891
3328 0.768471
3329 0.767554
3330 0.766727
3331 0.767649
3332 0.767479
3333 0.767586
3334 0.76736
3335 0.761625
3336 0.761863
3337 0.762167
3338 0.762124
3339 0.761147
3340 0.760759
3341 0.760479
3342 0.760229
3343 0.759933
3344 0.760277
3345 0.760051
3346 0.75934
3347 0.759877
3348 0.759664
3349 0.759755
3350 0.759794
3351 0.760111
3352 0.759684
3353 0.759292
3354 0.75934
3355 0.759984
3356 0.760629
3357 0.761135
3358 0.760866
3359 0.760577
3360 0.763425
3361 0.762547
3362 0.76316
3363 0.762729
3364 0.762258
3365 0.761562
3366 0.759992
3367 0.759264
3368 0.757267
3369 0.756322
3370 0.755487
3371 0.75493
3372 0.754198
3373 0.754016
3374 0.754143
3375 0.753617
3376 0.753466
3377 0.753122
3378 0.753546
3379 0.75353
3380 0.752794
3381 0.752984
3382 0.752802
3383 0.753617
3384 0.753621
3385 0.752755
3386 0.751703
3387 0.751805
3388 0.751446
3389 0.751786
3390 0.751896
3391 0.751406
3392 0.750844
3393 0.750251
3394 0.750101
3395 0.750045
3396 0.749717
3397 0.749512
3398 0.750014
3399 0.750817
3400 0.751805
3401 0.753035
3402 0.75294
3403 0.753241
3404 0.753217
3405 0.75296
3406 0.752869
3407 0.752763
3408 0.752442
3409 0.751916
3410 0.753047
3411 0.752414
3412 0.75143
3413 0.750753
3414 0.750085
3415 0.750002
3416 0.74984
3417 0.749832
3418 0.749832
3419 0.749464
3420 0.749381
3421 0.74825
3422 0.748396
3423 0.748297
3424 0.748234
3425 0.748586
3426 0.747819
3427 0.747542
3428 0.748586
3429 0.748677
3430 0.748452
3431 0.748242
3432 0.750144
3433 0.749986
3434 0.753886
3435 0.767835
3436 0.766802
3437 0.767226
3438 0.767249
3439 0.766965
3440 0.767344
3441 0.768946
3442 0.769049
3443 0.769464
3444 0.769618
3445 0.769417
3446 0.770243
3447 0.77071
3448 0.770619
3449 0.770726
3450 0.771968
3451 0.773277
3452 0.773071
3453 0.773296
3454 0.772933
3455 0.772525
3456 0.772786
3457 0.773016
3458 0.772695
3459 0.772379
3460 0.783706
3461 0.783116
3462 0.782851
3463 0.782531
3464 0.782322
3465 0.782053
3466 0.781859
3467 0.781728
3468 0.781206
3469 0.782001
3470 0.781325
3471 0.781447
3472 0.780265
3473 0.779846
3474 0.779854
3475 0.779537
3476 0.77968
3477 0.779082
3478 0.779015
3479 0.778703
3480 0.778988
3481 0.778236
3482 0.778181
3483 0.778272
3484 0.778208
3485 0.792569
3486 0.791165
3487 0.790943
3488 0.790548
3489 0.78893
3490 0.789753
3491 0.791576
3492 0.793198
3493 0.795578
3494 0.79915
3495 0.801835
3496 0.800261
3497 0.799537
3498 0.798398
3499 0.797856
3500 0.79665
3501 0.799537
3502 0.799162
3503 0.802049
3504 0.800728
3505 0.800119
3506 0.798995
3507 0.801364
3508 0.798624
3509 0.79803
3510 0.801044
3511 0.799707
3512 0.796804
3513 0.794333
3514 0.793728
3515 0.793886
3516 0.789464
3517 0.788867
3518 0.788096
3519 0.789152
3520 0.78717
3521 0.786767
3522 0.786834
3523 0.786055
3524 0.785909
3525 0.785505
3526 0.786561
3527 0.786779
3528 0.786308
3529 0.787012
3530 0.78706
3531 0.786055
3532 0.785877
3533 0.785719
3534 0.785466
3535 0.785106
3536 0.785596
3537 0.785359
3538 0.785157
3539 0.785557
3540 0.785106
3541 0.784651
3542 0.78477
3543 0.784505
3544 0.785141
3545 0.785363
3546 0.783128
3547 0.783002
3548 0.78244
3549 0.782227
3550 0.782068
3551 0.781827
3552 0.781598
3553 0.781313
3554 0.78195
3555 0.78155
3556 0.781281
3557 0.781546
3558 0.781697
3559 0.78123
3560 0.78121
3561 0.780921
3562 0.780799
3563 0.781103
3564 0.780842
3565 0.780933
3566 0.780921
3567 0.781764
3568 0.779945
3569 0.778078
3570 0.777682
3571 0.778303
3572 0.779272
3573 0.779383
3574 0.77915
3575 0.779181
3576 0.778655
3577 0.778901
3578 0.779458
3579 0.780506
3580 0.779715
3581 0.780071
3582 0.780008
3583 0.779276
3584 0.778999
3585 0.778944
3586 0.778995
3587 0.778845
3588 0.77881
3589 0.777556
3590 0.777916
3591 0.777837
3592 0.777429
3593 0.777975
3594 0.771303
3595 0.770318
3596 0.770852
3597 0.769614
3598 0.769919
3599 0.77033
3600 0.770148
3601 0.769041
3602 0.769567
3603 0.769614
3604 0.769318
3605 0.770496
3606 0.771355
3607 0.771794
3608 0.773
3609 0.771987
3610 0.772102
3611 0.772937
3612 0.772051
3613 0.773079
3614 0.773194
3615 0.7733
3616 0.773708
3617 0.773581
3618 0.774321
3619 0.78055
3620 0.779897
3621 0.781072
3622 0.780834
3623 0.781515
3624 0.778651
3625 0.777718
3626 0.777623
3627 0.777702
3628 0.779557
3629 0.780985
3630 0.781701
3631 0.781776
3632 0.781871
3633 0.782175
3634 0.782072
3635 0.781815
3636 0.781606
3637 0.782998
3638 0.786083
3639 0.787475
3640 0.787886
3641 0.787997
3642 0.788293
3643 0.788673
3644 0.795286
3645 0.794811
3646 0.796401
3647 0.79296
3648 0.793146
3649 0.792976
3650 0.793633
3651 0.793277
3652 0.793945
3653 0.793518
3654 0.793186
3655 0.793459
3656 0.793601
3657 0.793898
3658 0.794099
3659 0.795756
3660 0.795887
3661 0.796654
3662 0.796848
3663 0.797868
3664 0.797781
3665 0.797951
3666 0.798248
3667 0.79932
3668 0.799964
3669 0.796425
3670 0.795598
3671 0.795207
3672 0.792019
3673 0.790809
3674 0.791252
3675 0.790801
3676 0.790235
3677 0.790568
3678 0.790235
3679 0.789595
3680 0.789124
3681 0.789171
3682 0.790168
3683 0.789674
3684 0.790338
3685 0.79003
3686 0.790172
3687 0.790484
3688 0.790417
3689 0.789852
3690 0.789567
3691 0.789381
3692 0.788661
3693 0.788558
3694 0.787665
3695 0.786957
3696 0.787629
3697 0.787763
3698 0.787961
3699 0.787495
3700 0.787048
3701 0.798106
3702 0.797821
3703 0.797228
3704 0.799529
3705 0.797417
3706 0.796982
3707 0.79663
3708 0.796441
3709 0.796108
3710 0.795495
3711 0.794748
3712 0.794839
3713 0.794716
3714 0.794629
3715 0.783472
3716 0.794388
3717 0.794064
3718 0.79423
3719 0.790081
3720 0.789998
3721 0.778375
3722 0.777556
3723 0.778311
3724 0.778117
3725 0.788341
3726 0.777287
3727 0.776785
3728 0.78702
3729 0.776247
3730 0.78698
3731 0.773763
3732 0.773542
3733 0.774111
3734 0.785466
3735 0.785533
3736 0.784655
3737 0.784445
3738 0.785066
3739 0.785272
3740 0.785596
3741 0.774384
3742 0.774859
3743 0.77438
3744 0.77264
3745 0.784224
3746 0.783512
3747 0.772553
3748 0.783615
3749 0.772138
3750 0.774827
3751 0.774194
3752 0.784948
3753 0.784742
3754 0.784034
3755 0.783646
3756 0.772937
3757 0.772343
3758 0.782405
3759 0.782416
3760 0.781776
3761 0.781495
3762 0.78108
3763 0.780344
3764 0.78053
3765 0.778715
3766 0.777591
3767 0.776156
3768 0.775661
3769 0.771248
3770 0.770445
3771 0.770904
3772 0.770318
3773 0.770781
3774 0.770049
3775 0.770575
3776 0.77018
3777 0.770235
3778 0.773352
3779 0.773435
3780 0.773237
3781 0.773012
3782 0.773585
3783 0.773107
3784 0.773047
3785 0.77349
3786 0.773352
3787 0.773142
3788 0.772901
3789 0.772585
3790 0.772774
3791 0.772719
3792 0.772715
3793 0.772822
3794 0.773205
3795 0.772592
3796 0.772565
3797 0.773245
3798 0.772644
3799 0.772122
3800 0.770995
3801 0.771287
3802 0.771343
3803 0.771133
3804 0.771034
3805 0.770856
3806 0.770682
3807 0.770465
3808 0.772846
3809 0.783275
3810 0.787578
3811 0.795903
3812 0.802357
3813 0.805624
3814 0.806051
3815 0.83858
3816 0.85285
3817 0.88418
3818 0.893878
3819 0.90441
3820 0.904619
3821 0.905054
3822 0.905343
3823 0.910113
3824 0.910844
3825 0.910801
3826 0.912802
3827 0.917556
3828 0.920249
3829 0.920277
3830 0.92104
3831 0.921159
3832 0.922278
3833 0.922583
3834 0.922931
3835 0.92261
3836 0.922622
3837 0.920945
3838 0.920763
3839 0.923919
3840 0.924074
3841 0.924113
3842 0.924244
3843 0.925644
3844 0.923468
3845 0.923164
3846 0.923666
3847 0.923987
3848 0.92403
3849 0.92424
3850 0.924291
3851 0.923544
3852 0.923196
3853 0.923504
3854 0.923381
3855 0.923797
3856 0.924224
3857 0.923994
3858 0.924125
3859 0.92424
3860 0.920696
3861 0.920376
3862 0.920617
3863 0.920308
3864 0.920388
3865 0.924461
3866 0.920289
3867 0.920253
3868 0.920241
3869 0.923662
3870 0.923318
3871 0.923251
3872 0.923627
3873 0.923219
3874 0.923397
3875 0.923401
3876 0.923524
3877 0.923271
3878 0.923472
3879 0.923872
3880 0.923777
3881 0.923405
3882 0.922211
3883 0.922231
3884 0.922329
3885 0.921942
3886 0.922761
3887 0.922974
3888 0.922776
3889 0.922341
3890 0.922064
3891 0.922144
3892 0.922183
3893 0.922381
3894 0.924845
3895 0.925391
3896 0.925122
3897 0.924774
3898 0.921839
3899 0.922207
3900 0.922614
3901 0.922662
3902 0.921776
3903 0.92214
3904 0.92142
3905 0.919399
3906 0.919407
3907 0.918667
3908 0.918129
3909 0.918727
3910 0.916694
3911 0.913807
3912 0.917065
3913 0.914364
3914 0.911327
3915 0.910963
3916 0.907459
3917 0.907427
3918 0.90721
3919 0.905311
3920 0.904896
3921 0.905149
3922 0.906209
3923 0.905288
3924 0.907237
3925 0.907004
3926 0.906162
3927 0.905932
3928 0.906514
3929 0.906209
3930 0.905264
3931 0.906043
3932 0.909397
3933 0.906443
3934 0.911794
3935 0.916781
3936 0.917758
3937 0.917726
3938 0.918734
3939 0.91845
3940 0.919652
3941 0.919082
3942 0.919941
3943 0.919747
3944 0.919521
3945 0.91979
3946 0.919363
3947 0.919134
3948 0.919395
3949 0.919134
3950 0.919055
3951 0.920134
3952 0.920119
3953 0.920218
3954 0.920067
3955 0.920273
3956 0.920494
3957 0.920443
3958 0.920692
3959 0.920641
3960 0.920463
3961 0.917955
3962 0.918873
3963 0.915701
3964 0.919624
3965 0.919154
3966 0.920253
3967 0.91934
3968 0.921384
3969 0.923433
3970 0.923235
3971 0.92329
3972 0.923457
3973 0.923484
3974 0.922942
3975 0.923832
3976 0.923797
3977 0.924283
3978 0.923615
3979 0.923575
3980 0.922832
3981 0.923389
3982 0.922899
3983 0.921349
3984 0.921163
3985 0.921115
3986 0.920933
3987 0.920834
3988 0.920811
3989 0.920815
3990 0.920854
3991 0.920854
3992 0.922816
3993 0.922792
3994 0.921364
3995 0.921084
3996 0.921234
3997 0.921444
3998 0.919525
3999 0.917544
4000 0.913451
4001 0.912573
4002 0.911825
4003 0.916081
4004 0.916674
4005 0.919763
4006 0.920834
4007 0.922452
4008 0.921863
4009 0.921839
4010 0.921879
4011 0.92172
4012 0.922452
4013 0.922377
4014 0.922674
4015 0.922654
4016 0.923255
4017 0.923144
4018 0.923148
4019 0.923184
4020 0.923105
4021 0.923445
4022 0.923619
4023 0.923231
4024 0.923536
4025 0.923472
4026 0.923429
4027 0.923449
4028 0.923927
4029 0.923698
4030 0.923271
4031 0.923385
4032 0.923449
4033 0.9235
4034 0.922986
4035 0.92189
4036 0.922357
4037 0.921376
4038 0.920736
4039 0.923113
4040 0.923037
4041 0.922389
4042 0.915132
4043 0.911362
4044 0.903876
4045 0.89981
4046 0.897564
4047 0.900957
4048 0.907198
4049 0.907237
4050 0.906051
4051 0.908823
4052 0.907218
4053 0.906727
4054 0.90526
4055 0.907514
4056 0.907269
4057 0.906893
4058 0.907463
4059 0.909614
4060 0.91177
4061 0.912549
4062 0.912007
4063 0.913902
4064 0.913577
4065 0.917896
4066 0.918165
4067 0.92176
4068 0.921594
4069 0.920716
4070 0.920823
4071 0.921309
4072 0.921645
4073 0.92191
4074 0.921645
4075 0.922025
4076 0.921693
4077 0.922191
4078 0.921752
4079 0.922009
4080 0.921926
4081 0.921831
4082 0.921835
4083 0.921776
4084 0.921906
4085 0.922128
4086 0.922195
4087 0.922195
4088 0.922128
4089 0.921871
4090 0.921815
4091 0.921803
4092 0.921851
4093 0.921819
4094 0.919699
4095 0.919628
4096 0.919506
4097 0.919173
4098 0.919608
4099 0.918976
4100 0.919296
4101 0.919565
4102 0.919146
4103 0.91705
4104 0.916393
4105 0.919379
4106 0.919707
4107 0.919806
4108 0.919636
4109 0.919727
4110 0.91962
4111 0.920008
4112 0.920134
4113 0.92057
4114 0.920637
4115 0.920332
4116 0.919866
4117 0.919996
4118 0.914617
4119 0.920439
4120 0.920787
4121 0.920989
4122 0.920949
4123 0.921214
4124 0.921392
4125 0.92161
4126 0.921447
4127 0.921843
4128 0.922381
4129 0.922294
4130 0.921724
4131 0.921693
4132 0.921491
4133 0.922151
4134 0.921645
4135 0.921752
4136 0.921906
4137 0.922725
4138 0.9232
4139 0.920668
4140 0.921163
4141 0.92176
4142 0.921689
4143 0.921807
4144 0.918699
4145 0.918707
4146 0.918596
4147 0.920771
4148 0.920767
4149 0.919462
4150 0.919367
4151 0.919486
4152 0.919233
4153 0.918485
4154 0.919043
4155 0.919019
4156 0.918833
4157 0.915503
4158 0.918746
4159 0.91962
4160 0.91892
4161 0.920597
4162 0.920653
4163 0.92036
4164 0.920245
4165 0.919395
4166 0.921293
4167 0.920945
4168 0.919933
4169 0.918026
4170 0.919007
4171 0.920704
4172 0.919118
4173 0.917991
4174 0.919324
4175 0.915808
4176 0.913249
4177 0.914036
4178 0.911307
4179 0.915697
4180 0.920514
4181 0.923326
4182 0.922322
4183 0.927763
4184 0.924718
4185 0.923939
4186 0.922851
4187 0.921827
4188 0.92316
4189 0.924746
4190 0.925727
4191 0.926672
4192 0.93266
4193 0.929421
4194 0.928242
4195 0.933122
4196 0.93758
4197 0.939846
4198 0.940395
4199 0.939628
4200 0.94104
4201 0.934594
4202 0.935954
4203 0.935962
4204 0.932937
4205 0.933126
4206 0.934008
4207 0.934566
4208 0.934546
4209 0.932312
4210 0.932454
4211 0.932078
4212 0.935519
4213 0.933886
4214 0.925707
4215 0.928404
4216 0.925426
4217 0.925426
4218 0.922911
4219 0.923472
4220 0.924797
4221 0.926909
4222 0.920423
4223 0.919557
4224 0.919818
4225 0.923334
4226 0.928187
4227 0.930184
4228 0.926605
4229 0.927653
4230 0.929203
4231 0.932699
4232 0.934012
4233 0.936923
4234 0.940894
4235 0.942871
4236 0.939605
4237 0.944473
4238 0.950591
4239 0.945098
4240 0.946051
4241 0.952411
4242 0.940407
4243 0.935317
4244 0.931054
4245 0.927491
4246 0.927071
4247 0.927186
4248 0.913146
4249 0.908871
4250 0.905098
4251 0.896911
4252 0.89406
4253 0.890575
4254 0.863714
4255 0.857085
4256 0.850757
4257 0.853209
4258 0.851422
4259 0.850726
4260 0.816251
4261 0.818734
4262 0.820241
4263 0.826676
4264 0.839217
4265 0.837884
4266 0.824295
4267 0.826407
4268 0.825434
4269 0.827945
4270 0.836251
4271 0.842215
4272 0.855887
4273 0.860004
4274 0.86231
4275 0.866672
4276 0.866537
4277 0.868321
4278 0.873111
4279 0.876654
4280 0.874641
4281 0.873902
4282 0.874954
4283 0.87491
4284 0.875135
4285 0.874997
4286 0.875357
4287 0.869808
4288 0.878683
4289 0.884465
4290 0.890492
4291 0.891275
4292 0.866336
4293 0.871679
4294 0.854261
4295 0.855567
4296 0.859102
4297 0.846553
4298 0.860937
4299 0.861222
4300 0.84176
4301 0.842927
4302 0.84284
4303 0.84242
4304 0.841459
4305 0.837864
4306 0.841436
4307 0.843801
4308 0.848337
4309 0.857204
4310 0.853285
4311 0.862416
4312 0.858378
4313 0.861412
4314 0.862159
4315 0.863287
4316 0.865806
4317 0.862484
4318 0.840838
4319 0.825252
4320 0.824536
4321 0.827854
4322 0.81245
4323 0.80159
4324 0.797576
4325 0.794886
4326 0.788562
4327 0.777572
4328 0.775986
4329 0.772217
4330 0.769488
4331 0.774902
4332 0.766593
4333 0.773811
4334 0.775033
4335 0.772743
4336 0.767728
4337 0.77137
4338 0.771956
4339 0.769405
4340 0.772794
4341 0.773186
4342 0.769385
4343 0.769385
4344 0.760451
4345 0.764987
4346 0.766166
4347 0.76331
4348 0.764422
4349 0.76651
4350 0.766431
4351 0.770299
4352 0.770631
4353 0.775021
4354 0.776887
4355 0.776342
4356 0.771402
4357 0.768159
4358 0.769852
4359 0.765173
4360 0.762112
4361 0.758458
4362 0.755614
4363 0.749591
4364 0.745224
4365 0.746348
4366 0.739106
4367 0.737801
4368 0.733427
4369 0.727162
4370 0.72649
4371 0.727356
4372 0.721847
4373 0.719347
4374 0.7239
4375 0.714341
4376 0.713842
4377 0.713194
4378 0.704896
4379 0.697196
4380 0.700949
4381 0.702381
4382 0.699731
4383 0.696943
4384 0.697097
4385 0.698671
4386 0.707487
4387 0.711394
4388 0.715867
4389 0.717805
4390 0.722737
4391 0.721649
4392 0.716456
4393 0.704967
4394 0.69557
4395 0.684797
4396 0.682262
4397 0.67809
4398 0.67646
4399 0.669599
4400 0.666403
4401 0.660759
4402 0.655226
4403 0.651588
4404 0.645572
4405 0.63247
4406 0.630722
4407 0.625632
4408 0.612802
4409 0.610722
4410 0.612094
4411 0.606276
4412 0.604121
4413 0.616037
4414 0.616215
4415 0.613561
4416 0.627103
4417 0.637006
4418 0.636903
4419 0.63858
4420 0.653138
4421 0.651335
4422 0.649211
4423 0.6554
4424 0.65769
4425 0.660047
4426 0.657239
4427 0.666439
4428 0.651829
4429 0.645616
4430 0.634835
4431 0.630231
4432 0.635341
4433 0.637588
4434 0.621305
4435 0.618636
4436 0.614578
4437 0.608123
4438 0.607862
4439 0.603057
4440 0.608321
4441 0.60407
4442 0.600522
4443 0.607633
4444 0.604829
4445 0.619605
4446 0.615238
4447 0.616761
4448 0.621934
4449 0.629338
4450 0.635393
4451 0.63544
4452 0.632585
4453 0.637928
4454 0.63699
4455 0.631283
4456 0.633435
4457 0.636591
4458 0.641048
4459 0.629567
4460 0.633724
4461 0.627143
4462 0.62615
4463 0.625201
4464 0.62702
4465 0.630995
4466 0.635183
4467 0.641198
4468 0.640823
4469 0.639189
4470 0.650908
4471 0.650504
4472 0.657437
4473 0.661432
4474 0.667063
4475 0.659719
4476 0.655887
4477 0.661447
4478 0.645762
4479 0.64617
4480 0.66089
4481 0.65593
4482 0.633542
4483 0.6316
4484 0.630117
4485 0.628598
4486 0.612209
4487 0.613016
4488 0.615994
4489 0.611216
4490 0.609618
4491 0.611303
4492 0.612826
4493 0.601709
4494 0.593024
4495 0.600451
4496 0.603801
4497 0.606217
4498 0.621277
4499 0.612909
4500 0.613463
4501 0.621143
4502 0.623737
4503 0.647139
4504 0.646039
4505 0.648946
4506 0.677837
4507 0.675037
4508 0.678058
4509 0.719427
4510 0.726126
4511 0.729709
4512 0.745723
4513 0.747665
4514 0.753522
4515 0.768918
4516 0.780629
4517 0.788159
4518 0.790639
4519 0.782579
4520 0.78751
4521 0.788875
4522 0.792149
4523 0.794147
4524 0.819585
4525 0.83067
4526 0.829183
4527 0.830805
4528 0.862385
4529 0.869856
4530 0.886779
4531 0.892913
4532 0.891687
4533 0.893482
4534 0.89406
4535 0.893387
4536 0.880332
4537 0.87773
4538 0.878355
4539 0.876535
4540 0.876658
4541 0.876128
4542 0.879877
4543 0.876725
4544 0.868309
4545 0.864849
4546 0.870006
4547 0.867997
4548 0.855555
4549 0.849191
4550 0.847154
4551 0.837228
4552 0.84068
4553 0.844342
4554 0.841685
4555 0.83856
4556 0.837271
4557 0.769527
4558 0.764801
4559 0.763346
4560 0.753937
4561 0.758307
4562 0.753273
4563 0.744006
4564 0.701357
4565 0.705964
4566 0.702808
4567 0.697939
4568 0.698189
4569 0.691216
4570 0.661151
4571 0.674499
4572 0.667325
4573 0.682622
4574 0.683615
4575 0.691762
4576 0.681076
4577 0.682677
4578 0.670045
4579 0.671695
4580 0.668954
4581 0.650263
4582 0.629472
4583 0.631046
4584 0.620728
4585 0.617433
4586 0.620807
4587 0.620562
4588 0.599253
4589 0.608305
4590 0.605031
4591 0.620538
4592 0.623235
4593 0.621396
4594 0.626565
4595 0.630979
4596 0.634526
4597 0.637449
4598 0.633336
4599 0.634629
4600 0.638185
4601 0.636528
4602 0.642001
4603 0.643904
4604 0.643639
4605 0.646917
4606 0.63663
4607 0.634617
4608 0.635159
4609 0.628218
4610 0.626743
4611 0.625501
4612 0.619292
4613 0.616733
4614 0.613004
4615 0.606447
4616 0.603164
4617 0.601119
4618 0.591726
4619 0.576551
4620 0.571169
4621 0.559375
4622 0.557295
4623 0.506569
4624 0.498181
4625 0.49137
4626 0.489927
4627 0.485031
4628 0.479035
4629 0.471798
4630 0.471845
4631 0.468539
4632 0.467708
4633 0.469765
4634 0.472865
4635 0.483666
4636 0.487728
4637 0.48488
4638 0.514677
4639 0.51701
4640 0.526229
4641 0.522685
4642 0.524208
4643 0.520712
4644 0.522401
4645 0.531224
4646 0.53224
4647 0.534139
4648 0.537216
4649 0.541966
4650 0.550073
4651 0.55349
4652 0.545189
4653 0.552387
4654 0.563362
4655 0.567684
4656 0.569472
4657 0.571853
4658 0.561254
4659 0.547368
4660 0.551402
4661 0.55137
4662 0.552142
4663 0.546114
4664 0.543998
4665 0.55366
4666 0.544778
4667 0.54931
4668 0.542804
4669 0.535879
4670 0.514902
4671 0.513182
4672 0.507558
4673 0.504623
4674 0.500138
4675 0.466933
4676 0.458545
4677 0.441934
4678 0.431105
4679 0.407234
4680 0.3972
4681 0.39084
4682 0.38859
4683 0.388139
4684 0.369527
4685 0.361697
4686 0.370852
4687 0.363603
4688 0.36861
4689 0.361159
4690 0.366031
4691 0.368681
4692 0.372648
4693 0.368942
4694 0.362151
4695 0.3614
4696 0.370449
4697 0.366889
4698 0.374356
4699 0.376448
4700 0.379442
4701 0.373162
4702 0.376456
4703 0.373178
4704 0.377026
4705 0.373087
4706 0.37822
4707 0.380087
4708 0.392403
4709 0.396971
4710 0.404457
4711 0.408056
4712 0.415962
4713 0.435476
4714 0.441835
4715 0.445489
4716 0.4561
4717 0.474281
4718 0.481171
4719 0.518746
4720 0.522851
4721 0.525592
4722 0.522104
4723 0.52666
4724 0.53298
4725 0.536895
4726 0.542543
4727 0.542302
4728 0.554787
4729 0.531422
4730 0.523093
4731 0.524983
4732 0.531105
4733 0.525252
4734 0.52189
4735 0.512644
4736 0.507004
4737 0.505928
4738 0.497983
4739 0.499019
4740 0.493973
4741 0.489773
4742 0.484085
4743 0.478145
4744 0.46946
4745 0.463168
4746 0.459925
4747 0.456227
4748 0.446478
4749 0.431734
4750 0.425153
4751 0.425474
4752 0.414309
4753 0.402875
4754 0.399953
4755 0.396891
4756 0.386257
4757 0.381099
4758 0.364651
4759 0.351623
4760 0.346138
4761 0.333368
4762 0.324433
4763 0.319684
4764 0.310069
4765 0.298046
4766 0.294317
4767 0.282041
4768 0.271829
4769 0.255076
4770 0.247415
4771 0.240285
4772 0.237077
4773 0.230662
4774 0.220447
4775 0.218208
4776 0.202021
4777 0.190053
4778 0.184928
4779 0.176002
4780 0.165102
4781 0.160597
4782 0.149452
4783 0.143702
4784 0.140083
4785 0.132513
4786 0.124414
4787 0.119375
4788 0.110038
4789 0.10246
4790 0.0977734
4791 0.0892861
4792 0.0818549
4793 0.0767095
4794 0.0677516
4795 0.0621989
4796 0.0593791
4797 0.0547321
4798 0.0505557
4799 0.048594
4800 0.045086
4801 0.0419102
4802 0.0400554
4803 0.0399881
4804 0.0399644
4805 0.0399763
4806 0.0399763
4807 0.04
4808 0.0400079
4809 0.0400316
4810 0.0400712
4811 0.040178
4812 0.0401938
4813 0.0401938
4814 0.0402254
4815 0.0402136
4816 0.0403718
4817 0.0403757
4818 0.0404706
4819 0.0407198
4820 0.0407158
4821 0.0407198
4822 0.0406961
4823 0.0406961
4824 0.0407435
4825 0.0407554
4826 0.0407475
4827 0.0407277
4828 0.0407633
4829 0.0407593
4830 0.0407633
4831 0.040791
4832 0.0408108
4833 0.0412735
4834 0.0412853
4835 0.0413209
4836 0.041052
4837 0.0410639
4838 0.0410045
4839 0.0409531
4840 0.0409769
4841 0.0411351
4842 0.0412853
4843 0.0412814
4844 0.0413012
4845 0.0415661
4846 0.0416927
4847 0.0418074
4848 0.0418549
4849 0.0418667
4850 0.0418786
4851 0.0420249
4852 0.0420368
4853 0.0417955
4854 0.0420724
4855 0.0422029
4856 0.0420763
4857 0.0421515
4858 0.0419142
4859 0.0417402
4860 0.0419775
4861 0.0420526
4862 0.0422148
4863 0.0421554
4864 0.0421871
4865 0.0415345
4866 0.0415582
4867 0.0414317
4868 0.0412023
4869 0.0412893
4870 0.0411667
4871 0.0412458
4872 0.0409373
4873 0.0409966
4874 0.0409966
4875 0.0411588
4876 0.0411786
4877 0.0412221
4878 0.0412774
4879 0.0412458
4880 0.0411865
4881 0.0411311
4882 0.0411074
4883 0.0409294
4884 0.0409334
4885 0.0409334
4886 0.0409927
4887 0.0409254
4888 0.0409254
4889 0.0409848
4890 0.0409254
4891 0.0410916
4892 0.0410916
4893 0.0411351
4894 0.040961
4895 0.0409215
4896 0.0409492
4897 0.0409492
4898 0.0409966
4899 0.0414673
4900 0.0416808
4901 0.0417125
4902 0.0419379
4903 0.042104
4904 0.0429781
4905 0.043508
4906 0.0438007
4907 0.0432865
4908 0.0438165
4909 0.0437137
4910 0.0433063
4911 0.0424283
4912 0.0421515
4913 0.0415029
4914 0.0410362
4915 0.0408108
4916 0.04246
4917 0.0499229
4918 0.0537038
4919 0.0620368
4920 0.0673522
4921 0.0708562
4922 0.0757287
4923 0.0774174
4924 0.0791576
4925 0.082452
4926 0.0881392
4927 0.0938145
4928 0.104212
4929 0.114293
4930 0.11898
4931 0.128645
4932 0.135147
4933 0.137698
4934 0.141416
4935 0.144137
4936 0.144706
4937 0.147419
4938 0.150702
4939 0.152921
4940 0.154036
4941 0.156199
4942 0.157489
4943 0.160617
4944 0.163366
4945 0.163579
4946 0.1674
4947 0.169868
4948 0.17279
4949 0.17315
4950 0.16961
4951 0.169875
4952 0.165719
4953 0.162211
4954 0.159743
4955 0.156207
4956 0.152205
4957 0.151861
4958 0.149349
4959 0.146783
4960 0.144718
4961 0.142579
4962 0.139407
4963 0.139225
4964 0.133767
4965 0.125881
4966 0.123354
4967 0.12125
4968 0.121357
4969 0.122191
4970 0.122812
4971 0.124394
4972 0.126047
4973 0.130034
4974 0.133929
4975 0.137382
4976 0.141364
4977 0.145066
4978 0.147016
4979 0.148899
4980 0.146644
4981 0.146739
4982 0.144722
4983 0.143263
4984 0.143777
4985 0.143848
4986 0.145446
4987 0.14734
4988 0.148539
4989 0.149571
4990 0.150801
4991 0.153241
4992 0.154392
4993 0.155713
4994 0.155717
4995 0.161171
4996 0.15881
4997 0.162238
4998 0.163737
4999 0.16422
5000 0.164141
5001 0.162978
5002 0.16284
5003 0.161879
5004 0.157497
5005 0.154906
5006 0.152644
5007 0.151216
5008 0.148827
5009 0.148788
5010 0.146692
5011 0.144825
5012 0.138454
5013 0.136033
5014 0.132466
5015 0.120293
5016 0.113174
5017 0.109041
5018 0.100593
5019 0.0941349
5020 0.0910026
5021 0.0866917
5022 0.0824679
5023 0.081317
5024 0.0780858
5025 0.0738343
5026 0.0720308
5027 0.0693296
5028 0.0663555
5029 0.0644611
5030 0.0617441
5031 0.0595729
5032 0.0582559
5033 0.0573225
5034 0.0581175
5035 0.0583073
5036 0.0588768
5037 0.0595966
5038 0.0599446
5039 0.0607435
5040 0.0610085
5041 0.0611746
5042 0.0615108
5043 0.0619775
5044 0.0618509
5045 0.0636662
5046 0.0653352
5047 0.0658968
5048 0.0716314
5049 0.0805893
5050 0.0850425
5051 0.0919359
5052 0.0949733
5053 0.100067
5054 0.109962
5055 0.119723
5056 0.124354
5057 0.132976
5058 0.14547
5059 0.150006
5060 0.160435
5061 0.173518
5062 0.190718
5063 0.201119
5064 0.2154
5065 0.219676
5066 0.23334
5067 0.237675
5068 0.240601
5069 0.250611
5070 0.260929
5071 0.267491
5072 0.282341
5073 0.292707
5074 0.302488
5075 0.314922
5076 0.326886
5077 0.339312
5078 0.345921
5079 0.350963
5080 0.350338
5081 0.353099
5082 0.356757
5083 0.347447
5084 0.37056
5085 0.360811
5086 0.357686
5087 0.356619
5088 0.331742
5089 0.340609
5090 0.321131
5091 0.312335
5092 0.303607
5093 0.300692
5094 0.297678
5095 0.296852
5096 0.292225
5097 0.293071
5098 0.290172
5099 0.279684
5100 0.267926
5101 0.259984
5102 0.247613
5103 0.23372
5104 0.231153
5105 0.21981
5106 0.208353
5107 0.197793
5108 0.181218
5109 0.17001
5110 0.170057
5111 0.158469
5112 0.153609
5113 0.152458
5114 0.143132
5115 0.137402
5116 0.1333
5117 0.123662
5118 0.115211
5119 0.111228
5120 0.10259
5121 0.0953609
5122 0.0917145
5123 0.0850623
5124 0.0741665
5125 0.0707534
5126 0.0628792
5127 0.056401
5128 0.0535179
5129 0.0476093
5130 0.0418588
5131 0.0416848
5132 0.041487
5133 0.0415424
5134 0.041665
5135 0.0418865
5136 0.0419972
5137 0.0419854
5138 0.0419814
5139 0.0420051
5140 0.0419577
5141 0.0419577
5142 0.0419933
5143 0.0419972
5144 0.0419972
5145 0.0419972
5146 0.0419933
5147 0.0420131
5148 0.0419972
5149 0.0419775
5150 0.0420249
5151 0.0420051
5152 0.042108
5153 0.0420921
5154 0.0421357
5155 0.0421159
5156 0.0421159
5157 0.0420882
5158 0.0419933
5159 0.0419695
5160 0.0419735
5161 0.0419735
5162 0.0419972
5163 0.0419972
5164 0.0419972
5165 0.042021
5166 0.0420051
5167 0.0420091
5168 0.0420328
5169 0.0420526
5170 0.0420526
5171 0.0420526
5172 0.0420249
5173 0.0420724
5174 0.0420724
5175 0.0420803
5176 0.042104
5177 0.0421317
5178 0.042108
5179 0.042108
5180 0.0421277
5181 0.0421277
5182 0.0421515
5183 0.0420566
5184 0.0420566
5185 0.0420566
5186 0.0420566
5187 0.0420645
5188 0.0420684
5189 0.0420407
5190 0.0420684
5191 0.0420684
5192 0.0420882
5193 0.0420605
5194 0.0420249
5195 0.0420486
5196 0.0420012
5197 0.0420289
5198 0.0420605
5199 0.0420882
5200 0.0420882
5201 0.0420882
5202 0.0420921
5203 0.0420921
5204 0.042104
5205 0.0420842
5206 0.0420961
5207 0.0421594
5208 0.0421317
5209 0.0420684
5210 0.0420842
5211 0.0420882
5212 0.0421119
5213 0.0421119
5214 0.0421436
5215 0.0421436
5216 0.0421436
5217 0.0421436
5218 0.0421436
5219 0.042021
5220 0.0420289
5221 0.0420289
5222 0.0420566
5223 0.0420605
5224 0.0420645
5225 0.0420684
5226 0.0420882
5227 0.0421159
5228 0.0420882
5229 0.0420882
5230 0.0420882
5231 0.0421119
5232 0.0421001
5233 0.0421396
5234 0.0421317
5235 0.0421436
5236 0.0421594
5237 0.042195
5238 0.042195
5239 0.042195
5240 0.0421989
5241 0.0421989
5242 0.0421594
5243 0.0421594
5244 0.0421159
5245 0.0421277
5246 0.0421436
5247 0.0421238
5248 0.0421238
5249 0.0421238
5250 0.0420961
5251 0.0421001
5252 0.0421001
5253 0.0420763
5254 0.0420961
5255 0.0421119
5256 0.0421396
5257 0.0426893
5258 0.0459877
5259 0.0537987
5260 0.0617283
5261 0.0658454
5262 0.0740597
5263 0.0803283
5264 0.0831995
5265 0.0886652
5266 0.0927981
5267 0.0947558
5268 0.0974254
5269 0.0984813
5270 0.0995333
5271 0.101289
5272 0.103342
5273 0.104101
5274 0.105588
5275 0.10647
5276 0.107277
5277 0.108286
5278 0.109306
5279 0.109773
5280 0.11071
5281 0.11141
5282 0.111726
5283 0.11232
5284 0.112644
5285 0.112727
5286 0.113336
5287 0.114459
5288 0.115009
5289 0.118976
5290 0.126672
5291 0.129219
5292 0.136615
5293 0.144489
5294 0.147957
5295 0.157232
5296 0.164252
5297 0.17069
5298 0.178596
5299 0.18422
5300 0.186565
5301 0.190338
5302 0.197833
5303 0.199039
5304 0.202527
5305 0.205873
5306 0.207372
5307 0.210876
5308 0.212335
5309 0.212407
5310 0.215357
5311 0.216488
5312 0.217568
5313 0.217837
5314 0.219866
5315 0.220028
5316 0.218153
5317 0.21926
5318 0.21788
5319 0.219233
5320 0.217671
5321 0.217176
5322 0.216259
5323 0.21527
5324 0.215796
5325 0.21527
5326 0.210635
5327 0.210006
5328 0.209167
5329 0.21277
5330 0.214969
5331 0.219442
5332 0.222444
5333 0.224473
5334 0.22365
5335 0.230461
5336 0.233336
5337 0.239173
5338 0.244722
5339 0.24545
5340 0.247186
5341 0.249187
5342 0.250117
5343 0.251157
5344 0.253783
5345 0.255207
5346 0.256785
5347 0.257536
5348 0.258382
5349 0.259684
5350 0.26085
5351 0.26212
5352 0.266783
5353 0.272161
5354 0.273083
5355 0.282282
5356 0.288974
5357 0.291327
5358 0.298798
5359 0.305446
5360 0.309251
5361 0.317255
5362 0.319719
5363 0.320763
5364 0.324623
5365 0.327234
5366 0.328792
5367 0.328899
5368 0.331833
5369 0.328345
5370 0.328819
5371 0.329927
5372 0.32982
5373 0.330587
5374 0.331714
5375 0.332905
5376 0.334111
5377 0.337295
5378 0.336634
5379 0.338837
5380 0.339866
5381 0.342333
5382 0.342998
5383 0.343856
5384 0.345046
5385 0.34776
5386 0.35039
5387 0.351212
5388 0.353577
5389 0.358778
5390 0.361001
5391 0.365675
5392 0.368467
5393 0.369306
5394 0.368104
5395 0.370358
5396 0.372751
5397 0.374079
5398 0.374297
5399 0.375697
5400 0.376108
5401 0.376267
5402 0.37671
5403 0.37563
5404 0.375163
5405 0.376013
5406 0.376484
5407 0.377239
5408 0.379035
5409 0.380597
5410 0.382025
5411 0.38261
5412 0.383247
5413 0.383809
5414 0.384161
5415 0.383816
5416 0.385814
5417 0.387321
5418 0.390611
5419 0.398434
5420 0.401088
5421 0.40653
5422 0.412351
5423 0.41453
5424 0.416947
5425 0.421614
5426 0.421693
5427 0.424797
5428 0.428839
5429 0.426193
5430 0.431283
5431 0.433486
5432 0.437295
5433 0.442171
5434 0.442037
5435 0.441602
5436 0.446261
5437 0.453095
5438 0.454981
5439 0.458485
5440 0.463991
5441 0.466862
5442 0.473055
5443 0.478497
5444 0.478893
5445 0.486454
5446 0.493087
5447 0.493684
5448 0.497125
5449 0.500953
5450 0.502029
5451 0.505228
5452 0.507056
5453 0.505205
5454 0.507771
5455 0.505659
5456 0.507273
5457 0.50804
5458 0.509187
5459 0.507321
5460 0.508282
5461 0.510445
5462 0.511398
5463 0.510172
5464 0.51109
5465 0.517552
5466 0.517481
5467 0.51741
5468 0.518141
5469 0.516243
5470 0.518881
5471 0.519059
5472 0.51909
5473 0.513016
5474 0.51177
5475 0.513407
5476 0.516199
5477 0.517516
5478 0.517058
5479 0.519063
5480 0.519984
5481 0.522128
5482 0.529282
5483 0.528804
5484 0.535337
5485 0.536468
5486 0.543397
5487 0.546996
5488 0.550647
5489 0.551497
5490 0.558762
5491 0.561586
5492 0.560838
5493 0.56369
5494 0.570694
5495 0.571643
5496 0.572486
5497 0.577026
5498 0.579703
5499 0.58371
5500 0.588958
5501 0.592418
5502 0.594942
5503 0.597639
5504 0.598398
5505 0.60227
5506 0.606387
5507 0.609654
5508 0.611798
5509 0.614463
5510 0.625276
5511 0.630073
5512 0.631208
5513 0.631007
5514 0.631952
5515 0.630571
5516 0.62091
5517 0.620605
5518 0.629891
5519 0.642357
5520 0.643136
5521 0.648206
5522 0.650089
5523 0.652806
5524 0.654368
5525 0.655238
5526 0.657754
5527 0.667285
5528 0.671078
5529 0.676429
5530 0.674151
5531 0.66477
5532 0.669444
5533 0.670219
5534 0.674182
5535 0.674637
5536 0.679082
5537 0.681985
5538 0.688804
5539 0.692881
5540 0.695226
5541 0.697536
5542 0.700047
5543 0.701855
5544 0.714689
5545 0.716729
5546 0.718624
5547 0.720324
5548 0.72189
5549 0.726379
5550 0.727767
5551 0.731149
5552 0.731667
5553 0.734163
5554 0.736967
5555 0.738897
5556 0.743512
5557 0.744382
5558 0.746304
5559 0.744944
5560 0.746146
5561 0.746474
5562 0.748301
5563 0.751434
5564 0.752509
5565 0.754878
5566 0.757311
5567 0.757251
5568 0.759296
5569 0.773332
5570 0.772909
5571 0.77896
5572 0.779343
5573 0.776168
5574 0.779007
5575 0.776674
5576 0.772802
5577 0.775543
5578 0.767467
5579 0.767479
5580 0.766
5581 0.766439
5582 0.763215
5583 0.764339
5584 0.762741
5585 0.762539
5586 0.766423
5587 0.765458
5588 0.764505
5589 0.763836
5590 0.764248
5591 0.765387
5592 0.765533
5593 0.764588
5594 0.757457
5595 0.758019
5596 0.756982
5597 0.756251
5598 0.755646
5599 0.754285
5600 0.753759
5601 0.754277
5602 0.753186
5603 0.752913
5604 0.754728
5605 0.756033
5606 0.753826
5607 0.756698
5608 0.761582
5609 0.760498
5610 0.761436
5611 0.761428
5612 0.76091
5613 0.760589
5614 0.760834
5615 0.761068
5616 0.760838
5617 0.761139
5618 0.760795
5619 0.757765
5620 0.758402
5621 0.760846
5622 0.760166
5623 0.757718
5624 0.754068
5625 0.755472
5626 0.756314
5627 0.756136
5628 0.757781
5629 0.756539
5630 0.757785
5631 0.758106
5632 0.758556
5633 0.75845
5634 0.760399
5635 0.760522
5636 0.761297
5637 0.759956
5638 0.758248
5639 0.758647
5640 0.756753
5641 0.752687
5642 0.754954
5643 0.754641
5644 0.795717
5645 0.795389
5646 0.797101
5647 0.80138
5648 0.800036
5649 0.806992
5650 0.807158
5651 0.804062
5652 0.814428
5653 0.81633
5654 0.82091
5655 0.833676
5656 0.830975
5657 0.841242
5658 0.834633
5659 0.834708
5660 0.839213
5661 0.847558
5662 0.84649
5663 0.845276
5664 0.844097
5665 0.840174
5666 0.847586
5667 0.841163
5668 0.84927
5669 0.838556
5670 0.835899
5671 0.836294
5672 0.835851
5673 0.836951
5674 0.834542
5675 0.834226
5676 0.837536
5677 0.839438
5678 0.83417
5679 0.840055
5680 0.841578
5681 0.842697
5682 0.839276
5683 0.839707
5684 0.83805
5685 0.838604
5686 0.838592
5687 0.839043
5688 0.845493
5689 0.840131
5690 0.84511
5691 0.841301
5692 0.845074
5693 0.843484
5694 0.862365
5695 0.86382
5696 0.862484
5697 0.857065
5698 0.859189
5699 0.858687
5700 0.862685
5701 0.861107
5702 0.860609
5703 0.859972
5704 0.859699
5705 0.859913
5706 0.859802
5707 0.859253
5708 0.85945
5709 0.857133
5710 0.855555
5711 0.853463
5712 0.852513
5713 0.85103
5714 0.85158
5715 0.851192
5716 0.850813
5717 0.85073
5718 0.850939
5719 0.845391
5720 0.845007
5721 0.844916
5722 0.845292
5723 0.845557
5724 0.845762
5725 0.845363
5726 0.846348
5727 0.846601
5728 0.846494
5729 0.846458
5730 0.846205
5731 0.84545
5732 0.845434
5733 0.845395
5734 0.846023
5735 0.846015
5736 0.846363
5 , runtime: 406
