0 0.123166
1 0.118667
2 0.113925
3 0.112556
4 0.115621
5 0.114568
6 0.116787
7 0.120535
8 0.120655
9 0.125549
10 0.129417
11 0.131493
12 0.134335
13 0.135744
14 0.136642
15 0.137632
16 0.137261
17 0.138235
18 0.140067
19 0.141448
20 0.142131
21 0.143288
22 0.144258
23 0.144007
24 0.143879
25 0.143588
26 0.145204
27 0.148414
28 0.150881
29 0.151894
30 0.153994
31 0.156717
32 0.157407
33 0.161255
34 0.161503
35 0.162117
36 0.159986
37 0.161375
38 0.161347
39 0.164249
40 0.164776
41 0.165866
42 0.166197
43 0.166951
44 0.165526
45 0.16585
46 0.165674
47 0.16577
48 0.16549
49 0.165842
50 0.166261
51 0.166129
52 0.166365
53 0.167402
54 0.16876
55 0.168899
56 0.169893
57 0.172795
58 0.173063
59 0.174105
60 0.173765
61 0.1742
62 0.173877
63 0.174005
64 0.172009
65 0.171211
66 0.170919
67 0.169151
68 0.171821
69 0.166892
70 0.16678
71 0.167482
72 0.171873
73 0.172879
74 0.173107
75 0.175047
76 0.174671
77 0.175294
78 0.17715
79 0.179741
80 0.182016
81 0.185457
82 0.189313
83 0.191305
84 0.195421
85 0.199488
86 0.201991
87 0.206853
88 0.211935
89 0.214916
90 0.220489
91 0.222157
92 0.221335
93 0.226109
94 0.22585
95 0.226409
96 0.228983
97 0.231303
98 0.231323
99 0.234684
100 0.235721
101 0.234807
102 0.234867
103 0.231554
104 0.231861
105 0.229738
106 0.228548
107 0.226636
108 0.225654
109 0.229075
110 0.230712
111 0.234145
112 0.237442
113 0.239055
114 0.24218
115 0.245884
116 0.245593
117 0.245186
118 0.247066
119 0.249062
120 0.251984
121 0.252986
122 0.253672
123 0.255349
124 0.254714
125 0.256383
126 0.25598
127 0.258447
128 0.25863
129 0.259888
130 0.26247
131 0.263436
132 0.26455
133 0.266578
134 0.267879
135 0.269133
136 0.270138
137 0.272713
138 0.274466
139 0.27712
140 0.278365
141 0.278022
142 0.279962
143 0.282401
144 0.280417
145 0.279531
146 0.279798
147 0.280657
148 0.280848
149 0.280717
150 0.280254
151 0.277675
152 0.276489
153 0.276753
154 0.276138
155 0.274849
156 0.273611
157 0.272434
158 0.271595
159 0.269616
160 0.268043
161 0.266989
162 0.265101
163 0.264474
164 0.264997
165 0.264754
166 0.263468
167 0.263472
168 0.264007
169 0.259013
170 0.259145
171 0.258327
172 0.258007
173 0.257473
174 0.256738
175 0.257277
176 0.257752
177 0.257505
178 0.25657
179 0.256874
180 0.256387
181 0.257485
182 0.258011
183 0.257429
184 0.256958
185 0.256171
186 0.254638
187 0.254507
188 0.254698
189 0.255409
190 0.257133
191 0.25683
192 0.256024
193 0.255928
194 0.256758
195 0.256966
196 0.258674
197 0.258055
198 0.25859
199 0.258179
200 0.259185
201 0.259868
202 0.259588
203 0.260043
204 0.260307
205 0.258011
206 0.257792
207 0.256818
208 0.256562
209 0.256403
210 0.256343
211 0.256602
212 0.256179
213 0.255576
214 0.255329
215 0.255297
216 0.254858
217 0.255141
218 0.255145
219 0.255018
220 0.254399
221 0.254587
222 0.254842
223 0.254507
224 0.254555
225 0.254355
226 0.254455
227 0.254283
228 0.253876
229 0.254291
230 0.254642
231 0.255752
232 0.255237
233 0.255624
234 0.25558
235 0.255253
236 0.255105
237 0.254287
238 0.253636
239 0.252511
240 0.252742
241 0.255437
242 0.255844
243 0.25604
244 0.253146
245 0.254471
246 0.254874
247 0.253138
248 0.251533
249 0.25077
250 0.252223
251 0.252966
252 0.251613
253 0.251389
254 0.25099
255 0.251689
256 0.25184
257 0.251968
258 0.252164
259 0.252599
260 0.255225
261 0.254571
262 0.25499
263 0.2558
264 0.256439
265 0.256255
266 0.25602
267 0.256075
268 0.256459
269 0.253042
270 0.252615
271 0.25202
272 0.252156
273 0.252263
274 0.252515
275 0.251948
276 0.250032
277 0.250267
278 0.250479
279 0.251912
280 0.253529
281 0.254686
282 0.257265
283 0.259185
284 0.260618
285 0.263269
286 0.263504
287 0.2635
288 0.264486
289 0.264722
290 0.264853
291 0.263963
292 0.26277
293 0.262374
294 0.262055
295 0.260965
296 0.259928
297 0.258003
298 0.255513
299 0.254527
300 0.252647
301 0.251824
302 0.250307
303 0.248798
304 0.248739
305 0.248495
306 0.2483
307 0.248343
308 0.248603
309 0.249449
310 0.251401
311 0.250886
312 0.251445
313 0.252431
314 0.253157
315 0.253269
316 0.253261
317 0.253321
318 0.253373
319 0.251345
320 0.251844
321 0.251166
322 0.251812
323 0.25186
324 0.253609
325 0.25364
326 0.253509
327 0.252459
328 0.252587
329 0.252686
330 0.252591
331 0.252371
332 0.252463
333 0.252467
334 0.252052
335 0.251844
336 0.251988
337 0.251952
338 0.252399
339 0.252718
340 0.252826
341 0.252902
342 0.252862
343 0.253165
344 0.255097
345 0.256335
346 0.257644
347 0.25871
348 0.259604
349 0.261157
350 0.260782
351 0.261293
352 0.261923
353 0.260941
354 0.260574
355 0.260506
356 0.260071
357 0.259468
358 0.259488
359 0.259421
360 0.259804
361 0.259672
362 0.260123
363 0.259896
364 0.259632
365 0.259193
366 0.258922
367 0.258163
368 0.257732
369 0.255277
370 0.255604
371 0.255301
372 0.255054
373 0.254754
374 0.255133
375 0.25501
376 0.255165
377 0.254826
378 0.254423
379 0.254702
380 0.254722
381 0.254862
382 0.254287
383 0.255062
384 0.256926
385 0.258494
386 0.259085
387 0.259756
388 0.260714
389 0.262742
390 0.264813
391 0.267719
392 0.269041
393 0.271823
394 0.272709
395 0.272709
396 0.274046
397 0.27411
398 0.274238
399 0.274585
400 0.275491
401 0.275603
402 0.27625
403 0.277072
404 0.276302
405 0.278106
406 0.279375
407 0.2811
408 0.287347
409 0.294652
410 0.296049
411 0.301713
412 0.303482
413 0.305477
414 0.309018
415 0.312715
416 0.315752
417 0.321289
418 0.326598
419 0.329628
420 0.335807
421 0.33625
422 0.33841
423 0.345
424 0.351475
425 0.354349
426 0.358927
427 0.364963
428 0.369254
429 0.374363
430 0.379393
431 0.381676
432 0.388319
433 0.393304
434 0.394462
435 0.394142
436 0.39623
437 0.396406
438 0.39902
439 0.402286
440 0.402829
441 0.40585
442 0.408992
443 0.410545
444 0.412584
445 0.415945
446 0.41454
447 0.416117
448 0.417119
449 0.419466
450 0.423298
451 0.425677
452 0.4264
453 0.426683
454 0.426124
455 0.426508
456 0.42907
457 0.432523
458 0.433705
459 0.43711
460 0.438998
461 0.440527
462 0.442096
463 0.443888
464 0.444546
465 0.447277
466 0.44853
467 0.449201
468 0.4494
469 0.449899
470 0.450075
471 0.450945
472 0.45241
473 0.451664
474 0.454262
475 0.45449
476 0.454626
477 0.455568
478 0.457264
479 0.456542
480 0.457488
481 0.458973
482 0.458338
483 0.458929
484 0.459005
485 0.458953
486 0.459815
487 0.460346
488 0.461096
489 0.460478
490 0.461464
491 0.463152
492 0.463244
493 0.464685
494 0.465048
495 0.465535
496 0.462729
497 0.465375
498 0.465958
499 0.462741
500 0.464529
501 0.466809
502 0.471559
503 0.472688
504 0.479291
505 0.48525
506 0.488619
507 0.494384
508 0.499377
509 0.501696
510 0.505022
511 0.507664
512 0.509548
513 0.512909
514 0.515847
515 0.517464
516 0.520813
517 0.523559
518 0.525196
519 0.529367
520 0.531794
521 0.534597
522 0.536632
523 0.539794
524 0.54082
525 0.542209
526 0.544596
527 0.545666
528 0.546093
529 0.547554
530 0.548807
531 0.549578
532 0.549099
533 0.549889
534 0.550408
535 0.55143
536 0.55256
537 0.553206
538 0.555641
539 0.557573
540 0.558288
541 0.560515
542 0.560874
543 0.561198
544 0.558204
545 0.559381
546 0.55838
547 0.558
548 0.55717
549 0.556292
550 0.555485
551 0.554671
552 0.56216
553 0.560954
554 0.560407
555 0.559789
556 0.559833
557 0.560347
558 0.558823
559 0.556843
560 0.556304
561 0.550915
562 0.550344
563 0.549206
564 0.549135
565 0.545147
566 0.546508
567 0.546005
568 0.545586
569 0.538513
570 0.536788
571 0.536201
572 0.537926
573 0.539834
574 0.541989
575 0.543686
576 0.544177
577 0.545989
578 0.546787
579 0.54933
580 0.552268
581 0.553158
582 0.556008
583 0.556292
584 0.556986
585 0.557641
586 0.563066
587 0.570191
588 0.573225
589 0.571089
590 0.572319
591 0.572654
592 0.572019
593 0.571955
594 0.579201
595 0.581364
596 0.584549
597 0.590154
598 0.595507
599 0.596812
600 0.600517
601 0.60563
602 0.607798
603 0.611725
604 0.615609
605 0.617569
606 0.626012
607 0.631832
608 0.636454
609 0.639736
610 0.643504
611 0.64611
612 0.647819
613 0.647739
614 0.648581
615 0.652868
616 0.654777
617 0.655587
618 0.65771
619 0.66555
620 0.66464
621 0.665542
622 0.667319
623 0.666915
624 0.667846
625 0.667846
626 0.667993
627 0.667331
628 0.668608
629 0.668349
630 0.671354
631 0.673542
632 0.676599
633 0.675929
634 0.674871
635 0.674364
636 0.673717
637 0.672855
638 0.672855
639 0.673238
640 0.672576
641 0.673039
642 0.672308
643 0.671977
644 0.667718
645 0.667167
646 0.666947
647 0.667039
648 0.666129
649 0.667534
650 0.667985
651 0.668836
652 0.671354
653 0.670257
654 0.670632
655 0.672049
656 0.672125
657 0.674544
658 0.674815
659 0.675007
660 0.675414
661 0.675825
662 0.674021
663 0.675498
664 0.675398
665 0.67519
666 0.675131
667 0.675162
668 0.675498
669 0.67349
670 0.673813
671 0.674173
672 0.672835
673 0.672723
674 0.674775
675 0.675178
676 0.67557
677 0.675574
678 0.675458
679 0.676101
680 0.676887
681 0.674332
682 0.677474
683 0.677737
684 0.677845
685 0.677881
686 0.677621
687 0.67842
688 0.675713
689 0.678903
690 0.6783
691 0.677873
692 0.675901
693 0.678651
694 0.680052
695 0.680348
696 0.68
697 0.679621
698 0.679498
699 0.679422
700 0.679238
701 0.681382
702 0.681972
703 0.681617
704 0.681565
705 0.681992
706 0.682567
707 0.682627
708 0.683437
709 0.683665
710 0.685441
711 0.686559
712 0.686248
713 0.682906
714 0.683689
715 0.685054
716 0.685325
717 0.686244
718 0.686834
719 0.692403
720 0.69083
721 0.693545
722 0.689804
723 0.690918
724 0.69097
725 0.690643
726 0.692598
727 0.693489
728 0.693225
729 0.693137
730 0.692674
731 0.693153
732 0.695481
733 0.696071
734 0.696546
735 0.696722
736 0.698782
737 0.700091
738 0.700522
739 0.701033
740 0.702019
741 0.702267
742 0.70229
743 0.702231
744 0.707803
745 0.710685
746 0.71294
747 0.71425
748 0.714813
749 0.714529
750 0.714773
751 0.716653
752 0.717335
753 0.717619
754 0.718665
755 0.718445
756 0.717723
757 0.715846
758 0.714916
759 0.717631
760 0.719826
761 0.721678
762 0.720601
763 0.720716
764 0.720102
765 0.718333
766 0.721662
767 0.723415
768 0.725479
769 0.738129
770 0.737502
771 0.735805
772 0.733901
773 0.733769
774 0.734891
775 0.734811
776 0.734947
777 0.734644
778 0.732456
779 0.731774
780 0.730991
781 0.733746
782 0.734396
783 0.734576
784 0.734205
785 0.732911
786 0.731279
787 0.731378
788 0.731291
789 0.733362
790 0.736508
791 0.737546
792 0.737657
793 0.736033
794 0.734185
795 0.733742
796 0.734724
797 0.734763
798 0.735646
799 0.735414
800 0.7346
801 0.73434
802 0.733271
803 0.732233
804 0.732384
805 0.73066
806 0.730065
807 0.73167
808 0.732089
809 0.73349
810 0.734855
811 0.736169
812 0.740005
813 0.746244
814 0.747158
815 0.749713
816 0.751237
817 0.75364
818 0.754407
819 0.765556
820 0.76336
821 0.76338
822 0.766418
823 0.77439
824 0.776366
825 0.782413
826 0.787694
827 0.789794
828 0.789486
829 0.791598
830 0.797003
831 0.794835
832 0.796899
833 0.79765
834 0.798372
835 0.79846
836 0.799246
837 0.799646
838 0.800228
839 0.800671
840 0.801011
841 0.800787
842 0.800045
843 0.800168
844 0.809497
845 0.805877
846 0.805925
847 0.802927
848 0.803454
849 0.803438
850 0.805254
851 0.805669
852 0.806104
853 0.806304
854 0.806072
855 0.804623
856 0.804072
857 0.806555
858 0.804523
859 0.805781
860 0.804931
861 0.805442
862 0.804695
863 0.804368
864 0.805422
865 0.804807
866 0.80307
867 0.803318
868 0.803186
869 0.804044
870 0.80408
871 0.806863
872 0.806811
873 0.806743
874 0.806883
875 0.805146
876 0.804643
877 0.804456
878 0.80234
879 0.819652
880 0.817261
881 0.819676
882 0.818902
883 0.819141
884 0.818187
885 0.817848
886 0.817764
887 0.818598
888 0.817948
889 0.818199
890 0.818938
891 0.81681
892 0.816443
893 0.813066
894 0.812898
895 0.808763
896 0.808248
897 0.807749
898 0.809753
899 0.809401
900 0.809653
901 0.8103
902 0.810124
903 0.809737
904 0.809573
905 0.807457
906 0.804743
907 0.807134
908 0.807605
909 0.807346
910 0.804272
911 0.803885
912 0.801518
913 0.805318
914 0.804603
915 0.804172
916 0.803681
917 0.803282
918 0.802444
919 0.802755
920 0.802975
921 0.8045
922 0.803889
923 0.804855
924 0.804819
925 0.804923
926 0.805162
927 0.80521
928 0.806048
929 0.806627
930 0.8102
931 0.809473
932 0.809677
933 0.810044
934 0.812407
935 0.81281
936 0.811297
937 0.811864
938 0.813904
939 0.814479
940 0.812639
941 0.811896
942 0.811126
943 0.813058
944 0.812591
945 0.813936
946 0.813677
947 0.813265
948 0.812451
949 0.81378
950 0.8099
951 0.80893
952 0.809326
953 0.808998
954 0.818642
955 0.817165
956 0.817716
957 0.814702
958 0.813928
959 0.816966
960 0.814383
961 0.811924
962 0.810886
963 0.811904
964 0.810547
965 0.810982
966 0.810543
967 0.809533
968 0.808986
969 0.807561
970 0.807002
971 0.804511
972 0.8062
973 0.80608
974 0.805737
975 0.805154
976 0.806028
977 0.805146
978 0.805741
979 0.798093
980 0.801773
981 0.798496
982 0.798672
983 0.798141
984 0.796971
985 0.796783
986 0.797091
987 0.796771
988 0.79854
989 0.797151
990 0.800843
991 0.800436
992 0.800803
993 0.801075
994 0.801071
995 0.800492
996 0.799965
997 0.800152
998 0.8004
999 0.799865
1000 0.797354
1001 0.797199
1002 0.797139
1003 0.797211
1004 0.797266
1005 0.79856
1006 0.798839
1007 0.799119
1008 0.797382
1009 0.795929
1010 0.791734
1011 0.790728
1012 0.795334
1013 0.794488
1014 0.794344
1015 0.794344
1016 0.793259
1017 0.794516
1018 0.795279
1019 0.795015
1020 0.795829
1021 0.794448
1022 0.7947
1023 0.795147
1024 0.794073
1025 0.793889
1026 0.792955
1027 0.792776
1028 0.793869
1029 0.791742
1030 0.792109
1031 0.791973
1032 0.792301
1033 0.792408
1034 0.791902
1035 0.797642
1036 0.797386
1037 0.798236
1038 0.798312
1039 0.797969
1040 0.79769
1041 0.796987
1042 0.797418
1043 0.796464
1044 0.79668
1045 0.796732
1046 0.796125
1047 0.795338
1048 0.795674
1049 0.795251
1050 0.795945
1051 0.795722
1052 0.794831
1053 0.795151
1054 0.795418
1055 0.795051
1056 0.795789
1057 0.795861
1058 0.796308
1059 0.796292
1060 0.798416
1061 0.79822
1062 0.798304
1063 0.797354
1064 0.797266
1065 0.796799
1066 0.796556
1067 0.796213
1068 0.796181
1069 0.795793
1070 0.796328
1071 0.793921
1072 0.79143
1073 0.792129
1074 0.79145
1075 0.790967
1076 0.79181
1077 0.792317
1078 0.793087
1079 0.793291
1080 0.793259
1081 0.793885
1082 0.794396
1083 0.795458
1084 0.796153
1085 0.799941
1086 0.799342
1087 0.798368
1088 0.797666
1089 0.797003
1090 0.797789
1091 0.801765
1092 0.801805
1093 0.803745
1094 0.803565
1095 0.801138
1096 0.801374
1097 0.802647
1098 0.802863
1099 0.803338
1100 0.801873
1101 0.798388
1102 0.798699
1103 0.793095
1104 0.799059
1105 0.798029
1106 0.799498
1107 0.800017
1108 0.799789
1109 0.798169
1110 0.801845
1111 0.802148
1112 0.802655
1113 0.802548
1114 0.801382
1115 0.801594
1116 0.802404
1117 0.802496
1118 0.801358
1119 0.800903
1120 0.800496
1121 0.798855
1122 0.798528
1123 0.79923
1124 0.798787
1125 0.799059
1126 0.799681
1127 0.799805
1128 0.80143
1129 0.803681
1130 0.808116
1131 0.806479
1132 0.808391
1133 0.810048
1134 0.8102
1135 0.812543
1136 0.813613
1137 0.81313
1138 0.813389
1139 0.813772
1140 0.81705
1141 0.814758
1142 0.813912
1143 0.811565
1144 0.812507
1145 0.815165
1146 0.808487
1147 0.808519
1148 0.808819
1149 0.803725
1150 0.803098
1151 0.800069
1152 0.798284
1153 0.797801
1154 0.793366
1155 0.795131
1156 0.792919
1157 0.793159
1158 0.794009
1159 0.794412
1160 0.785175
1161 0.788776
1162 0.78482
1163 0.784034
1164 0.784876
1165 0.785319
1166 0.790429
1167 0.788473
1168 0.791538
1169 0.79046
1170 0.79171
1171 0.791299
1172 0.790884
1173 0.790177
1174 0.789926
1175 0.788429
1176 0.789323
1177 0.788469
1178 0.7906
1179 0.790045
1180 0.790488
1181 0.792317
1182 0.795546
1183 0.79862
1184 0.798272
1185 0.811737
1186 0.818503
1187 0.816155
1188 0.818331
1189 0.815086
1190 0.809282
1191 0.811449
1192 0.810878
1193 0.812244
1194 0.812515
1195 0.812786
1196 0.816491
1197 0.819477
1198 0.819536
1199 0.822921
1200 0.821149
1201 0.822075
1202 0.823536
1203 0.824742
1204 0.821269
1205 0.81574
1206 0.812232
1207 0.812679
1208 0.811066
1209 0.809924
1210 0.805114
1211 0.803685
1212 0.806012
1213 0.807441
1214 0.806236
1215 0.807657
1216 0.80796
1217 0.806831
1218 0.809912
1219 0.811026
1220 0.81303
1221 0.812375
1222 0.812108
1223 0.81384
1224 0.816958
1225 0.815816
1226 0.820103
1227 0.817812
1228 0.817832
1229 0.816072
1230 0.815169
1231 0.815102
1232 0.811098
1233 0.811062
1234 0.811649
1235 0.80329
1236 0.802843
1237 0.804799
1238 0.803262
1239 0.802376
1240 0.804256
1241 0.803949
1242 0.806543
1243 0.805685
1244 0.808655
1245 0.807797
1246 0.811485
1247 0.812104
1248 0.807142
1249 0.807262
1250 0.80604
1251 0.805581
1252 0.806224
1253 0.80824
1254 0.811381
1255 0.810755
1256 0.811022
1257 0.810858
1258 0.808563
1259 0.80903
1260 0.809126
1261 0.808555
1262 0.810212
1263 0.816451
1264 0.815848
1265 0.819125
1266 0.811701
1267 0.81117
1268 0.812567
1269 0.809326
1270 0.809801
1271 0.811058
1272 0.80804
1273 0.807653
1274 0.806671
1275 0.803649
1276 0.804679
1277 0.802029
1278 0.79947
1279 0.799861
1280 0.799721
1281 0.799139
1282 0.798276
1283 0.797737
1284 0.797694
1285 0.799318
1286 0.798664
1287 0.798799
1288 0.797183
1289 0.797642
1290 0.797055
1291 0.794863
1292 0.794784
1293 0.795039
1294 0.794923
1295 0.79565
1296 0.792065
1297 0.79143
1298 0.79173
1299 0.792963
1300 0.793347
1301 0.794812
1302 0.797203
1303 0.79648
1304 0.798061
1305 0.79854
1306 0.796476
1307 0.794744
1308 0.794293
1309 0.795342
1310 0.796312
1311 0.796288
1312 0.792504
1313 0.793893
1314 0.792987
1315 0.790987
1316 0.789642
1317 0.789858
1318 0.788465
1319 0.788664
1320 0.78981
1321 0.788365
1322 0.784569
1323 0.786193
1324 0.784269
1325 0.782724
1326 0.784126
1327 0.782972
1328 0.782661
1329 0.783794
1330 0.781802
1331 0.780996
1332 0.781591
1333 0.781635
1334 0.78104
1335 0.777902
1336 0.774849
1337 0.773072
1338 0.773372
1339 0.773312
1340 0.772621
1341 0.773056
1342 0.773136
1343 0.77314
1344 0.776509
1345 0.775284
1346 0.775962
1347 0.775156
1348 0.775895
1349 0.775703
1350 0.776453
1351 0.776861
1352 0.776605
1353 0.777224
1354 0.776857
1355 0.776429
1356 0.776777
1357 0.777675
1358 0.777344
1359 0.777655
1360 0.779846
1361 0.780581
1362 0.780509
1363 0.781527
1364 0.781766
1365 0.781894
1366 0.781136
1367 0.781886
1368 0.783323
1369 0.782828
1370 0.783152
1371 0.783639
1372 0.783375
1373 0.784413
1374 0.784445
1375 0.784397
1376 0.783674
1377 0.782086
1378 0.782014
1379 0.782848
1380 0.782876
1381 0.78318
1382 0.78308
1383 0.783287
1384 0.784046
1385 0.778952
1386 0.77908
1387 0.779419
1388 0.779112
1389 0.77914
1390 0.780118
1391 0.780321
1392 0.781136
1393 0.780992
1394 0.781387
1395 0.78272
1396 0.785179
1397 0.785259
1398 0.786097
1399 0.785415
1400 0.785714
1401 0.786373
1402 0.787578
1403 0.788257
1404 0.788552
1405 0.788784
1406 0.789047
1407 0.790137
1408 0.791099
1409 0.790756
1410 0.796752
1411 0.796596
1412 0.79636
1413 0.796512
1414 0.796392
1415 0.797506
1416 0.797646
1417 0.798396
1418 0.799294
1419 0.801601
1420 0.802735
1421 0.803054
1422 0.802416
1423 0.802308
1424 0.803362
1425 0.803254
1426 0.800767
1427 0.801118
1428 0.801342
1429 0.801534
1430 0.803494
1431 0.80244
1432 0.802987
1433 0.803458
1434 0.803669
1435 0.810814
1436 0.811912
1437 0.810503
1438 0.812228
1439 0.811733
1440 0.813732
1441 0.813194
1442 0.814427
1443 0.814926
1444 0.81406
1445 0.819217
1446 0.819936
1447 0.821357
1448 0.824303
1449 0.827684
1450 0.8293
1451 0.831775
1452 0.832494
1453 0.836294
1454 0.837871
1455 0.840629
1456 0.839847
1457 0.845004
1458 0.84963
1459 0.852648
1460 0.859542
1461 0.859354
1462 0.861713
1463 0.864779
1464 0.869294
1465 0.87228
1466 0.875277
1467 0.875944
1468 0.878036
1469 0.877724
1470 0.879153
1471 0.880766
1472 0.879437
1473 0.881269
1474 0.881752
1475 0.885736
1476 0.888466
1477 0.889736
1478 0.891009
1479 0.896565
1480 0.896641
1481 0.896278
1482 0.899124
1483 0.903571
1484 0.904824
1485 0.914708
1486 0.920696
1487 0.917909
1488 0.920161
1489 0.91565
1490 0.918508
1491 0.917235
1492 0.913259
1493 0.9165
1494 0.917446
1495 0.917686
1496 0.923306
1497 0.926711
1498 0.929306
1499 0.930986
1500 0.931717
1501 0.931761
1502 0.932224
1503 0.926109
1504 0.925885
1505 0.923901
1506 0.921027
1507 0.919925
1508 0.92159
1509 0.922895
1510 0.922372
1511 0.921294
1512 0.928144
1513 0.923841
1514 0.925055
1515 0.930695
1516 0.924093
1517 0.925833
1518 0.921686
1519 0.917498
1520 0.916808
1521 0.907663
1522 0.91844
1523 0.92139
1524 0.91458
1525 0.915614
1526 0.918285
1527 0.916001
1528 0.91389
1529 0.912193
1530 0.913287
1531 0.9107
1532 0.910054
1533 0.908397
1534 0.90991
1535 0.901571
1536 0.897663
1537 0.898549
1538 0.895484
1539 0.8914
1540 0.892163
1541 0.874946
1542 0.871693
1543 0.867134
1544 0.860696
1545 0.857714
1546 0.856341
1547 0.863051
1548 0.856524
1549 0.853534
1550 0.844082
1551 0.842234
1552 0.840254
1553 0.839044
1554 0.837535
1555 0.838705
1556 0.841212
1557 0.843299
1558 0.838106
1559 0.839116
1560 0.835583
1561 0.837551
1562 0.838577
1563 0.835021
1564 0.83312
1565 0.837304
1566 0.838897
1567 0.834713
1568 0.835571
1569 0.837088
1570 0.838382
1571 0.840302
1572 0.837711
1573 0.84203
1574 0.843072
1575 0.84514
1576 0.843774
1577 0.845184
1578 0.849419
1579 0.85082
1580 0.857869
1581 0.857007
1582 0.859602
1583 0.860085
1584 0.859526
1585 0.850664
1586 0.854381
1587 0.857374
1588 0.857817
1589 0.853239
1590 0.850485
1591 0.851263
1592 0.855067
1593 0.850481
1594 0.848269
1595 0.850077
1596 0.851946
1597 0.852608
1598 0.846118
1599 0.846301
1600 0.848102
1601 0.843535
1602 0.84769
1603 0.851483
1604 0.847383
1605 0.856472
1606 0.862999
1607 0.856368
1608 0.848852
1609 0.845323
1610 0.834729
1611 0.842788
1612 0.84419
1613 0.840625
1614 0.833643
1615 0.834649
1616 0.837815
1617 0.838461
1618 0.837092
1619 0.838453
1620 0.833376
1621 0.83255
1622 0.829871
1623 0.82655
1624 0.826366
1625 0.81804
1626 0.816742
1627 0.818171
1628 0.818203
1629 0.815213
1630 0.813245
1631 0.824646
1632 0.835392
1633 0.8372
1634 0.840617
1635 0.82671
1636 0.833156
1637 0.84086
1638 0.841004
1639 0.843463
1640 0.849806
1641 0.847291
1642 0.844681
1643 0.844808
1644 0.851135
1645 0.85088
1646 0.848976
1647 0.837192
1648 0.829907
1649 0.825109
1650 0.8216
1651 0.820299
1652 0.817197
1653 0.816858
1654 0.820027
1655 0.812778
1656 0.820778
1657 0.824969
1658 0.830115
1659 0.829975
1660 0.832414
1661 0.836454
1662 0.832677
1663 0.83134
1664 0.834729
1665 0.839643
1666 0.836466
1667 0.834861
1668 0.835807
1669 0.839759
1670 0.840182
1671 0.840461
1672 0.835168
1673 0.833939
1674 0.832063
1675 0.836789
1676 0.835935
1677 0.836545
1678 0.837739
1679 0.829173
1680 0.832306
1681 0.832546
1682 0.828342
1683 0.829025
1684 0.818694
1685 0.793857
1686 0.798703
1687 0.799091
1688 0.785395
1689 0.785834
1690 0.779559
1691 0.780936
1692 0.780333
1693 0.780022
1694 0.788353
1695 0.789267
1696 0.787722
1697 0.788672
1698 0.790536
1699 0.793702
1700 0.801067
1701 0.80313
1702 0.804316
1703 0.800643
1704 0.794588
1705 0.797598
1706 0.802033
1707 0.804172
1708 0.802827
1709 0.788217
1710 0.788445
1711 0.788908
1712 0.799031
1713 0.796835
1714 0.797546
1715 0.785427
1716 0.777208
1717 0.780238
1718 0.785447
1719 0.787291
1720 0.792369
1721 0.790576
1722 0.789195
1723 0.787471
1724 0.792021
1725 0.785738
1726 0.790576
1727 0.78575
1728 0.788505
1729 0.787778
1730 0.755724
1731 0.737123
1732 0.735215
1733 0.718369
1734 0.718313
1735 0.692778
1736 0.701181
1737 0.696359
1738 0.692459
1739 0.696303
1740 0.679977
1741 0.677382
1742 0.681581
1743 0.666604
1744 0.666381
1745 0.659802
1746 0.662832
1747 0.637364
1748 0.633105
1749 0.618384
1750 0.614224
1751 0.6048
1752 0.585627
1753 0.582087
1754 0.57358
1755 0.578051
1756 0.576091
1757 0.568471
1758 0.565812
1759 0.567876
1760 0.549534
1761 0.554384
1762 0.558004
1763 0.55735
1764 0.551095
1765 0.549178
1766 0.557837
1767 0.561984
1768 0.565277
1769 0.57148
1770 0.570766
1771 0.579173
1772 0.581703
1773 0.584729
1774 0.583264
1775 0.59296
1776 0.591595
1777 0.590082
1778 0.58627
1779 0.580837
1780 0.576969
1781 0.571995
1782 0.567477
1783 0.564399
1784 0.555781
1785 0.546492
1786 0.542963
1787 0.533335
1788 0.526222
1789 0.521947
1790 0.516526
1791 0.513173
1792 0.509429
1793 0.501561
1794 0.488085
1795 0.48137
1796 0.472273
1797 0.468098
1798 0.469371
1799 0.46502
1800 0.461384
1801 0.455632
1802 0.456422
1803 0.454769
1804 0.452478
1805 0.456733
1806 0.454011
1807 0.453344
1808 0.45326
1809 0.454314
1810 0.447029
1811 0.446858
1812 0.44786
1813 0.449796
1814 0.450227
1815 0.444423
1816 0.442738
1817 0.431489
1818 0.425957
1819 0.423063
1820 0.42456
1821 0.417722
1822 0.418556
1823 0.415199
1824 0.416692
1825 0.41468
1826 0.412006
1827 0.414285
1828 0.410553
1829 0.402098
1830 0.397919
1831 0.395124
1832 0.389021
1833 0.38681
1834 0.383512
1835 0.383492
1836 0.378291
1837 0.379125
1838 0.376024
1839 0.36818
1840 0.366456
1841 0.357378
1842 0.349523
1843 0.34682
1844 0.336817
1845 0.327871
1846 0.322227
1847 0.317916
1848 0.309653
1849 0.308292
1850 0.298053
1851 0.289782
1852 0.286205
1853 0.281559
1854 0.270601
1855 0.266761
1856 0.261895
1857 0.259297
1858 0.259389
1859 0.257325
1860 0.247377
1861 0.245114
1862 0.242639
1863 0.235422
1864 0.232947
1865 0.227634
1866 0.21823
1867 0.215583
1868 0.214378
1869 0.218457
1870 0.219806
1871 0.224904
1872 0.221295
1873 0.222597
1874 0.230852
1875 0.238392
1876 0.238532
1877 0.24509
1878 0.251665
1879 0.255988
1880 0.265073
1881 0.270805
1882 0.275795
1883 0.288648
1884 0.298524
1885 0.305821
1886 0.307457
1887 0.318107
1888 0.327911
1889 0.334462
1890 0.343575
1891 0.348824
1892 0.354117
1893 0.364464
1894 0.379237
1895 0.389332
1896 0.377521
1897 0.382383
1898 0.38863
1899 0.401272
1900 0.408381
1901 0.415335
1902 0.430779
1903 0.43519
1904 0.45134
1905 0.473922
1906 0.485131
1907 0.500144
1908 0.509197
1909 0.513189
1910 0.514271
1911 0.511852
1912 0.521723
1913 0.516338
1914 0.515049
1915 0.509932
1916 0.509181
1917 0.498132
1918 0.487765
1919 0.487087
1920 0.483889
1921 0.480963
1922 0.483067
1923 0.48044
1924 0.466753
1925 0.460394
1926 0.449644
1927 0.44849
1928 0.440164
1929 0.438048
1930 0.43414
1931 0.427953
1932 0.415714
1933 0.416688
1934 0.408964
1935 0.383983
1936 0.37875
1937 0.375114
1938 0.370675
1939 0.375405
1940 0.366831
1941 0.359015
1942 0.36331
1943 0.358165
1944 0.353626
1945 0.351622
1946 0.341144
1947 0.32946
1948 0.321556
1949 0.309713
1950 0.299107
1951 0.292381
1952 0.283104
1953 0.271176
1954 0.264809
1955 0.23937
1956 0.226528
1957 0.221124
1958 0.211651
1959 0.20251
1960 0.189712
1961 0.181869
1962 0.169742
1963 0.166333
1964 0.157259
1965 0.148561
1966 0.147468
1967 0.135728
1968 0.128311
1969 0.124128
1970 0.114348
1971 0.103271
1972 0.0987442
1973 0.0899543
1974 0.0813441
1975 0.0776717
1976 0.0695405
1977 0.0657204
1978 0.0636646
1979 0.0599443
1980 0.0578885
1981 0.0575812
1982 0.058619
1983 0.0583396
1984 0.0579205
1985 0.0575173
1986 0.0570303
1987 0.0569664
1988 0.0564435
1989 0.0564515
1990 0.0565273
1991 0.0572498
1992 0.0574893
1993 0.0575971
1994 0.0582079
1995 0.0584434
1996 0.0583516
1997 0.0577528
1998 0.0587627
1999 0.0586669
2000 0.0589902
2001 0.0674967
2002 0.0718517
2003 0.0846413
2004 0.103918
2005 0.112161
2006 0.130443
2007 0.146565
2008 0.157096
2009 0.174456
2010 0.196742
2011 0.200861
2012 0.22007
2013 0.235406
2014 0.245517
2015 0.258638
2016 0.277108
2017 0.290888
2018 0.304679
2019 0.324378
2020 0.327648
2021 0.334482
2022 0.349143
2023 0.355263
2024 0.363071
2025 0.385049
2026 0.392526
2027 0.406501
2028 0.424975
2029 0.432671
2030 0.445808
2031 0.445069
2032 0.437525
2033 0.437273
2034 0.434966
2035 0.443161
2036 0.44081
2037 0.424248
2038 0.426663
2039 0.419482
2040 0.417917
2041 0.409016
2042 0.393779
2043 0.383101
2044 0.379405
2045 0.369992
2046 0.359522
2047 0.358967
2048 0.354856
2049 0.347227
2050 0.345503
2051 0.337635
2052 0.329516
2053 0.323001
2054 0.302528
2055 0.28773
2056 0.285511
2057 0.262099
2058 0.249114
2059 0.236707
2060 0.215132
2061 0.205612
2062 0.201428
2063 0.184515
2064 0.175119
2065 0.169534
2066 0.162812
2067 0.154609
2068 0.152425
2069 0.140035
2070 0.134191
2071 0.12994
2072 0.125884
2073 0.120372
2074 0.115514
2075 0.10777
2076 0.10371
2077 0.101239
2078 0.0948243
2079 0.0877868
2080 0.0849287
2081 0.0786776
2082 0.0727379
2083 0.0706701
2084 0.0657204
2085 0.0657323
2086 0.0648022
2087 0.0643033
2088 0.063485
2089 0.0631257
2090 0.0626427
2091 0.0627944
2092 0.0629501
2093 0.0625988
2094 0.0623114
2095 0.0626587
2096 0.0629221
2097 0.0625349
2098 0.062511
2099 0.0622795
2100 0.0663311
2101 0.0696961
2102 0.0768853
2103 0.0856233
2104 0.0869086
2105 0.0950279
2106 0.105382
2107 0.110384
2108 0.120495
2109 0.131912
2110 0.137265
2111 0.149008
2112 0.162014
2113 0.167135
2114 0.180416
2115 0.192527
2116 0.199776
2117 0.213412
2118 0.22652
2119 0.232269
2120 0.246543
2121 0.259361
2122 0.271284
2123 0.28856
2124 0.304005
2125 0.309729
2126 0.326853
2127 0.342733
2128 0.348624
2129 0.360755
2130 0.372595
2131 0.377672
2132 0.385141
2133 0.393839
2134 0.396745
2135 0.400146
2136 0.404932
2137 0.406473
2138 0.403088
2139 0.407279
2140 0.409619
2141 0.411559
2142 0.418464
2143 0.419079
2144 0.422053
2145 0.423945
2146 0.417303
2147 0.416161
2148 0.409978
2149 0.408197
2150 0.402286
2151 0.384586
2152 0.381054
2153 0.363629
2154 0.369477
2155 0.365015
2156 0.365218
2157 0.371964
2158 0.370663
2159 0.373126
2160 0.378806
2161 0.379181
2162 0.37398
2163 0.371665
2164 0.372619
2165 0.369561
2166 0.366356
2167 0.366595
2168 0.361426
2169 0.358484
2170 0.357007
2171 0.353674
2172 0.34587
2173 0.343647
2174 0.332673
2175 0.313497
2176 0.306288
2177 0.292285
2178 0.276098
2179 0.260814
2180 0.248252
2181 0.236192
2182 0.230756
2183 0.218369
2184 0.204989
2185 0.19857
2186 0.188643
2187 0.175749
2188 0.171386
2189 0.161287
2190 0.153184
2191 0.147539
2192 0.13483
2193 0.123816
2194 0.120687
2195 0.111151
2196 0.10371
2197 0.0996862
2198 0.09302
2199 0.085775
2200 0.0839627
2201 0.0796955
2202 0.0727019
2203 0.0709416
2204 0.0656804
2205 0.0631656
2206 0.0632534
2207 0.061525
2208 0.0594892
2209 0.0573257
2210 0.0564675
2211 0.0535495
2212 0.0516773
2213 0.0498252
2214 0.0485678
2215 0.0470629
2216 0.0463603
2217 0.0458613
2218 0.0451987
2219 0.0458733
2220 0.045534
2221 0.0458973
2222 0.0455779
2223 0.0460689
2224 0.0476536
2225 0.0470788
2226 0.0466677
2227 0.0472185
2228 0.0483243
2229 0.0472066
2230 0.0472545
2231 0.0476776
2232 0.0477854
2233 0.0484161
2234 0.0490388
2235 0.0471627
2236 0.0477055
2237 0.0476017
2238 0.0475698
2239 0.0487713
2240 0.0488671
2241 0.0484121
2242 0.0485957
2243 0.0483243
2244 0.0490947
2245 0.049398
2246 0.0496934
2247 0.0491346
2248 0.0487394
2249 0.0500527
2250 0.049921
2251 0.0503002
2252 0.0507193
2253 0.051362
2254 0.0514378
2255 0.0525396
2256 0.0517771
2257 0.052316
2258 0.0524837
2259 0.0534497
2260 0.0516015
2261 0.0520566
2262 0.0539966
2263 0.0540844
2264 0.0542001
2265 0.0543438
2266 0.05525
2267 0.0589583
2268 0.0665546
2269 0.0692291
2270 0.0760351
2271 0.0864216
2272 0.0932675
2273 0.1006
2274 0.103319
2275 0.108464
2276 0.116448
2277 0.121226
2278 0.12414
2279 0.127724
2280 0.131477
2281 0.133185
2282 0.135572
2283 0.136909
2284 0.138139
2285 0.13976
2286 0.141213
2287 0.142147
2288 0.143879
2289 0.145444
2290 0.14619
2291 0.148785
2292 0.149136
2293 0.149807
2294 0.148765
2295 0.146134
2296 0.147987
2297 0.148677
2298 0.151228
2299 0.152737
2300 0.155379
2301 0.159152
2302 0.160628
2303 0.163934
2304 0.166592
2305 0.169602
2306 0.168648
2307 0.169462
2308 0.170289
2309 0.170927
2310 0.169031
2311 0.167051
2312 0.162832
2313 0.161375
2314 0.160449
2315 0.155599
2316 0.150138
2317 0.147995
2318 0.142071
2319 0.139181
2320 0.138243
2321 0.135432
2322 0.132167
2323 0.124842
2324 0.119633
2325 0.116436
2326 0.11525
2327 0.114081
2328 0.112751
2329 0.110197
2330 0.110085
2331 0.106313
2332 0.104967
2333 0.102768
2334 0.0996823
2335 0.096433
2336 0.0932475
2337 0.0893675
2338 0.0860065
2339 0.0823899
2340 0.0807054
2341 0.0797394
2342 0.0777435
2343 0.0757956
2344 0.0752607
2345 0.0727339
2346 0.0719395
2347 0.0700993
2348 0.0667183
2349 0.0645148
2350 0.0643272
2351 0.0633333
2352 0.0648342
2353 0.0645907
2354 0.0637125
2355 0.0624471
2356 0.0617446
2357 0.0615849
2358 0.0601119
2359 0.0595611
2360 0.0579843
2361 0.0580921
2362 0.0582957
2363 0.0564156
2364 0.0565513
2365 0.056675
2366 0.0578246
2367 0.0584993
2368 0.058148
2369 0.0606548
2370 0.060088
2371 0.0608504
2372 0.0618763
2373 0.0626467
2374 0.0619202
2375 0.061509
2376 0.0606828
2377 0.0599523
2378 0.0609622
2379 0.0595012
2380 0.0592297
2381 0.0586749
2382 0.0575812
2383 0.0581121
2384 0.0658162
2385 0.0743266
2386 0.0803222
2387 0.0904892
2388 0.0961615
2389 0.0995226
2390 0.106281
2391 0.109646
2392 0.11028
2393 0.111989
2394 0.114164
2395 0.114787
2396 0.114069
2397 0.114396
2398 0.113059
2399 0.113031
2400 0.113981
2401 0.114292
2402 0.116108
2403 0.117925
2404 0.118871
2405 0.122112
2406 0.123202
2407 0.124028
2408 0.126718
2409 0.127581
2410 0.127589
2411 0.130259
2412 0.131896
2413 0.130954
2414 0.125457
2415 0.119014
2416 0.116272
2417 0.109426
2418 0.106173
2419 0.105103
2420 0.100836
2421 0.0950358
2422 0.0917626
2423 0.084773
2424 0.0786696
2425 0.0753445
2426 0.0688659
2427 0.062507
2428 0.0593176
2429 0.0535734
2430 0.0486516
2431 0.0465679
2432 0.0436938
2433 0.0487035
2434 0.052827
2435 0.0616687
2436 0.0656964
2437 0.0705304
2438 0.0754123
2439 0.077983
2440 0.0793921
2441 0.0815277
2442 0.0835755
2443 0.084314
2444 0.0866731
2445 0.0870962
2446 0.0888366
2447 0.0903296
2448 0.0912636
2449 0.0913954
2450 0.0945409
2451 0.0952275
2452 0.0957863
2453 0.0960218
2454 0.0967922
2455 0.0946766
2456 0.0951157
2457 0.0964449
2458 0.0992112
2459 0.101978
2460 0.105718
2461 0.106564
2462 0.107889
2463 0.104329
2464 0.101407
2465 0.0966765
2466 0.0902537
2467 0.0876152
2468 0.0833639
2469 0.0786856
2470 0.0769612
2471 0.0741549
2472 0.0687261
2473 0.0664349
2474 0.0627545
2475 0.061042
2476 0.060056
2477 0.0582039
2478 0.0577169
2479 0.0583276
2480 0.056695
2481 0.0550344
2482 0.053785
2483 0.0545873
2484 0.0552939
2485 0.0560323
2486 0.056703
2487 0.0576849
2488 0.0577927
2489 0.0583635
2490 0.0590701
2491 0.0594293
2492 0.060056
2493 0.0609781
2494 0.060571
2495 0.0618404
2496 0.0620639
2497 0.0622316
2498 0.0625349
2499 0.0631776
2500 0.0633293
2501 0.0636007
2502 0.0646067
2503 0.0646945
2504 0.0647783
2505 0.0646665
2506 0.0644829
2507 0.0645348
2508 0.0669578
2509 0.069744
2510 0.0749174
2511 0.080897
2512 0.0846653
2513 0.0942175
2514 0.100357
2515 0.104428
2516 0.111091
2517 0.112663
2518 0.113298
2519 0.114719
2520 0.113701
2521 0.113566
2522 0.114879
2523 0.114891
2524 0.115721
2525 0.117793
2526 0.120399
2527 0.12008
2528 0.122703
2529 0.124695
2530 0.12501
2531 0.124511
2532 0.126108
2533 0.127185
2534 0.128187
2535 0.129788
2536 0.132714
2537 0.133189
2538 0.136199
2539 0.137915
2540 0.138159
2541 0.140031
2542 0.140091
2543 0.138386
2544 0.141923
2545 0.140765
2546 0.140294
2547 0.142334
2548 0.143939
2549 0.144162
2550 0.142813
2551 0.140853
2552 0.136498
2553 0.13093
2554 0.127649
2555 0.124387
2556 0.120603
2557 0.117238
2558 0.110033
2559 0.102672
2560 0.100145
2561 0.0914153
2562 0.0842022
2563 0.0797354
2564 0.0734085
2565 0.0669538
2566 0.0632654
2567 0.0578207
2568 0.0525316
2569 0.0502882
2570 0.0465958
2571 0.044101
2572 0.0437856
2573 0.0427597
2574 0.0415862
2575 0.0413546
2576 0.0413507
2577 0.0413586
2578 0.0413786
2579 0.0414025
2580 0.0413786
2581 0.0413546
2582 0.0413586
2583 0.0413986
2584 0.0413786
2585 0.0413906
2586 0.0413267
2587 0.0413427
2588 0.0413467
2589 0.0413347
2590 0.0413347
2591 0.0413586
2592 0.0413666
2593 0.0413786
2594 0.0413786
2595 0.0413786
2596 0.0413666
2597 0.0414065
2598 0.0414185
2599 0.0414025
2600 0.0413946
2601 0.0413946
2602 0.0413986
2603 0.0413986
2604 0.0413826
2605 0.0413826
2606 0.0413826
2607 0.0414025
2608 0.0414025
2609 0.0414185
2610 0.0414065
2611 0.0413986
2612 0.0414025
2613 0.0414145
2614 0.0414065
2615 0.0414305
2616 0.0414305
2617 0.0414265
2618 0.0414385
2619 0.0414185
2620 0.0414744
2621 0.0413986
2622 0.0413986
2623 0.0414185
2624 0.0413866
2625 0.0454103
2626 0.0485438
2627 0.0555653
2628 0.0620839
2629 0.0654888
2630 0.0673849
2631 0.0727858
2632 0.0745222
2633 0.0771767
2634 0.0787016
2635 0.0790409
2636 0.0791007
2637 0.0815956
2638 0.0851243
2639 0.0944211
2640 0.104484
2641 0.110731
2642 0.121477
2643 0.134059
2644 0.141129
2645 0.155679
2646 0.165019
2647 0.170073
2648 0.184216
2649 0.191676
2650 0.196363
2651 0.203743
2652 0.213819
2653 0.214366
2654 0.215599
2655 0.22367
2656 0.225431
2657 0.231746
2658 0.234795
2659 0.237558
2660 0.246136
2661 0.2517
2662 0.25012
2663 0.248834
2664 0.247373
2665 0.244875
2666 0.241965
2667 0.237606
2668 0.234304
2669 0.233051
2670 0.231075
2671 0.227534
2672 0.222517
2673 0.225519
2674 0.231526
2675 0.229514
2676 0.234073
2677 0.235454
2678 0.238152
2679 0.239226
2680 0.234237
2681 0.228692
2682 0.223459
2683 0.220281
2684 0.215212
2685 0.210086
2686 0.208158
2687 0.206075
2688 0.203799
2689 0.200822
2690 0.195592
2691 0.191493
2692 0.18683
2693 0.179685
2694 0.174077
2695 0.171163
2696 0.163862
2697 0.156425
2698 0.153703
2699 0.148689
2700 0.142155
2701 0.13849
2702 0.131189
2703 0.124727
2704 0.122407
2705 0.116276
2706 0.109773
2707 0.105782
2708 0.0999896
2709 0.0940658
2710 0.0921099
2711 0.0895432
2712 0.0898426
2713 0.090581
2714 0.0914473
2715 0.0917546
2716 0.09207
2717 0.0923015
2718 0.0929681
2719 0.0924133
2720 0.0920221
2721 0.0924851
2722 0.0927526
2723 0.0933513
2724 0.0943612
2725 0.0929082
2726 0.0932755
2727 0.0946766
2728 0.0960258
2729 0.100245
2730 0.104903
2731 0.108217
2732 0.113829
2733 0.119525
2734 0.121142
2735 0.126491
2736 0.129265
2737 0.130846
2738 0.135636
2739 0.138921
2740 0.140602
2741 0.141815
2742 0.142662
2743 0.143667
2744 0.145009
2745 0.144701
2746 0.145863
2747 0.145931
2748 0.149619
2749 0.149268
2750 0.152298
2751 0.155024
2752 0.154549
2753 0.158329
2754 0.158118
2755 0.159587
2756 0.160417
2757 0.160776
2758 0.16294
2759 0.162836
2760 0.161403
2761 0.162006
2762 0.163634
2763 0.163155
2764 0.167095
2765 0.166772
2766 0.167722
2767 0.169327
2768 0.172061
2769 0.171993
2770 0.172256
2771 0.170696
2772 0.172476
2773 0.172185
2774 0.172763
2775 0.174388
2776 0.173933
2777 0.174153
2778 0.173809
2779 0.173929
2780 0.177039
2781 0.17836
2782 0.179709
2783 0.17919
2784 0.181936
2785 0.181338
2786 0.185194
2787 0.186212
2788 0.18786
2789 0.188946
2790 0.188503
2791 0.189142
2792 0.189688
2793 0.190427
2794 0.191365
2795 0.189744
2796 0.190199
2797 0.190479
2798 0.189381
2799 0.191585
2800 0.192471
2801 0.19083
2802 0.192587
2803 0.192499
2804 0.190419
2805 0.191046
2806 0.190275
2807 0.191912
2808 0.191748
2809 0.19071
2810 0.189269
2811 0.19091
2812 0.191593
2813 0.191569
2814 0.191505
2815 0.19388
2816 0.194083
2817 0.195496
2818 0.195596
2819 0.196063
2820 0.196662
2821 0.197301
2822 0.196287
2823 0.195788
2824 0.196482
2825 0.196502
2826 0.195748
2827 0.194259
2828 0.194143
2829 0.194886
2830 0.194794
2831 0.195265
2832 0.194954
2833 0.195089
2834 0.194874
2835 0.192543
2836 0.192694
2837 0.191565
2838 0.190583
2839 0.190219
2840 0.190519
2841 0.19269
2842 0.193824
2843 0.194091
2844 0.195373
2845 0.195776
2846 0.195397
2847 0.19552
2848 0.195704
2849 0.195852
2850 0.197133
2851 0.197405
2852 0.199265
2853 0.201081
2854 0.201891
2855 0.201959
2856 0.201995
2857 0.202458
2858 0.200067
2859 0.199285
2860 0.191581
2861 0.191205
2862 0.191301
2863 0.191241
2864 0.19261
2865 0.194207
2866 0.194095
2867 0.195584
2868 0.196586
2869 0.197688
2870 0.201149
2871 0.203041
2872 0.202977
2873 0.199285
2874 0.198921
2875 0.197967
2876 0.195788
2877 0.19558
2878 0.194383
2879 0.195077
2880 0.197165
2881 0.19861
2882 0.201716
2883 0.20552
2884 0.207576
2885 0.210454
2886 0.211368
2887 0.212921
2888 0.213503
2889 0.215192
2890 0.216162
2891 0.216601
2892 0.215663
2893 0.215148
2894 0.211867
2895 0.213048
2896 0.21338
2897 0.214162
2898 0.21425
2899 0.215228
2900 0.214841
2901 0.21514
2902 0.214757
2903 0.213771
2904 0.21332
2905 0.213579
2906 0.213938
2907 0.215028
2908 0.215627
2909 0.215383
2910 0.211907
2911 0.212038
2912 0.21243
2913 0.212948
2914 0.212873
2915 0.212893
2916 0.212394
2917 0.212398
2918 0.211691
2919 0.212106
2920 0.212414
2921 0.212653
2922 0.213475
2923 0.213531
2924 0.21417
2925 0.213667
2926 0.212821
2927 0.215703
2928 0.216381
2929 0.217076
2930 0.21985
2931 0.221199
2932 0.221479
2933 0.224117
2934 0.224337
2935 0.223774
2936 0.221607
2937 0.222844
2938 0.222808
2939 0.226297
2940 0.227007
2941 0.227654
2942 0.227746
2943 0.228077
2944 0.229418
2945 0.232285
2946 0.238671
2947 0.242895
2948 0.247852
2949 0.251932
2950 0.2541
2951 0.259604
2952 0.260945
2953 0.262279
2954 0.265775
2955 0.271053
2956 0.274058
2957 0.279008
2958 0.28583
2959 0.289934
2960 0.292073
2961 0.298212
2962 0.300444
2963 0.306503
2964 0.311381
2965 0.314423
2966 0.321441
2967 0.327017
2968 0.332633
2969 0.339376
2970 0.345491
2971 0.348377
2972 0.354053
2973 0.360684
2974 0.363538
2975 0.365925
2976 0.372994
2977 0.375289
2978 0.379664
2979 0.383277
2980 0.385504
2981 0.391165
2982 0.396581
2983 0.400426
2984 0.403395
2985 0.420556
2986 0.422448
2987 0.425546
2988 0.42806
2989 0.431865
2990 0.439229
2991 0.445844
2992 0.452191
2993 0.459384
2994 0.460601
2995 0.466685
2996 0.471435
2997 0.4806
2998 0.487626
2999 0.496352
3000 0.498806
3001 0.501884
3002 0.509572
3003 0.517169
3004 0.521811
3005 0.529878
3006 0.537271
3007 0.539239
3008 0.545754
3009 0.557278
3010 0.584609
3011 0.588394
3012 0.594561
3013 0.594565
3014 0.60741
3015 0.615993
3016 0.62127
3017 0.632127
3018 0.636438
3019 0.638514
3020 0.644178
3021 0.651958
3022 0.655395
3023 0.66076
3024 0.66377
3025 0.665035
3026 0.668676
3027 0.671953
3028 0.674464
3029 0.680424
3030 0.695325
3031 0.698434
3032 0.701636
3033 0.707348
3034 0.709132
3035 0.737059
3036 0.740883
3037 0.74299
3038 0.743454
3039 0.731263
3040 0.727938
3041 0.723934
3042 0.719271
3043 0.716912
3044 0.716006
3045 0.717679
3046 0.716677
3047 0.715527
3048 0.71597
3049 0.714709
3050 0.714725
3051 0.712266
3052 0.711068
3053 0.712006
3054 0.711236
3055 0.709983
3056 0.707452
3057 0.709504
3058 0.709492
3059 0.712673
3060 0.719084
3061 0.720126
3062 0.721742
3063 0.724089
3064 0.721331
3065 0.728496
3066 0.726181
3067 0.72698
3068 0.722549
3069 0.719212
3070 0.7268
3071 0.725934
3072 0.722165
3073 0.722756
3074 0.724042
3075 0.725051
3076 0.726025
3077 0.723974
3078 0.722265
3079 0.723431
3080 0.720605
3081 0.720968
3082 0.726784
3083 0.730732
3084 0.732368
3085 0.738763
3086 0.739138
3087 0.742112
3088 0.74343
3089 0.73947
3090 0.738592
3091 0.739745
3092 0.738667
3093 0.739585
3094 0.739498
3095 0.738061
3096 0.733885
3097 0.73727
3098 0.737322
3099 0.737897
3100 0.738041
3101 0.739342
3102 0.739494
3103 0.738699
3104 0.741106
3105 0.740404
3106 0.74032
3107 0.740384
3108 0.740348
3109 0.740563
3110 0.743342
3111 0.743326
3112 0.742631
3113 0.743621
3114 0.743174
3115 0.744487
3116 0.743665
3117 0.742476
3118 0.742064
3119 0.744024
3120 0.744914
3121 0.744515
3122 0.743521
3123 0.743893
3124 0.743765
3125 0.743849
3126 0.743901
3127 0.743964
3128 0.743988
3129 0.743082
3130 0.742032
3131 0.744727
3132 0.74691
3133 0.744252
3134 0.743829
3135 0.750487
3136 0.747557
3137 0.748559
3138 0.748284
3139 0.747202
3140 0.746563
3141 0.747481
3142 0.74602
3143 0.745166
3144 0.742891
3145 0.743142
3146 0.741921
3147 0.741182
3148 0.741665
3149 0.74129
3150 0.741094
3151 0.741242
3152 0.739095
3153 0.738508
3154 0.737837
3155 0.736851
3156 0.734963
3157 0.733318
3158 0.732376
3159 0.732165
3160 0.731007
3161 0.730065
3162 0.730796
3163 0.730636
3164 0.729315
3165 0.730365
3166 0.730392
3167 0.730189
3168 0.730273
3169 0.729858
3170 0.729271
3171 0.730153
3172 0.728844
3173 0.729207
3174 0.729554
3175 0.729111
3176 0.731458
3177 0.732225
3178 0.731977
3179 0.732045
3180 0.732752
3181 0.729917
3182 0.730788
3183 0.731682
3184 0.732895
3185 0.739322
3186 0.739801
3187 0.738033
3188 0.739749
3189 0.740739
3190 0.738815
3191 0.74054
3192 0.740727
3193 0.7405
3194 0.743214
3195 0.742815
3196 0.74224
3197 0.740264
3198 0.738516
3199 0.738847
3200 0.736731
3201 0.73842
3202 0.736851
3203 0.737007
3204 0.73664
3205 0.736492
3206 0.737015
3207 0.735877
3208 0.736807
3209 0.736648
3210 0.7401
3211 0.740911
3212 0.740615
3213 0.740939
3214 0.741178
3215 0.741617
3216 0.743018
3217 0.7423
3218 0.742787
3219 0.742735
3220 0.742248
3221 0.74034
3222 0.740571
3223 0.740472
3224 0.740635
3225 0.74222
3226 0.74228
3227 0.744264
3228 0.747286
3229 0.747824
3230 0.748411
3231 0.748032
3232 0.74798
3233 0.748228
3234 0.748407
3235 0.745793
3236 0.745421
3237 0.744767
3238 0.74404
3239 0.74396
3240 0.744036
3241 0.743877
3242 0.743521
3243 0.744803
3244 0.744823
3245 0.745214
3246 0.744499
3247 0.744739
3248 0.745002
3249 0.745014
3250 0.74408
3251 0.743509
3252 0.743158
3253 0.743398
3254 0.742012
3255 0.740943
3256 0.741446
3257 0.740911
3258 0.742356
3259 0.74337
3260 0.742172
3261 0.742048
3262 0.743054
3263 0.745014
3264 0.746144
3265 0.744336
3266 0.742743
3267 0.742851
3268 0.742879
3269 0.743785
3270 0.744024
3271 0.74507
3272 0.74499
3273 0.745374
3274 0.745258
3275 0.744843
3276 0.747186
3277 0.747697
3278 0.747621
3279 0.748447
3280 0.748176
3281 0.748607
3282 0.749992
3283 0.751273
3284 0.752343
3285 0.758694
3286 0.758439
3287 0.758279
3288 0.756854
3289 0.754922
3290 0.754926
3291 0.756335
3292 0.756427
3293 0.758155
3294 0.758127
3295 0.757085
3296 0.756071
3297 0.756758
3298 0.756195
3299 0.756099
3300 0.755588
3301 0.754934
3302 0.755716
3303 0.755696
3304 0.755089
3305 0.756251
3306 0.756191
3307 0.755912
3308 0.755034
3309 0.75505
3310 0.756722
3311 0.75681
3312 0.757153
3313 0.757309
3314 0.756666
3315 0.755796
3316 0.75588
3317 0.755177
3318 0.754084
3319 0.755233
3320 0.754722
3321 0.751844
3322 0.753078
3323 0.753022
3324 0.753002
3325 0.753633
3326 0.75309
3327 0.753401
3328 0.753237
3329 0.75283
3330 0.751876
3331 0.752327
3332 0.752387
3333 0.752619
3334 0.752439
3335 0.745489
3336 0.745445
3337 0.745861
3338 0.745581
3339 0.744503
3340 0.744571
3341 0.744467
3342 0.744256
3343 0.743917
3344 0.744088
3345 0.743669
3346 0.742998
3347 0.744004
3348 0.744
3349 0.743996
3350 0.74422
3351 0.744376
3352 0.743976
3353 0.744092
3354 0.744136
3355 0.744763
3356 0.745561
3357 0.745996
3358 0.745449
3359 0.745294
3360 0.748547
3361 0.747669
3362 0.748323
3363 0.74812
3364 0.747505
3365 0.746156
3366 0.74523
3367 0.744164
3368 0.7423
3369 0.741166
3370 0.740428
3371 0.739821
3372 0.739154
3373 0.739031
3374 0.739186
3375 0.738691
3376 0.73826
3377 0.737829
3378 0.738348
3379 0.738296
3380 0.737961
3381 0.738001
3382 0.737945
3383 0.738815
3384 0.738719
3385 0.736081
3386 0.736185
3387 0.735821
3388 0.73561
3389 0.735797
3390 0.735969
3391 0.735757
3392 0.735171
3393 0.734456
3394 0.734664
3395 0.734839
3396 0.734264
3397 0.734125
3398 0.734712
3399 0.735781
3400 0.737007
3401 0.738061
3402 0.737941
3403 0.738324
3404 0.738288
3405 0.737965
3406 0.737817
3407 0.737518
3408 0.737166
3409 0.736687
3410 0.737665
3411 0.737246
3412 0.736248
3413 0.734879
3414 0.734013
3415 0.734057
3416 0.733837
3417 0.73363
3418 0.733698
3419 0.733442
3420 0.733346
3421 0.732508
3422 0.732744
3423 0.732684
3424 0.732644
3425 0.733302
3426 0.73242
3427 0.732261
3428 0.733087
3429 0.733171
3430 0.733031
3431 0.732831
3432 0.734935
3433 0.734767
3434 0.738388
3435 0.752754
3436 0.752247
3437 0.752487
3438 0.752379
3439 0.751708
3440 0.752024
3441 0.754072
3442 0.754287
3443 0.754571
3444 0.754718
3445 0.754686
3446 0.755413
3447 0.755908
3448 0.75582
3449 0.756207
3450 0.757441
3451 0.758862
3452 0.758722
3453 0.759025
3454 0.758622
3455 0.758091
3456 0.758219
3457 0.758606
3458 0.758383
3459 0.758067
3460 0.767975
3461 0.767652
3462 0.767328
3463 0.767013
3464 0.766857
3465 0.766686
3466 0.766953
3467 0.766258
3468 0.765692
3469 0.766498
3470 0.766686
3471 0.766175
3472 0.764965
3473 0.764702
3474 0.764558
3475 0.764382
3476 0.764378
3477 0.763951
3478 0.763744
3479 0.763851
3480 0.763684
3481 0.762949
3482 0.762869
3483 0.762937
3484 0.762953
3485 0.777599
3486 0.776118
3487 0.776206
3488 0.775723
3489 0.774745
3490 0.775108
3491 0.776956
3492 0.778485
3493 0.781647
3494 0.783459
3495 0.786042
3496 0.784297
3497 0.784106
3498 0.783786
3499 0.783203
3500 0.781926
3501 0.784904
3502 0.785195
3503 0.787894
3504 0.786309
3505 0.78579
3506 0.783702
3507 0.786449
3508 0.783439
3509 0.782561
3510 0.782772
3511 0.781459
3512 0.78205
3513 0.779296
3514 0.778549
3515 0.77898
3516 0.774881
3517 0.774286
3518 0.773464
3519 0.774669
3520 0.772729
3521 0.772106
3522 0.772294
3523 0.771512
3524 0.771332
3525 0.770889
3526 0.772238
3527 0.772386
3528 0.771983
3529 0.772653
3530 0.772753
3531 0.771643
3532 0.771687
3533 0.771552
3534 0.77126
3535 0.770414
3536 0.770019
3537 0.770326
3538 0.770019
3539 0.77037
3540 0.769875
3541 0.769404
3542 0.769512
3543 0.769288
3544 0.769987
3545 0.769879
3546 0.767516
3547 0.767532
3548 0.766717
3549 0.766442
3550 0.766055
3551 0.765835
3552 0.765795
3553 0.765312
3554 0.765883
3555 0.765588
3556 0.765193
3557 0.765476
3558 0.765632
3559 0.765105
3560 0.765815
3561 0.765608
3562 0.76532
3563 0.765716
3564 0.765436
3565 0.765468
3566 0.76558
3567 0.766466
3568 0.765005
3569 0.762798
3570 0.762199
3571 0.762754
3572 0.763696
3573 0.763879
3574 0.763716
3575 0.763568
3576 0.762921
3577 0.763193
3578 0.763656
3579 0.764758
3580 0.763895
3581 0.764191
3582 0.764135
3583 0.763887
3584 0.763444
3585 0.763384
3586 0.763536
3587 0.763588
3588 0.763105
3589 0.76182
3590 0.762179
3591 0.762127
3592 0.762143
3593 0.762722
3594 0.757053
3595 0.756263
3596 0.75671
3597 0.755624
3598 0.755608
3599 0.756359
3600 0.756127
3601 0.755034
3602 0.755676
3603 0.755616
3604 0.755445
3605 0.756175
3606 0.756854
3607 0.757241
3608 0.758251
3609 0.757225
3610 0.75754
3611 0.758051
3612 0.757213
3613 0.758451
3614 0.758195
3615 0.758227
3616 0.75859
3617 0.758363
3618 0.758726
3619 0.764658
3620 0.763879
3621 0.765272
3622 0.765253
3623 0.765428
3624 0.762945
3625 0.762147
3626 0.761971
3627 0.762051
3628 0.763991
3629 0.765237
3630 0.766087
3631 0.76627
3632 0.766294
3633 0.76657
3634 0.766494
3635 0.76659
3636 0.766578
3637 0.767999
3638 0.771204
3639 0.772545
3640 0.773184
3641 0.77334
3642 0.773743
3643 0.774122
3644 0.781132
3645 0.781004
3646 0.782377
3647 0.778721
3648 0.779084
3649 0.779256
3650 0.779415
3651 0.779
3652 0.779699
3653 0.779894
3654 0.779403
3655 0.779779
3656 0.78005
3657 0.779966
3658 0.780597
3659 0.782281
3660 0.782469
3661 0.783255
3662 0.782956
3663 0.784377
3664 0.784493
3665 0.784664
3666 0.785311
3667 0.785491
3668 0.78585
3669 0.782162
3670 0.78185
3671 0.781635
3672 0.779531
3673 0.776314
3674 0.776841
3675 0.776282
3676 0.775827
3677 0.775958
3678 0.775791
3679 0.775443
3680 0.77496
3681 0.774841
3682 0.775719
3683 0.774992
3684 0.775535
3685 0.775599
3686 0.775847
3687 0.776122
3688 0.77595
3689 0.775547
3690 0.775228
3691 0.77536
3692 0.774469
3693 0.774234
3694 0.772354
3695 0.771687
3696 0.772198
3697 0.771711
3698 0.771767
3699 0.771208
3700 0.770637
3701 0.770665
3702 0.770502
3703 0.769623
3704 0.769803
3705 0.770107
3706 0.769763
3707 0.769915
3708 0.769316
3709 0.768933
3710 0.767791
3711 0.766733
3712 0.766921
3713 0.767113
3714 0.767185
3715 0.766805
3716 0.767089
3717 0.766282
3718 0.766438
3719 0.76253
3720 0.762175
3721 0.761939
3722 0.761604
3723 0.762147
3724 0.761963
3725 0.760706
3726 0.760834
3727 0.760279
3728 0.759181
3729 0.75958
3730 0.759556
3731 0.760019
3732 0.759353
3733 0.760466
3734 0.761193
3735 0.761073
3736 0.760858
3737 0.760654
3738 0.761065
3739 0.761213
3740 0.761013
3741 0.760758
3742 0.760973
3743 0.760598
3744 0.759345
3745 0.760167
3746 0.759588
3747 0.759117
3748 0.759429
3749 0.758738
3750 0.76077
3751 0.760634
3752 0.760646
3753 0.760191
3754 0.759776
3755 0.759864
3756 0.759512
3757 0.758638
3758 0.75853
3759 0.75865
3760 0.758175
3761 0.758323
3762 0.758123
3763 0.757389
3764 0.757389
3765 0.755133
3766 0.754008
3767 0.752623
3768 0.752183
3769 0.748264
3770 0.747485
3771 0.748216
3772 0.747593
3773 0.748248
3774 0.747641
3775 0.74812
3776 0.747976
3777 0.748016
3778 0.748798
3779 0.748767
3780 0.747924
3781 0.748236
3782 0.748874
3783 0.748236
3784 0.748447
3785 0.748906
3786 0.748607
3787 0.748403
3788 0.748124
3789 0.747817
3790 0.747928
3791 0.747617
3792 0.747377
3793 0.747246
3794 0.751305
3795 0.751018
3796 0.750834
3797 0.751373
3798 0.750535
3799 0.749741
3800 0.748942
3801 0.749186
3802 0.749262
3803 0.748691
3804 0.748719
3805 0.748475
3806 0.748228
3807 0.748
3808 0.752323
3809 0.763197
3810 0.767584
3811 0.777411
3812 0.784732
3813 0.787938
3814 0.788377
3815 0.82178
3816 0.83441
3817 0.86624
3818 0.871956
3819 0.886766
3820 0.886885
3821 0.887289
3822 0.887664
3823 0.888646
3824 0.888458
3825 0.887907
3826 0.889839
3827 0.896973
3828 0.899428
3829 0.899475
3830 0.900625
3831 0.900537
3832 0.901859
3833 0.902262
3834 0.902569
3835 0.90298
3836 0.902872
3837 0.902797
3838 0.902661
3839 0.902425
3840 0.902789
3841 0.902741
3842 0.903168
3843 0.903096
3844 0.902114
3845 0.902374
3846 0.901898
3847 0.903
3848 0.902948
3849 0.903435
3850 0.903387
3851 0.903144
3852 0.902689
3853 0.902725
3854 0.902573
3855 0.902653
3856 0.903387
3857 0.903284
3858 0.90294
3859 0.902964
3860 0.903407
3861 0.902633
3862 0.902681
3863 0.902318
3864 0.902517
3865 0.902397
3866 0.901994
3867 0.902158
3868 0.90132
3869 0.901867
3870 0.901619
3871 0.901747
3872 0.90215
3873 0.900625
3874 0.900681
3875 0.900641
3876 0.900733
3877 0.900661
3878 0.900901
3879 0.901364
3880 0.901356
3881 0.901815
3882 0.900422
3883 0.90037
3884 0.900789
3885 0.900298
3886 0.901
3887 0.901535
3888 0.901008
3889 0.900601
3890 0.900928
3891 0.901012
3892 0.901144
3893 0.901312
3894 0.902449
3895 0.902904
3896 0.902757
3897 0.902685
3898 0.899839
3899 0.900126
3900 0.900485
3901 0.901906
3902 0.901236
3903 0.901264
3904 0.900573
3905 0.898629
3906 0.898478
3907 0.89819
3908 0.898286
3909 0.898797
3910 0.896617
3911 0.893975
3912 0.893751
3913 0.890949
3914 0.887544
3915 0.887117
3916 0.883824
3917 0.882279
3918 0.88192
3919 0.884283
3920 0.884059
3921 0.884502
3922 0.885604
3923 0.884738
3924 0.884941
3925 0.884969
3926 0.884718
3927 0.884746
3928 0.88473
3929 0.884898
3930 0.883425
3931 0.884295
3932 0.887967
3933 0.886526
3934 0.890402
3935 0.895136
3936 0.897072
3937 0.897184
3938 0.899947
3939 0.900042
3940 0.900018
3941 0.900174
3942 0.900338
3943 0.900414
3944 0.89839
3945 0.899004
3946 0.899168
3947 0.898557
3948 0.898657
3949 0.898525
3950 0.897903
3951 0.898158
3952 0.898142
3953 0.898474
3954 0.898358
3955 0.899108
3956 0.899667
3957 0.899539
3958 0.899276
3959 0.899224
3960 0.898981
3961 0.897531
3962 0.898366
3963 0.895572
3964 0.898785
3965 0.898302
3966 0.899072
3967 0.899028
3968 0.899875
3969 0.902358
3970 0.902354
3971 0.902529
3972 0.902797
3973 0.902769
3974 0.902154
3975 0.903256
3976 0.903076
3977 0.903304
3978 0.900402
3979 0.902302
3980 0.901467
3981 0.90227
3982 0.900797
3983 0.900673
3984 0.901048
3985 0.90122
3986 0.901388
3987 0.9011
3988 0.900825
3989 0.900789
3990 0.900956
3991 0.900924
3992 0.901068
3993 0.900817
3994 0.89946
3995 0.899583
3996 0.900154
3997 0.900537
3998 0.898641
3999 0.896653
4000 0.89231
4001 0.892386
4002 0.891564
4003 0.896194
4004 0.896905
4005 0.897795
4006 0.900661
4007 0.902206
4008 0.901348
4009 0.901942
4010 0.901292
4011 0.901148
4012 0.900773
4013 0.900861
4014 0.90112
4015 0.902481
4016 0.902729
4017 0.902845
4018 0.902801
4019 0.901
4020 0.900649
4021 0.901803
4022 0.902202
4023 0.90205
4024 0.902238
4025 0.902429
4026 0.902182
4027 0.902174
4028 0.902485
4029 0.90235
4030 0.901667
4031 0.901348
4032 0.902385
4033 0.900821
4034 0.901471
4035 0.900881
4036 0.901543
4037 0.900805
4038 0.900322
4039 0.901807
4040 0.901643
4041 0.896977
4042 0.892438
4043 0.888067
4044 0.881485
4045 0.877393
4046 0.875309
4047 0.879141
4048 0.884151
4049 0.883696
4050 0.883532
4051 0.886758
4052 0.884814
4053 0.884103
4054 0.882391
4055 0.88556
4056 0.884762
4057 0.884758
4058 0.885628
4059 0.888243
4060 0.890989
4061 0.891907
4062 0.890546
4063 0.894873
4064 0.894178
4065 0.896953
4066 0.897324
4067 0.898062
4068 0.898011
4069 0.898545
4070 0.899
4071 0.900326
4072 0.900613
4073 0.900573
4074 0.900573
4075 0.900162
4076 0.899958
4077 0.900362
4078 0.900952
4079 0.901248
4080 0.90132
4081 0.900354
4082 0.90033
4083 0.900186
4084 0.901296
4085 0.901264
4086 0.900437
4087 0.901264
4088 0.901088
4089 0.900809
4090 0.900406
4091 0.900485
4092 0.900793
4093 0.900226
4094 0.897368
4095 0.897528
4096 0.896773
4097 0.896542
4098 0.896877
4099 0.897539
4100 0.89813
4101 0.898406
4102 0.898034
4103 0.895863
4104 0.895416
4105 0.898402
4106 0.898641
4107 0.899128
4108 0.899284
4109 0.899511
4110 0.898785
4111 0.899579
4112 0.899847
4113 0.900114
4114 0.900106
4115 0.899655
4116 0.898641
4117 0.898889
4118 0.893552
4119 0.897879
4120 0.898561
4121 0.898741
4122 0.898653
4123 0.898677
4124 0.898789
4125 0.898845
4126 0.898609
4127 0.898278
4128 0.899639
4129 0.899132
4130 0.897939
4131 0.897787
4132 0.897571
4133 0.897663
4134 0.896941
4135 0.89706
4136 0.89732
4137 0.897999
4138 0.897276
4139 0.8975
4140 0.89922
4141 0.899659
4142 0.899691
4143 0.899871
4144 0.895089
4145 0.894518
4146 0.894414
4147 0.894665
4148 0.894438
4149 0.894426
4150 0.893344
4151 0.892997
4152 0.893188
4153 0.892147
4154 0.892494
4155 0.894246
4156 0.892486
4157 0.889113
4158 0.891795
4159 0.893779
4160 0.892849
4161 0.893707
4162 0.893492
4163 0.893304
4164 0.892777
4165 0.893959
4166 0.89227
4167 0.892634
4168 0.891664
4169 0.891596
4170 0.891288
4171 0.892781
4172 0.888758
4173 0.88879
4174 0.892825
4175 0.892191
4176 0.890262
4177 0.89067
4178 0.888634
4179 0.887636
4180 0.891652
4181 0.894633
4182 0.89417
4183 0.898809
4184 0.898262
4185 0.898286
4186 0.897033
4187 0.895591
4188 0.897747
4189 0.898374
4190 0.899032
4191 0.90037
4192 0.903088
4193 0.902785
4194 0.899503
4195 0.902186
4196 0.904493
4197 0.908477
4198 0.908645
4199 0.908788
4200 0.910169
4201 0.91092
4202 0.914425
4203 0.913099
4204 0.908509
4205 0.908413
4206 0.909998
4207 0.909399
4208 0.909064
4209 0.910581
4210 0.905918
4211 0.905814
4212 0.908904
4213 0.909487
4214 0.911255
4215 0.910824
4216 0.909882
4217 0.907251
4218 0.908357
4219 0.909104
4220 0.908872
4221 0.912042
4222 0.90328
4223 0.902765
4224 0.905778
4225 0.908353
4226 0.912085
4227 0.912572
4228 0.911814
4229 0.912541
4230 0.9149
4231 0.918273
4232 0.921131
4233 0.924192
4234 0.92642
4235 0.928551
4236 0.935278
4237 0.937964
4238 0.942235
4239 0.944574
4240 0.944642
4241 0.944822
4242 0.937206
4243 0.937796
4244 0.927833
4245 0.92226
4246 0.921071
4247 0.920101
4248 0.90872
4249 0.904757
4250 0.903475
4251 0.894258
4252 0.89051
4253 0.888965
4254 0.861298
4255 0.853219
4256 0.848964
4257 0.856947
4258 0.85735
4259 0.857151
4260 0.82384
4261 0.824794
4262 0.823061
4263 0.825847
4264 0.819393
4265 0.818263
4266 0.81891
4267 0.820191
4268 0.82172
4269 0.823089
4270 0.832542
4271 0.837583
4272 0.849662
4273 0.855311
4274 0.858257
4275 0.861666
4276 0.860328
4277 0.861689
4278 0.867474
4279 0.871585
4280 0.871298
4281 0.874108
4282 0.875154
4283 0.875277
4284 0.870304
4285 0.869609
4286 0.872695
4287 0.869441
4288 0.875756
4289 0.875054
4290 0.879094
4291 0.884307
4292 0.850544
4293 0.847854
4294 0.837855
4295 0.83928
4296 0.845375
4297 0.841719
4298 0.843739
4299 0.841347
4300 0.841982
4301 0.84472
4302 0.842317
4303 0.842409
4304 0.840837
4305 0.838477
4306 0.842417
4307 0.847531
4308 0.851123
4309 0.848684
4310 0.845419
4311 0.854137
4312 0.853894
4313 0.853267
4314 0.855873
4315 0.860684
4316 0.864304
4317 0.844357
4318 0.832785
4319 0.821856
4320 0.823097
4321 0.822578
4322 0.807781
4323 0.795406
4324 0.792883
4325 0.795574
4326 0.7887
4327 0.777914
4328 0.775711
4329 0.772721
4330 0.770107
4331 0.774956
4332 0.766965
4333 0.772346
4334 0.769943
4335 0.771991
4336 0.761269
4337 0.76348
4338 0.767636
4339 0.766514
4340 0.76627
4341 0.766562
4342 0.763724
4343 0.765644
4344 0.756471
4345 0.760957
4346 0.761736
4347 0.761991
4348 0.766087
4349 0.767452
4350 0.766789
4351 0.769204
4352 0.768174
4353 0.776908
4354 0.778932
4355 0.77793
4356 0.772909
4357 0.768765
4358 0.770354
4359 0.764877
4360 0.760882
4361 0.763205
4362 0.758534
4363 0.752231
4364 0.750267
4365 0.749657
4366 0.739937
4367 0.741933
4368 0.736508
4369 0.726489
4370 0.725523
4371 0.72504
4372 0.727474
4373 0.718545
4374 0.720006
4375 0.715348
4376 0.71104
4377 0.713284
4378 0.704282
4379 0.697209
4380 0.698738
4381 0.699536
4382 0.701923
4383 0.698059
4384 0.699197
4385 0.699564
4386 0.708773
4387 0.712038
4388 0.715272
4389 0.720146
4390 0.71233
4391 0.711927
4392 0.709815
4393 0.696011
4394 0.689453
4395 0.685621
4396 0.679406
4397 0.673725
4398 0.664073
4399 0.657818
4400 0.654705
4401 0.65231
4402 0.643983
4403 0.642697
4404 0.640562
4405 0.629233
4406 0.625984
4407 0.619497
4408 0.608193
4409 0.609282
4410 0.606305
4411 0.602768
4412 0.602349
4413 0.609646
4414 0.60573
4415 0.611183
4416 0.620567
4417 0.625505
4418 0.625573
4419 0.630934
4420 0.644677
4421 0.646003
4422 0.647088
4423 0.653858
4424 0.655443
4425 0.659559
4426 0.657846
4427 0.656888
4428 0.651986
4429 0.647336
4430 0.635796
4431 0.629357
4432 0.630028
4433 0.628367
4434 0.621282
4435 0.618935
4436 0.614248
4437 0.614256
4438 0.614352
4439 0.609191
4440 0.612831
4441 0.61161
4442 0.606512
4443 0.612855
4444 0.604416
4445 0.610803
4446 0.614887
4447 0.616456
4448 0.620914
4449 0.628028
4450 0.635608
4451 0.635967
4452 0.635353
4453 0.640578
4454 0.638965
4455 0.632658
4456 0.629221
4457 0.631976
4458 0.63453
4459 0.632742
4460 0.63279
4461 0.628678
4462 0.625904
4463 0.625122
4464 0.625904
4465 0.628946
4466 0.63164
4467 0.640406
4468 0.643149
4469 0.633389
4470 0.647711
4471 0.655479
4472 0.663275
4473 0.666524
4474 0.671294
4475 0.668596
4476 0.663127
4477 0.671829
4478 0.65605
4479 0.65395
4480 0.657455
4481 0.655906
4482 0.631712
4483 0.629289
4484 0.627688
4485 0.621218
4486 0.606887
4487 0.606816
4488 0.608133
4489 0.605207
4490 0.605806
4491 0.606584
4492 0.604452
4493 0.599163
4494 0.589467
4495 0.598062
4496 0.599295
4497 0.60549
4498 0.612145
4499 0.614987
4500 0.612671
4501 0.624411
4502 0.626762
4503 0.641033
4504 0.651208
4505 0.65195
4506 0.673502
4507 0.679841
4508 0.681948
4509 0.70732
4510 0.717966
4511 0.718816
4512 0.739669
4513 0.741797
4514 0.747741
4515 0.767005
4516 0.777958
4517 0.782118
4518 0.783327
4519 0.781439
4520 0.782345
4521 0.784114
4522 0.786557
4523 0.785766
4524 0.81473
4525 0.823532
4526 0.823269
4527 0.82176
4528 0.853578
4529 0.860807
4530 0.872902
4531 0.879828
4532 0.880914
4533 0.882518
4534 0.883109
4535 0.884439
4536 0.87422
4537 0.871817
4538 0.871258
4539 0.870679
4540 0.874451
4541 0.871685
4542 0.865374
4543 0.862715
4544 0.854361
4545 0.856313
4546 0.852153
4547 0.84987
4548 0.844509
4549 0.837364
4550 0.834789
4551 0.82774
4552 0.834601
4553 0.837292
4554 0.833831
4555 0.83253
4556 0.830713
4557 0.762933
4558 0.757141
4559 0.755816
4560 0.744803
4561 0.743968
4562 0.743182
4563 0.735793
4564 0.686419
4565 0.689078
4566 0.68703
4567 0.682755
4568 0.68125
4569 0.672248
4570 0.646222
4571 0.645895
4572 0.648961
4573 0.660648
4574 0.654573
4575 0.666377
4576 0.664317
4577 0.651735
4578 0.654497
4579 0.641696
4580 0.637955
4581 0.630271
4582 0.619557
4583 0.615577
4584 0.60836
4585 0.60355
4586 0.605111
4587 0.601243
4588 0.593511
4589 0.598565
4590 0.599443
4591 0.618148
4592 0.61434
4593 0.612216
4594 0.622687
4595 0.622787
4596 0.62499
4597 0.62964
4598 0.621876
4599 0.625864
4600 0.62867
4601 0.625106
4602 0.624475
4603 0.624619
4604 0.629034
4605 0.627808
4606 0.623425
4607 0.62212
4608 0.616328
4609 0.614975
4610 0.61456
4611 0.60733
4612 0.603211
4613 0.602991
4614 0.600389
4615 0.5951
4616 0.592733
4617 0.58637
4618 0.578119
4619 0.565401
4620 0.557757
4621 0.549526
4622 0.547103
4623 0.501577
4624 0.494527
4625 0.48735
4626 0.485183
4627 0.481434
4628 0.475874
4629 0.468824
4630 0.466868
4631 0.464046
4632 0.462713
4633 0.466306
4634 0.467994
4635 0.47977
4636 0.479874
4637 0.477502
4638 0.499749
4639 0.507233
4640 0.510175
4641 0.51736
4642 0.517899
4643 0.514722
4644 0.513532
4645 0.52227
4646 0.522757
4647 0.523587
4648 0.525978
4649 0.528034
4650 0.537203
4651 0.538924
4652 0.534078
4653 0.544684
4654 0.553246
4655 0.555917
4656 0.562627
4657 0.559002
4658 0.553801
4659 0.543255
4660 0.54565
4661 0.54553
4662 0.540856
4663 0.53508
4664 0.531196
4665 0.537343
4666 0.53678
4667 0.546177
4668 0.537391
4669 0.515983
4670 0.517548
4671 0.515508
4672 0.50778
4673 0.502227
4674 0.497645
4675 0.464625
4676 0.463232
4677 0.446259
4678 0.434978
4679 0.409291
4680 0.397639
4681 0.388626
4682 0.390239
4683 0.384826
4684 0.368567
4685 0.360053
4686 0.360069
4687 0.364899
4688 0.361486
4689 0.36412
4690 0.361773
4691 0.366623
4692 0.367274
4693 0.3644
4694 0.361135
4695 0.361079
4696 0.366587
4697 0.365573
4698 0.37119
4699 0.372164
4700 0.374431
4701 0.369497
4702 0.372663
4703 0.37014
4704 0.372791
4705 0.373302
4706 0.375325
4707 0.377465
4708 0.387177
4709 0.391572
4710 0.400394
4711 0.408002
4712 0.412417
4713 0.432336
4714 0.43911
4715 0.443688
4716 0.453484
4717 0.473674
4718 0.481183
4719 0.521759
4720 0.519388
4721 0.520314
4722 0.51633
4723 0.524274
4724 0.529535
4725 0.536058
4726 0.536241
4727 0.54072
4728 0.550476
4729 0.533603
4730 0.526274
4731 0.525455
4732 0.532912
4733 0.528417
4734 0.521995
4735 0.516071
4736 0.510989
4737 0.509888
4738 0.502563
4739 0.50396
4740 0.498591
4741 0.493944
4742 0.487769
4743 0.482544
4744 0.472145
4745 0.465032
4746 0.460226
4747 0.452746
4748 0.446906
4749 0.434228
4750 0.428392
4751 0.42751
4752 0.415099
4753 0.40393
4754 0.401228
4755 0.392749
4756 0.38738
4757 0.38299
4758 0.370799
4759 0.354097
4760 0.348405
4761 0.335635
4762 0.326514
4763 0.321532
4764 0.311289
4765 0.299777
4766 0.295774
4767 0.282792
4768 0.272901
4769 0.255936
4770 0.248687
4771 0.241793
4772 0.238588
4773 0.232807
4774 0.221495
4775 0.219367
4776 0.203636
4777 0.192123
4778 0.187066
4779 0.177502
4780 0.166401
4781 0.162062
4782 0.15106
4783 0.144625
4784 0.140742
4785 0.132982
4786 0.124559
4787 0.119805
4788 0.110268
4789 0.102325
4790 0.0978101
4791 0.0893316
4792 0.081396
4793 0.076574
4794 0.0676364
4795 0.0624072
4796 0.0594852
4797 0.0548109
4798 0.0506435
4799 0.0486715
4800 0.0451269
4801 0.0419255
4802 0.0400254
4803 0.0399855
4804 0.0399535
4805 0.0399655
4806 0.0399655
4807 0.0399935
4808 0.0399974
4809 0.0400214
4810 0.0400613
4811 0.0401651
4812 0.040205
4813 0.040221
4814 0.040225
4815 0.0402449
4816 0.0404006
4817 0.0404046
4818 0.0405004
4819 0.0407359
4820 0.0407359
4821 0.0407359
4822 0.040716
4823 0.040712
4824 0.0407399
4825 0.0407758
4826 0.0407639
4827 0.0407439
4828 0.0407758
4829 0.0407758
4830 0.0407758
4831 0.0407758
4832 0.0407918
4833 0.0408956
4834 0.0409156
4835 0.0410153
4836 0.0409156
4837 0.0409195
4838 0.0409195
4839 0.0409395
4840 0.0409635
4841 0.0409395
4842 0.0409315
4843 0.0409315
4844 0.0409475
4845 0.0409635
4846 0.0409515
4847 0.0409515
4848 0.0409635
4849 0.0409635
4850 0.0409435
4851 0.0409674
4852 0.0409674
4853 0.0409794
4854 0.0409635
4855 0.0409635
4856 0.0409635
4857 0.0409635
4858 0.0408836
4859 0.0409036
4860 0.0409036
4861 0.0409235
4862 0.0409954
4863 0.0409235
4864 0.0410193
4865 0.0409235
4866 0.0409914
4867 0.0409754
4868 0.0409475
4869 0.0409834
4870 0.0409515
4871 0.0409635
4872 0.0409714
4873 0.0410114
4874 0.0410114
4875 0.0409834
4876 0.0409834
4877 0.0409834
4878 0.0409794
4879 0.0409794
4880 0.0409794
4881 0.0410353
4882 0.0410353
4883 0.0409395
4884 0.0409395
4885 0.0409395
4886 0.0410114
4887 0.0409435
4888 0.0409435
4889 0.0410034
4890 0.0409435
4891 0.0409435
4892 0.0409595
4893 0.0409794
4894 0.0409794
4895 0.0409395
4896 0.0409635
4897 0.0409635
4898 0.0410114
4899 0.0414864
4900 0.0416979
4901 0.0417259
4902 0.0419774
4903 0.0421171
4904 0.0429913
4905 0.0435421
4906 0.0438495
4907 0.0433146
4908 0.0438495
4909 0.0437776
4910 0.0433306
4911 0.0424444
4912 0.042149
4913 0.0414944
4914 0.0410233
4915 0.0407918
4916 0.0424604
4917 0.0501325
4918 0.0541003
4919 0.062028
4920 0.0672492
4921 0.0703548
4922 0.0750451
4923 0.0777715
4924 0.0790409
4925 0.0815637
4926 0.0878148
4927 0.0933154
4928 0.104301
4929 0.114643
4930 0.120399
4931 0.129924
4932 0.13752
4933 0.139332
4934 0.142857
4935 0.145691
4936 0.146689
4937 0.149012
4938 0.151168
4939 0.153894
4940 0.157882
4941 0.161407
4942 0.163343
4943 0.162904
4944 0.16462
4945 0.165993
4946 0.16846
4947 0.172656
4948 0.174252
4949 0.17464
4950 0.172129
4951 0.171318
4952 0.16755
4953 0.161231
4954 0.159451
4955 0.15611
4956 0.152992
4957 0.152389
4958 0.14938
4959 0.147675
4960 0.145775
4961 0.143212
4962 0.140115
4963 0.138602
4964 0.132854
4965 0.125313
4966 0.122914
4967 0.122256
4968 0.12093
4969 0.122272
4970 0.123417
4971 0.125074
4972 0.126858
4973 0.13087
4974 0.134842
4975 0.138171
4976 0.14255
4977 0.145719
4978 0.147915
4979 0.149962
4980 0.148066
4981 0.147923
4982 0.145727
4983 0.144853
4984 0.144901
4985 0.145268
4986 0.146761
4987 0.148466
4988 0.150118
4989 0.150034
4990 0.151411
4991 0.15429
4992 0.155268
4993 0.156385
4994 0.156812
4995 0.161084
4996 0.159754
4997 0.163654
4998 0.165311
4999 0.165886
5000 0.165423
5001 0.163762
5002 0.163906
5003 0.163107
5004 0.158421
5005 0.156006
5006 0.153391
5007 0.151986
5008 0.149751
5009 0.14916
5010 0.147388
5011 0.145268
5012 0.138215
5013 0.133377
5014 0.130155
5015 0.120575
5016 0.112528
5017 0.108664
5018 0.101239
5019 0.0946806
5020 0.0916349
5021 0.0856512
5022 0.0814
5023 0.0805577
5024 0.0774362
5025 0.0739953
5026 0.0725862
5027 0.0693968
5028 0.0666065
5029 0.064906
5030 0.0618404
5031 0.0589344
5032 0.0578885
5033 0.0575253
5034 0.0583356
5035 0.0584553
5036 0.0588386
5037 0.0598205
5038 0.0601079
5039 0.0608304
5040 0.0611817
5041 0.0613494
5042 0.061529
5043 0.061996
5044 0.0618284
5045 0.0638362
5046 0.0640518
5047 0.0653451
5048 0.0727139
5049 0.0809928
5050 0.0848249
5051 0.0925011
5052 0.0957065
5053 0.101043
5054 0.110109
5055 0.118847
5056 0.125353
5057 0.134794
5058 0.146202
5059 0.151364
5060 0.161271
5061 0.17333
5062 0.179965
5063 0.194634
5064 0.208039
5065 0.212074
5066 0.226976
5067 0.240332
5068 0.242819
5069 0.252211
5070 0.262558
5071 0.268713
5072 0.283635
5073 0.295055
5074 0.304356
5075 0.317421
5076 0.330111
5077 0.33821
5078 0.352828
5079 0.351004
5080 0.349894
5081 0.354269
5082 0.358069
5083 0.347998
5084 0.372946
5085 0.362456
5086 0.361274
5087 0.359849
5088 0.335767
5089 0.330729
5090 0.319501
5091 0.30824
5092 0.304871
5093 0.299677
5094 0.298927
5095 0.294919
5096 0.298049
5097 0.299997
5098 0.291802
5099 0.278868
5100 0.268701
5101 0.260774
5102 0.246539
5103 0.232596
5104 0.231366
5105 0.218345
5106 0.209152
5107 0.198842
5108 0.181406
5109 0.171282
5110 0.168923
5111 0.15971
5112 0.152529
5113 0.151136
5114 0.144127
5115 0.137636
5116 0.13376
5117 0.124248
5118 0.115817
5119 0.111829
5120 0.102856
5121 0.095954
5122 0.092046
5123 0.0855075
5124 0.0745022
5125 0.0710733
5126 0.0631856
5127 0.0566032
5128 0.0537251
5129 0.0476337
5130 0.0418536
5131 0.041686
5132 0.0414864
5133 0.0415183
5134 0.0416381
5135 0.0418736
5136 0.0419893
5137 0.0419853
5138 0.0419814
5139 0.0420053
5140 0.0419574
5141 0.0419574
5142 0.0419933
5143 0.0419973
5144 0.0419973
5145 0.0419933
5146 0.0419893
5147 0.0420133
5148 0.0419973
5149 0.0419774
5150 0.0420173
5151 0.0419973
5152 0.0421091
5153 0.0420851
5154 0.042129
5155 0.0421091
5156 0.042129
5157 0.0421011
5158 0.0420013
5159 0.0419774
5160 0.0419774
5161 0.0419774
5162 0.0420093
5163 0.0420093
5164 0.0420093
5165 0.0420332
5166 0.0420253
5167 0.0420293
5168 0.0420532
5169 0.0420532
5170 0.0420532
5171 0.0420532
5172 0.0420253
5173 0.0420732
5174 0.0420732
5175 0.0420851
5176 0.0421091
5177 0.042133
5178 0.0421131
5179 0.0421131
5180 0.0421171
5181 0.0421171
5182 0.042141
5183 0.0420332
5184 0.0420452
5185 0.0420332
5186 0.0420332
5187 0.0420372
5188 0.0420412
5189 0.0420173
5190 0.0420532
5191 0.0420572
5192 0.0420732
5193 0.0420452
5194 0.0419933
5195 0.0420213
5196 0.0420053
5197 0.0420332
5198 0.0420652
5199 0.0420931
5200 0.0420811
5201 0.0420811
5202 0.0420851
5203 0.0420971
5204 0.0421091
5205 0.0420891
5206 0.0420891
5207 0.042153
5208 0.042129
5209 0.0420772
5210 0.0420931
5211 0.0421091
5212 0.0421171
5213 0.0421211
5214 0.042153
5215 0.042153
5216 0.042137
5217 0.042137
5218 0.042137
5219 0.0420213
5220 0.0420293
5221 0.0420173
5222 0.0420412
5223 0.0420572
5224 0.0420612
5225 0.0420652
5226 0.0420811
5227 0.0421131
5228 0.0420851
5229 0.0420851
5230 0.0420732
5231 0.0420971
5232 0.0421051
5233 0.042145
5234 0.042137
5235 0.042149
5236 0.042145
5237 0.0421969
5238 0.0421969
5239 0.0421969
5240 0.0422009
5241 0.0422009
5242 0.042161
5243 0.042161
5244 0.042133
5245 0.042141
5246 0.042165
5247 0.042133
5248 0.042133
5249 0.042133
5250 0.0420772
5251 0.0420772
5252 0.0420772
5253 0.0420532
5254 0.0420732
5255 0.0420891
5256 0.0421051
5257 0.0426839
5258 0.0460011
5259 0.0538848
5260 0.0619082
5261 0.0660716
5262 0.0741549
5263 0.0806096
5264 0.0835156
5265 0.0888406
5266 0.0928084
5267 0.0947245
5268 0.0977822
5269 0.0994188
5270 0.100065
5271 0.101989
5272 0.103618
5273 0.10454
5274 0.106061
5275 0.106907
5276 0.107502
5277 0.109047
5278 0.109957
5279 0.11066
5280 0.111929
5281 0.112608
5282 0.112875
5283 0.113286
5284 0.11337
5285 0.113562
5286 0.114176
5287 0.115326
5288 0.116531
5289 0.120288
5290 0.127613
5291 0.13006
5292 0.137309
5293 0.145168
5294 0.147855
5295 0.157862
5296 0.164732
5297 0.169869
5298 0.177617
5299 0.182404
5300 0.184
5301 0.187948
5302 0.194095
5303 0.196051
5304 0.198738
5305 0.202111
5306 0.203532
5307 0.207376
5308 0.208909
5309 0.208953
5310 0.211515
5311 0.211947
5312 0.212545
5313 0.216713
5314 0.218533
5315 0.218321
5316 0.216653
5317 0.218381
5318 0.216908
5319 0.21726
5320 0.215739
5321 0.21585
5322 0.214338
5323 0.213104
5324 0.213603
5325 0.214046
5326 0.20857
5327 0.207895
5328 0.207005
5329 0.210637
5330 0.213148
5331 0.217623
5332 0.220353
5333 0.222165
5334 0.221575
5335 0.228624
5336 0.23161
5337 0.237562
5338 0.243513
5339 0.243853
5340 0.244659
5341 0.247262
5342 0.248068
5343 0.24919
5344 0.250591
5345 0.252311
5346 0.249709
5347 0.249884
5348 0.250822
5349 0.252291
5350 0.253449
5351 0.254954
5352 0.259121
5353 0.264255
5354 0.2655
5355 0.273986
5356 0.280677
5357 0.284189
5358 0.291782
5359 0.298165
5360 0.302859
5361 0.313892
5362 0.313832
5363 0.314838
5364 0.317565
5365 0.323385
5366 0.324682
5367 0.324339
5368 0.326714
5369 0.324374
5370 0.325508
5371 0.326414
5372 0.326698
5373 0.32764
5374 0.328506
5375 0.329915
5376 0.330917
5377 0.333651
5378 0.33354
5379 0.335755
5380 0.336741
5381 0.339352
5382 0.339815
5383 0.340681
5384 0.341811
5385 0.344309
5386 0.346992
5387 0.347515
5388 0.349922
5389 0.355614
5390 0.358608
5391 0.362636
5392 0.365542
5393 0.36737
5394 0.365138
5395 0.367729
5396 0.369924
5397 0.369597
5398 0.371254
5399 0.372244
5400 0.374315
5401 0.374371
5402 0.374559
5403 0.373605
5404 0.373589
5405 0.374743
5406 0.375114
5407 0.37576
5408 0.378136
5409 0.379369
5410 0.38063
5411 0.380419
5412 0.381788
5413 0.38251
5414 0.382742
5415 0.382666
5416 0.384482
5417 0.386031
5418 0.389548
5419 0.395017
5420 0.398769
5421 0.403846
5422 0.409658
5423 0.412305
5424 0.413431
5425 0.419243
5426 0.420364
5427 0.423067
5428 0.4246
5429 0.42363
5430 0.428619
5431 0.432124
5432 0.435529
5433 0.439038
5434 0.439066
5435 0.437972
5436 0.44398
5437 0.45077
5438 0.452263
5439 0.455037
5440 0.461643
5441 0.46599
5442 0.472305
5443 0.477415
5444 0.48353
5445 0.489162
5446 0.496228
5447 0.496962
5448 0.501409
5449 0.50275
5450 0.50378
5451 0.509237
5452 0.508646
5453 0.506491
5454 0.507201
5455 0.505936
5456 0.508087
5457 0.507628
5458 0.507453
5459 0.505117
5460 0.505956
5461 0.509117
5462 0.509764
5463 0.508315
5464 0.508934
5465 0.50895
5466 0.508854
5467 0.509345
5468 0.50988
5469 0.517141
5470 0.514738
5471 0.513608
5472 0.512139
5473 0.5115
5474 0.510247
5475 0.510858
5476 0.513105
5477 0.512718
5478 0.510874
5479 0.514362
5480 0.515205
5481 0.518677
5482 0.5232
5483 0.527914
5484 0.538301
5485 0.538513
5486 0.542073
5487 0.547075
5488 0.554839
5489 0.559888
5490 0.562427
5491 0.567062
5492 0.565756
5493 0.568503
5494 0.573045
5495 0.574059
5496 0.574977
5497 0.578115
5498 0.580945
5499 0.582238
5500 0.585384
5501 0.58712
5502 0.590617
5503 0.592198
5504 0.592549
5505 0.594728
5506 0.598896
5507 0.601339
5508 0.601506
5509 0.60371
5510 0.606117
5511 0.610041
5512 0.611135
5513 0.610236
5514 0.609821
5515 0.608261
5516 0.609821
5517 0.609522
5518 0.608783
5519 0.621346
5520 0.621094
5521 0.626994
5522 0.628447
5523 0.631241
5524 0.633005
5525 0.633808
5526 0.635504
5527 0.645847
5528 0.648294
5529 0.650681
5530 0.654581
5531 0.657355
5532 0.662537
5533 0.665031
5534 0.667997
5535 0.669562
5536 0.673183
5537 0.675925
5538 0.68194
5539 0.685884
5540 0.687529
5541 0.689565
5542 0.692395
5543 0.694095
5544 0.709444
5545 0.710805
5546 0.71205
5547 0.714485
5548 0.715866
5549 0.717299
5550 0.719814
5551 0.722573
5552 0.722277
5553 0.724521
5554 0.72692
5555 0.72854
5556 0.733346
5557 0.733809
5558 0.736336
5559 0.737693
5560 0.741833
5561 0.741677
5562 0.742444
5563 0.745417
5564 0.746539
5565 0.749026
5566 0.75119
5567 0.749557
5568 0.750974
5569 0.74986
5570 0.751529
5571 0.754247
5572 0.754854
5573 0.754914
5574 0.755113
5575 0.754179
5576 0.751277
5577 0.746615
5578 0.743933
5579 0.74533
5580 0.743565
5581 0.744176
5582 0.740767
5583 0.742212
5584 0.741553
5585 0.742336
5586 0.745477
5587 0.744044
5588 0.742611
5589 0.742164
5590 0.742887
5591 0.743897
5592 0.743841
5593 0.742352
5594 0.752714
5595 0.75289
5596 0.752152
5597 0.753844
5598 0.752934
5599 0.751661
5600 0.751609
5601 0.752287
5602 0.751425
5603 0.751517
5604 0.75024
5605 0.751261
5606 0.752112
5607 0.755145
5608 0.757057
5609 0.758766
5610 0.756998
5611 0.756558
5612 0.75592
5613 0.755205
5614 0.755105
5615 0.755349
5616 0.75578
5617 0.755872
5618 0.7556
5619 0.753593
5620 0.753601
5621 0.752407
5622 0.752044
5623 0.749585
5624 0.747916
5625 0.749242
5626 0.750603
5627 0.750383
5628 0.751696
5629 0.750232
5630 0.75216
5631 0.75184
5632 0.752607
5633 0.752379
5634 0.754994
5635 0.755002
5636 0.755704
5637 0.754363
5638 0.753788
5639 0.754052
5640 0.75293
5641 0.748228
5642 0.750323
5643 0.749333
5644 0.790201
5645 0.789906
5646 0.791662
5647 0.795514
5648 0.794456
5649 0.803019
5650 0.803378
5651 0.80052
5652 0.808583
5653 0.811908
5654 0.817217
5655 0.828702
5656 0.82643
5657 0.831432
5658 0.828298
5659 0.827839
5660 0.832769
5661 0.841671
5662 0.837591
5663 0.835695
5664 0.833208
5665 0.83259
5666 0.839763
5667 0.837452
5668 0.840721
5669 0.83124
5670 0.829787
5671 0.831639
5672 0.830965
5673 0.832055
5674 0.829692
5675 0.829069
5676 0.83217
5677 0.831232
5678 0.827193
5679 0.834937
5680 0.83348
5681 0.834462
5682 0.83443
5683 0.83627
5684 0.834705
5685 0.832981
5686 0.832649
5687 0.834474
5688 0.838669
5689 0.837124
5690 0.842078
5691 0.837946
5692 0.842246
5693 0.841212
5694 0.859358
5695 0.860476
5696 0.859111
5697 0.853598
5698 0.855953
5699 0.854313
5700 0.857514
5701 0.856013
5702 0.855913
5703 0.855123
5704 0.855303
5705 0.855323
5706 0.855454
5707 0.854628
5708 0.854756
5709 0.852213
5710 0.85078
5711 0.848868
5712 0.846836
5713 0.845407
5714 0.846173
5715 0.845786
5716 0.845399
5717 0.845491
5718 0.845483
5719 0.837332
5720 0.8371
5721 0.836729
5722 0.837068
5723 0.837224
5724 0.837587
5725 0.837276
5726 0.838318
5727 0.838861
5728 0.838645
5729 0.838497
5730 0.838202
5731 0.837611
5732 0.837635
5733 0.837571
5734 0.838318
5735 0.838166
5736 0.838713
7 , runtime: 417
