0 0.123397
1 0.118025
2 0.114917
3 0.112378
4 0.114286
5 0.11496
6 0.116822
7 0.120564
8 0.120215
9 0.124914
10 0.128981
11 0.129949
12 0.132348
13 0.134123
14 0.134793
15 0.136043
16 0.136349
17 0.136682
18 0.138496
19 0.139981
20 0.140914
21 0.141572
22 0.142529
23 0.142423
24 0.142834
25 0.142548
26 0.144978
27 0.148379
28 0.150777
29 0.15171
30 0.153783
31 0.156644
32 0.157024
33 0.157741
34 0.15847
35 0.158921
36 0.159943
37 0.161256
38 0.160766
39 0.161268
40 0.161926
41 0.163
42 0.16318
43 0.163666
44 0.165316
45 0.165148
46 0.165316
47 0.165661
48 0.165751
49 0.165355
50 0.165919
51 0.165865
52 0.166257
53 0.167185
54 0.168623
55 0.168957
56 0.170066
57 0.171868
58 0.172695
59 0.173541
60 0.173733
61 0.17304
62 0.173945
63 0.173177
64 0.172687
65 0.170928
66 0.170763
67 0.168745
68 0.169309
69 0.167416
70 0.167659
71 0.169011
72 0.170912
73 0.172221
74 0.172773
75 0.174556
76 0.17487
77 0.175281
78 0.177323
79 0.180199
80 0.181681
81 0.185396
82 0.18877
83 0.190674
84 0.193668
85 0.198508
86 0.20118
87 0.205064
88 0.208963
89 0.212114
90 0.218051
91 0.219884
92 0.218709
93 0.223141
94 0.227087
95 0.227424
96 0.230677
97 0.233682
98 0.234066
99 0.235967
100 0.236523
101 0.23601
102 0.236386
103 0.234917
104 0.235238
105 0.233314
106 0.233051
107 0.231359
108 0.230563
109 0.23358
110 0.236061
111 0.239545
112 0.241982
113 0.24371
114 0.246877
115 0.250733
116 0.250027
117 0.249926
118 0.251293
119 0.249569
120 0.251321
121 0.252547
122 0.252684
123 0.255075
124 0.253899
125 0.255181
126 0.254632
127 0.256223
128 0.256913
129 0.257857
130 0.259566
131 0.261012
132 0.261411
133 0.264256
134 0.266937
135 0.268594
136 0.268814
137 0.27171
138 0.27336
139 0.277039
140 0.277749
141 0.276616
142 0.278078
143 0.278901
144 0.278274
145 0.276839
146 0.277494
147 0.277713
148 0.277992
149 0.277964
150 0.277423
151 0.275111
152 0.274582
153 0.274668
154 0.274288
155 0.272878
156 0.271878
157 0.270714
158 0.269715
159 0.267278
160 0.266016
161 0.265828
162 0.263414
163 0.263453
164 0.264045
165 0.26368
166 0.262203
167 0.262638
168 0.263069
169 0.256877
170 0.256611
171 0.255811
172 0.255584
173 0.254985
174 0.254111
175 0.255988
176 0.256556
177 0.256086
178 0.254409
179 0.255228
180 0.256768
181 0.25821
182 0.258269
183 0.257853
184 0.257406
185 0.256936
186 0.254926
187 0.25417
188 0.253895
189 0.254534
190 0.256623
191 0.25616
192 0.255796
193 0.255612
194 0.256274
195 0.256454
196 0.257383
197 0.257332
198 0.257904
199 0.258594
200 0.259072
201 0.25866
202 0.258155
203 0.258308
204 0.258374
205 0.257634
206 0.25732
207 0.25627
208 0.256113
209 0.256078
210 0.25607
211 0.256164
212 0.255819
213 0.255388
214 0.255036
215 0.254875
216 0.254318
217 0.254373
218 0.254409
219 0.253907
220 0.254185
221 0.254072
222 0.25446
223 0.253927
224 0.254028
225 0.253707
226 0.254091
227 0.253942
228 0.253351
229 0.253895
230 0.254232
231 0.254577
232 0.254777
233 0.255161
234 0.255298
235 0.255083
236 0.25491
237 0.254499
238 0.25368
239 0.252633
240 0.253245
241 0.256254
242 0.25638
243 0.256301
244 0.252257
245 0.253789
246 0.254428
247 0.253033
248 0.252022
249 0.251152
250 0.252426
251 0.252688
252 0.251528
253 0.250991
254 0.251148
255 0.251912
256 0.252128
257 0.252257
258 0.252657
259 0.252692
260 0.25297
261 0.252018
262 0.252226
263 0.252818
264 0.253198
265 0.253315
266 0.25328
267 0.253166
268 0.254836
269 0.252861
270 0.252218
271 0.251321
272 0.251944
273 0.252504
274 0.252202
275 0.252128
276 0.250188
277 0.250145
278 0.250219
279 0.251744
280 0.25326
281 0.254217
282 0.256717
283 0.258758
284 0.26049
285 0.262642
286 0.262936
287 0.262991
288 0.263978
289 0.264143
290 0.264331
291 0.263363
292 0.262234
293 0.261799
294 0.260518
295 0.259131
296 0.258218
297 0.256019
298 0.254534
299 0.253566
300 0.25176
301 0.250886
302 0.249808
303 0.248621
304 0.248503
305 0.248178
306 0.248197
307 0.248217
308 0.248225
309 0.24902
310 0.250972
311 0.250584
312 0.250995
313 0.252002
314 0.252947
315 0.252966
316 0.252908
317 0.252943
318 0.252904
319 0.254072
320 0.254534
321 0.253746
322 0.254401
323 0.25426
324 0.255
325 0.254981
326 0.254847
327 0.25455
328 0.255651
329 0.255827
330 0.255796
331 0.255498
332 0.255541
333 0.255537
334 0.255114
335 0.254949
336 0.25509
337 0.255008
338 0.255439
339 0.255823
340 0.255768
341 0.255913
342 0.254879
343 0.256082
344 0.252974
345 0.253707
346 0.259342
347 0.26033
348 0.261176
349 0.261913
350 0.262383
351 0.263132
352 0.263602
353 0.262803
354 0.262415
355 0.262383
356 0.262121
357 0.261862
358 0.261968
359 0.262164
360 0.262364
361 0.262324
362 0.26111
363 0.262693
364 0.262701
365 0.262309
366 0.262164
367 0.261882
368 0.261588
369 0.25859
370 0.258449
371 0.258218
372 0.258225
373 0.258327
374 0.258033
375 0.257528
376 0.257618
377 0.25763
378 0.257128
379 0.257403
380 0.257387
381 0.257504
382 0.256917
383 0.257551
384 0.259033
385 0.260408
386 0.260922
387 0.261423
388 0.263006
389 0.264593
390 0.266349
391 0.269441
392 0.270519
393 0.272835
394 0.273336
395 0.273458
396 0.274786
397 0.274688
398 0.274978
399 0.275582
400 0.276158
401 0.276267
402 0.276824
403 0.277419
404 0.276832
405 0.278109
406 0.279684
407 0.281624
408 0.288231
409 0.293384
410 0.296637
411 0.301696
412 0.303636
413 0.305756
414 0.308871
415 0.312394
416 0.315604
417 0.321979
418 0.326944
419 0.329778
420 0.33526
421 0.339253
422 0.341334
423 0.346863
424 0.352812
425 0.355845
426 0.358561
427 0.36614
428 0.368032
429 0.373562
430 0.378496
431 0.38078
432 0.387881
433 0.392176
434 0.393061
435 0.394939
436 0.395632
437 0.395997
438 0.398654
439 0.40142
440 0.401651
441 0.404355
442 0.406961
443 0.408885
444 0.409097
445 0.411268
446 0.410229
447 0.412036
448 0.41385
449 0.417616
450 0.421711
451 0.42382
452 0.424329
453 0.424192
454 0.42331
455 0.423761
456 0.425215
457 0.429396
458 0.431132
459 0.433856
460 0.435298
461 0.437324
462 0.439561
463 0.440901
464 0.441564
465 0.444828
466 0.446
467 0.446736
468 0.447168
469 0.44948
470 0.449766
471 0.45082
472 0.451447
473 0.451004
474 0.4539
475 0.454033
476 0.45372
477 0.454821
478 0.455283
479 0.455624
480 0.456298
481 0.457501
482 0.456992
483 0.458375
484 0.458865
485 0.458653
486 0.45901
487 0.458806
488 0.460581
489 0.4593
490 0.459625
491 0.460468
492 0.460844
493 0.461498
494 0.459621
495 0.461651
496 0.459821
497 0.462349
498 0.462306
499 0.460174
500 0.461393
501 0.464085
502 0.467792
503 0.470092
504 0.47465
505 0.480199
506 0.483004
507 0.488667
508 0.493248
509 0.49556
510 0.498734
511 0.50223
512 0.504365
513 0.507747
514 0.51004
515 0.511701
516 0.514746
517 0.517623
518 0.519978
519 0.525934
520 0.528219
521 0.530848
522 0.533368
523 0.535704
524 0.537001
525 0.53847
526 0.547926
527 0.548843
528 0.548773
529 0.54931
530 0.550889
531 0.55121
532 0.550254
533 0.550646
534 0.550567
535 0.551441
536 0.552096
537 0.551818
538 0.55409
539 0.556073
540 0.556242
541 0.55741
542 0.556544
543 0.556834
544 0.552883
545 0.551669
546 0.550501
547 0.55201
548 0.551191
549 0.550458
550 0.549686
551 0.552656
552 0.554757
553 0.551418
554 0.551018
555 0.549909
556 0.549466
557 0.550062
558 0.551394
559 0.547213
560 0.547225
561 0.543075
562 0.543478
563 0.541433
564 0.544023
565 0.539818
566 0.539007
567 0.541793
568 0.542142
569 0.533627
570 0.533627
571 0.53298
572 0.533791
573 0.535406
574 0.537812
575 0.539262
576 0.539905
577 0.541938
578 0.541942
579 0.545105
580 0.547762
581 0.548773
582 0.551046
583 0.550799
584 0.551798
585 0.553252
586 0.556203
587 0.5619
588 0.563507
589 0.563343
590 0.56426
591 0.563923
592 0.566387
593 0.566583
594 0.581604
595 0.583951
596 0.586683
597 0.590711
598 0.595754
599 0.598427
600 0.601895
601 0.607115
602 0.608741
603 0.612664
604 0.61565
605 0.617997
606 0.626285
607 0.632504
608 0.639327
609 0.644061
610 0.648422
611 0.649951
612 0.647944
613 0.651416
614 0.652271
615 0.656397
616 0.661025
617 0.661852
618 0.663756
619 0.669983
620 0.669474
621 0.669764
622 0.670512
623 0.670218
624 0.670622
625 0.670324
626 0.670516
627 0.669975
628 0.672178
629 0.672538
630 0.673831
631 0.675403
632 0.675567
633 0.675426
634 0.67478
635 0.674439
636 0.673796
637 0.672993
638 0.672981
639 0.673698
640 0.67351
641 0.673976
642 0.673377
643 0.673005
644 0.66492
645 0.664807
646 0.664928
647 0.666719
648 0.667495
649 0.669807
650 0.670109
651 0.670873
652 0.674537
653 0.67556
654 0.672797
655 0.674012
656 0.6742
657 0.674478
658 0.673753
659 0.6736
660 0.674074
661 0.674756
662 0.674537
663 0.675908
664 0.676049
665 0.675732
666 0.675873
667 0.676034
668 0.676265
669 0.674349
670 0.674306
671 0.675285
672 0.670857
673 0.670469
674 0.671116
675 0.673052
676 0.67092
677 0.673494
678 0.673679
679 0.674509
680 0.675191
681 0.675466
682 0.676116
683 0.675846
684 0.676112
685 0.676806
686 0.676575
687 0.67699
688 0.677464
689 0.678267
690 0.678561
691 0.678244
692 0.678624
693 0.678992
694 0.683217
695 0.68357
696 0.68344
697 0.683232
698 0.682323
699 0.68277
700 0.681657
701 0.685662
702 0.685513
703 0.685599
704 0.685396
705 0.685995
706 0.686462
707 0.685991
708 0.686967
709 0.68449
710 0.686297
711 0.686998
712 0.686806
713 0.683009
714 0.685051
715 0.68623
716 0.686967
717 0.687919
718 0.687649
719 0.692912
720 0.691897
721 0.692124
722 0.690596
723 0.6906
724 0.691528
725 0.691317
726 0.693163
727 0.693586
728 0.693296
729 0.693108
730 0.692551
731 0.693605
732 0.696435
733 0.696819
734 0.696921
735 0.696399
736 0.698394
737 0.699417
738 0.700181
739 0.699824
740 0.700651
741 0.700397
742 0.700428
743 0.700338
744 0.705589
745 0.707827
746 0.710636
747 0.711663
748 0.712243
749 0.711632
750 0.710789
751 0.712376
752 0.713054
753 0.712584
754 0.713963
755 0.714359
756 0.712564
757 0.711283
758 0.710621
759 0.712984
760 0.715907
761 0.717036
762 0.71584
763 0.715981
764 0.714927
765 0.712337
766 0.714676
767 0.716581
768 0.718646
769 0.73456
770 0.734678
771 0.733381
772 0.731355
773 0.731076
774 0.731891
775 0.7313
776 0.731531
777 0.731429
778 0.728604
779 0.728255
780 0.727604
781 0.73005
782 0.731457
783 0.731515
784 0.731116
785 0.730077
786 0.728372
787 0.728318
788 0.728349
789 0.730332
790 0.733232
791 0.734051
792 0.734889
793 0.73331
794 0.729999
795 0.729525
796 0.730398
797 0.730888
798 0.732515
799 0.731355
800 0.730457
801 0.730293
802 0.729607
803 0.728369
804 0.7278
805 0.726683
806 0.725931
807 0.725594
808 0.726397
809 0.726966
810 0.728776
811 0.730986
812 0.735316
813 0.741861
814 0.743659
815 0.747519
816 0.748554
817 0.750031
818 0.75096
819 0.761764
820 0.760961
821 0.761004
822 0.763939
823 0.772313
824 0.773587
825 0.778948
826 0.785347
827 0.787589
828 0.787118
829 0.788925
830 0.794141
831 0.792076
832 0.794054
833 0.79505
834 0.795559
835 0.795504
836 0.796237
837 0.797009
838 0.797577
839 0.798059
840 0.798451
841 0.798447
842 0.797938
843 0.798287
844 0.808428
845 0.804698
846 0.805058
847 0.802684
848 0.802762
849 0.802476
850 0.801563
851 0.80034
852 0.801245
853 0.800998
854 0.799937
855 0.798749
856 0.798722
857 0.80094
858 0.801061
859 0.8023
860 0.801167
861 0.801896
862 0.798443
863 0.79782
864 0.798839
865 0.798244
866 0.798381
867 0.798769
868 0.798588
869 0.80141
870 0.802213
871 0.804435
872 0.804474
873 0.804302
874 0.804349
875 0.803291
876 0.802676
877 0.802397
878 0.800697
879 0.816854
880 0.816466
881 0.816748
882 0.815984
883 0.816489
884 0.815753
885 0.815514
886 0.815051
887 0.815517
888 0.814757
889 0.815055
890 0.815282
891 0.814945
892 0.814565
893 0.811438
894 0.810592
895 0.806222
896 0.805697
897 0.805435
898 0.806998
899 0.806238
900 0.806818
901 0.807233
902 0.806959
903 0.806606
904 0.807511
905 0.805435
906 0.803808
907 0.80632
908 0.806477
909 0.806355
910 0.803487
911 0.803091
912 0.800105
913 0.803883
914 0.803103
915 0.803369
916 0.80295
917 0.802586
918 0.800869
919 0.801351
920 0.801528
921 0.802637
922 0.802362
923 0.803934
924 0.803397
925 0.803342
926 0.803655
927 0.80411
928 0.805587
929 0.805094
930 0.808691
931 0.807574
932 0.807919
933 0.808683
934 0.810494
935 0.811665
936 0.810211
937 0.810415
938 0.811301
939 0.81261
940 0.80989
941 0.808824
942 0.80828
943 0.809808
944 0.809404
945 0.811027
946 0.810733
947 0.810396
948 0.809773
949 0.810811
950 0.807037
951 0.805987
952 0.806559
953 0.806265
954 0.816579
955 0.815827
956 0.81656
957 0.81489
958 0.814275
959 0.812414
960 0.812618
961 0.809682
962 0.806301
963 0.806724
964 0.805505
965 0.805924
966 0.80567
967 0.804647
968 0.804322
969 0.802782
970 0.804858
971 0.799286
972 0.803495
973 0.800536
974 0.803134
975 0.800125
976 0.801014
977 0.799744
978 0.799666
979 0.795904
980 0.796108
981 0.793921
982 0.796206
983 0.796202
984 0.795618
985 0.795281
986 0.795489
987 0.794921
988 0.794877
989 0.79503
990 0.797378
991 0.797178
992 0.797033
993 0.79764
994 0.794631
995 0.794031
996 0.793486
997 0.793569
998 0.793694
999 0.79313
1000 0.792977
1001 0.7928
1002 0.792871
1003 0.79291
1004 0.796414
1005 0.797832
1006 0.797942
1007 0.798177
1008 0.796606
1009 0.795128
1010 0.78994
1011 0.78947
1012 0.793933
1013 0.793459
1014 0.793655
1015 0.793608
1016 0.792691
1017 0.793314
1018 0.793772
1019 0.793686
1020 0.794442
1021 0.792934
1022 0.793475
1023 0.79369
1024 0.792601
1025 0.792456
1026 0.791339
1027 0.791092
1028 0.792358
1029 0.790375
1030 0.790837
1031 0.790492
1032 0.790994
1033 0.791064
1034 0.790492
1035 0.795034
1036 0.794764
1037 0.795077
1038 0.79541
1039 0.795109
1040 0.795395
1041 0.794862
1042 0.795379
1043 0.794944
1044 0.794603
1045 0.794729
1046 0.794431
1047 0.793957
1048 0.79398
1049 0.793737
1050 0.794631
1051 0.794337
1052 0.793463
1053 0.793647
1054 0.79371
1055 0.793028
1056 0.793835
1057 0.794039
1058 0.794203
1059 0.794509
1060 0.796829
1061 0.79657
1062 0.796625
1063 0.79583
1064 0.796053
1065 0.795093
1066 0.795042
1067 0.794944
1068 0.79429
1069 0.793972
1070 0.794313
1071 0.79226
1072 0.789509
1073 0.790543
1074 0.789916
1075 0.789611
1076 0.790371
1077 0.791084
1078 0.79157
1079 0.791558
1080 0.791989
1081 0.792409
1082 0.793118
1083 0.794004
1084 0.795101
1085 0.799466
1086 0.798984
1087 0.797883
1088 0.797295
1089 0.79661
1090 0.79724
1091 0.800712
1092 0.80092
1093 0.803146
1094 0.803808
1095 0.800904
1096 0.80143
1097 0.802476
1098 0.802166
1099 0.802582
1100 0.800375
1101 0.797456
1102 0.79757
1103 0.791821
1104 0.798106
1105 0.797487
1106 0.797958
1107 0.798365
1108 0.797597
1109 0.796033
1110 0.79592
1111 0.796218
1112 0.797139
1113 0.796492
1114 0.794897
1115 0.795132
1116 0.795885
1117 0.795939
1118 0.794729
1119 0.794713
1120 0.79398
1121 0.792879
1122 0.792236
1123 0.792722
1124 0.792636
1125 0.793114
1126 0.793506
1127 0.793925
1128 0.795387
1129 0.797895
1130 0.802064
1131 0.800705
1132 0.800756
1133 0.80304
1134 0.804149
1135 0.812112
1136 0.810913
1137 0.811657
1138 0.812531
1139 0.812861
1140 0.817218
1141 0.814538
1142 0.813503
1143 0.809761
1144 0.810478
1145 0.813382
1146 0.806281
1147 0.803918
1148 0.803973
1149 0.802225
1150 0.800881
1151 0.799051
1152 0.796872
1153 0.796135
1154 0.791778
1155 0.793702
1156 0.791221
1157 0.791742
1158 0.792883
1159 0.792969
1160 0.783153
1161 0.788016
1162 0.783364
1163 0.782424
1164 0.78318
1165 0.78345
1166 0.788752
1167 0.787369
1168 0.78965
1169 0.788694
1170 0.789713
1171 0.789321
1172 0.789317
1173 0.788866
1174 0.7884
1175 0.786201
1176 0.786934
1177 0.786871
1178 0.788106
1179 0.787926
1180 0.788153
1181 0.790347
1182 0.793953
1183 0.79659
1184 0.796128
1185 0.8071
1186 0.811806
1187 0.812167
1188 0.813683
1189 0.812328
1190 0.810325
1191 0.809095
1192 0.808515
1193 0.809769
1194 0.81107
1195 0.811085
1196 0.812974
1197 0.815866
1198 0.817347
1199 0.819597
1200 0.818496
1201 0.820627
1202 0.820972
1203 0.822575
1204 0.819009
1205 0.812931
1206 0.810521
1207 0.810552
1208 0.807798
1209 0.80728
1210 0.804796
1211 0.805889
1212 0.810662
1213 0.809302
1214 0.808099
1215 0.809232
1216 0.809193
1217 0.804988
1218 0.807453
1219 0.80873
1220 0.814009
1221 0.810513
1222 0.810227
1223 0.812171
1224 0.815231
1225 0.814111
1226 0.81714
1227 0.814467
1228 0.81464
1229 0.813292
1230 0.814212
1231 0.814107
1232 0.810552
1233 0.809804
1234 0.810251
1235 0.806645
1236 0.805897
1237 0.807892
1238 0.803032
1239 0.802296
1240 0.803056
1241 0.80286
1242 0.804184
1243 0.804435
1244 0.806156
1245 0.805137
1246 0.808844
1247 0.809651
1248 0.809671
1249 0.809177
1250 0.805862
1251 0.805689
1252 0.806011
1253 0.807218
1254 0.808146
1255 0.806575
1256 0.807798
1257 0.807374
1258 0.804964
1259 0.805203
1260 0.808448
1261 0.808115
1262 0.810063
1263 0.813331
1264 0.812453
1265 0.815517
1266 0.810196
1267 0.809659
1268 0.811152
1269 0.807026
1270 0.806982
1271 0.808276
1272 0.805634
1273 0.805446
1274 0.804502
1275 0.801896
1276 0.802582
1277 0.80081
1278 0.798165
1279 0.798541
1280 0.798267
1281 0.79737
1282 0.7965
1283 0.796041
1284 0.795258
1285 0.797577
1286 0.796751
1287 0.797323
1288 0.796453
1289 0.796872
1290 0.796496
1291 0.794913
1292 0.794199
1293 0.794207
1294 0.794098
1295 0.794109
1296 0.790481
1297 0.789936
1298 0.79101
1299 0.792405
1300 0.792804
1301 0.794399
1302 0.797421
1303 0.795873
1304 0.797154
1305 0.797303
1306 0.795081
1307 0.793149
1308 0.793294
1309 0.794352
1310 0.79599
1311 0.794529
1312 0.790739
1313 0.791601
1314 0.790712
1315 0.789125
1316 0.787201
1317 0.787502
1318 0.786291
1319 0.786268
1320 0.787224
1321 0.785676
1322 0.782694
1323 0.783662
1324 0.782479
1325 0.779994
1326 0.781417
1327 0.780327
1328 0.78039
1329 0.781366
1330 0.779532
1331 0.778713
1332 0.779355
1333 0.779532
1334 0.779159
1335 0.777843
1336 0.77506
1337 0.773469
1338 0.773951
1339 0.773606
1340 0.772995
1341 0.773113
1342 0.773003
1343 0.772987
1344 0.773105
1345 0.772004
1346 0.772145
1347 0.77187
1348 0.772603
1349 0.772768
1350 0.77343
1351 0.773693
1352 0.772866
1353 0.772889
1354 0.772705
1355 0.772564
1356 0.772925
1357 0.773681
1358 0.773571
1359 0.774104
1360 0.77903
1361 0.779626
1362 0.779316
1363 0.780037
1364 0.780296
1365 0.780276
1366 0.780311
1367 0.781138
1368 0.782055
1369 0.782047
1370 0.782416
1371 0.781949
1372 0.782424
1373 0.783842
1374 0.783638
1375 0.783972
1376 0.782894
1377 0.781503
1378 0.781652
1379 0.782294
1380 0.782584
1381 0.782533
1382 0.782627
1383 0.783337
1384 0.78423
1385 0.774237
1386 0.774312
1387 0.775186
1388 0.776295
1389 0.776644
1390 0.777486
1391 0.777882
1392 0.778873
1393 0.778344
1394 0.77872
1395 0.779453
1396 0.782569
1397 0.782463
1398 0.783102
1399 0.782216
1400 0.782498
1401 0.783098
1402 0.784845
1403 0.785543
1404 0.785343
1405 0.785731
1406 0.785892
1407 0.78673
1408 0.787561
1409 0.787886
1410 0.795269
1411 0.794654
1412 0.794928
1413 0.795226
1414 0.794493
1415 0.795595
1416 0.79545
1417 0.796359
1418 0.796382
1419 0.798812
1420 0.799827
1421 0.79965
1422 0.799215
1423 0.798867
1424 0.79956
1425 0.799807
1426 0.798871
1427 0.798996
1428 0.799596
1429 0.800395
1430 0.80235
1431 0.802327
1432 0.802476
1433 0.803636
1434 0.803894
1435 0.814252
1436 0.815251
1437 0.811128
1438 0.812602
1439 0.813123
1440 0.814957
1441 0.814212
1442 0.815964
1443 0.815819
1444 0.814922
1445 0.816141
1446 0.81694
1447 0.818233
1448 0.821776
1449 0.824503
1450 0.82573
1451 0.82776
1452 0.828833
1453 0.831757
1454 0.832819
1455 0.835914
1456 0.837549
1457 0.839923
1458 0.844696
1459 0.846942
1460 0.854246
1461 0.856711
1462 0.858878
1463 0.859995
1464 0.86159
1465 0.866833
1466 0.866202
1467 0.866951
1468 0.868667
1469 0.87413
1470 0.875231
1471 0.877453
1472 0.880572
1473 0.883974
1474 0.883598
1475 0.887532
1476 0.890773
1477 0.892654
1478 0.893912
1479 0.895871
1480 0.896259
1481 0.896804
1482 0.895029
1483 0.900487
1484 0.904242
1485 0.90499
1486 0.910437
1487 0.910202
1488 0.911389
1489 0.91175
1490 0.910351
1491 0.911848
1492 0.910143
1493 0.912483
1494 0.913423
1495 0.914787
1496 0.921613
1497 0.925266
1498 0.926508
1499 0.929757
1500 0.929968
1501 0.930399
1502 0.930219
1503 0.922421
1504 0.922683
1505 0.923099
1506 0.920015
1507 0.918925
1508 0.919466
1509 0.920105
1510 0.919235
1511 0.919568
1512 0.921649
1513 0.921731
1514 0.920261
1515 0.918815
1516 0.917659
1517 0.917851
1518 0.916899
1519 0.91416
1520 0.916974
1521 0.901518
1522 0.912965
1523 0.918416
1524 0.911593
1525 0.912275
1526 0.913886
1527 0.9126
1528 0.909916
1529 0.907835
1530 0.913063
1531 0.910516
1532 0.9072
1533 0.902952
1534 0.905249
1535 0.897333
1536 0.893555
1537 0.88928
1538 0.890162
1539 0.888865
1540 0.88022
1541 0.872445
1542 0.865152
1543 0.862315
1544 0.85775
1545 0.853921
1546 0.85398
1547 0.859893
1548 0.855924
1549 0.852557
1550 0.845558
1551 0.841702
1552 0.840942
1553 0.839394
1554 0.836251
1555 0.837842
1556 0.840966
1557 0.839069
1558 0.834394
1559 0.833003
1560 0.831435
1561 0.834653
1562 0.834194
1563 0.834414
1564 0.832243
1565 0.832086
1566 0.835139
1567 0.83555
1568 0.836138
1569 0.837529
1570 0.834022
1571 0.839633
1572 0.838662
1573 0.84249
1574 0.846295
1575 0.841146
1576 0.839285
1577 0.841409
1578 0.844649
1579 0.847675
1580 0.850241
1581 0.848599
1582 0.853721
1583 0.854039
1584 0.855277
1585 0.847287
1586 0.851801
1587 0.854203
1588 0.855144
1589 0.850751
1590 0.848227
1591 0.848474
1592 0.855955
1593 0.849987
1594 0.846409
1595 0.850547
1596 0.850563
1597 0.852757
1598 0.842298
1599 0.837666
1600 0.841542
1601 0.841107
1602 0.842239
1603 0.842345
1604 0.841283
1605 0.84769
1606 0.848211
1607 0.847326
1608 0.842761
1609 0.838822
1610 0.828645
1611 0.838105
1612 0.837349
1613 0.832646
1614 0.828696
1615 0.829014
1616 0.833191
1617 0.829633
1618 0.828528
1619 0.830111
1620 0.826948
1621 0.825169
1622 0.82078
1623 0.818903
1624 0.81897
1625 0.815466
1626 0.808899
1627 0.809553
1628 0.807872
1629 0.808201
1630 0.808644
1631 0.815937
1632 0.823116
1633 0.826647
1634 0.830836
1635 0.82448
1636 0.831447
1637 0.838916
1638 0.838085
1639 0.842471
1640 0.846154
1641 0.848717
1642 0.847016
1643 0.84528
1644 0.846417
1645 0.847839
1646 0.841859
1647 0.826208
1648 0.820851
1649 0.819436
1650 0.816058
1651 0.812132
1652 0.806673
1653 0.80786
1654 0.811583
1655 0.807104
1656 0.817355
1657 0.819511
1658 0.825095
1659 0.827101
1660 0.825142
1661 0.830322
1662 0.828124
1663 0.82823
1664 0.830405
1665 0.834261
1666 0.83167
1667 0.832619
1668 0.83207
1669 0.833532
1670 0.838426
1671 0.832932
1672 0.83075
1673 0.828998
1674 0.823437
1675 0.827701
1676 0.826972
1677 0.825636
1678 0.824762
1679 0.822042
1680 0.82062
1681 0.815784
1682 0.811317
1683 0.809189
1684 0.807982
1685 0.791382
1686 0.79275
1687 0.793843
1688 0.784007
1689 0.774457
1690 0.77383
1691 0.778109
1692 0.777784
1693 0.779077
1694 0.782612
1695 0.784971
1696 0.781707
1697 0.784226
1698 0.786425
1699 0.791472
1700 0.793992
1701 0.795806
1702 0.793584
1703 0.795226
1704 0.788764
1705 0.792342
1706 0.793502
1707 0.797374
1708 0.797926
1709 0.784136
1710 0.784152
1711 0.78599
1712 0.797095
1713 0.795532
1714 0.791449
1715 0.782322
1716 0.772662
1717 0.776761
1718 0.781021
1719 0.780221
1720 0.785621
1721 0.782964
1722 0.781503
1723 0.781221
1724 0.78483
1725 0.779634
1726 0.783286
1727 0.780464
1728 0.781287
1729 0.781914
1730 0.749134
1731 0.735128
1732 0.732667
1733 0.715601
1734 0.714265
1735 0.692684
1736 0.701647
1737 0.695345
1738 0.691701
1739 0.692391
1740 0.678471
1741 0.67639
1742 0.68143
1743 0.669305
1744 0.667687
1745 0.659642
1746 0.655057
1747 0.633892
1748 0.624687
1749 0.607993
1750 0.603388
1751 0.594912
1752 0.579946
1753 0.577818
1754 0.569479
1755 0.567986
1756 0.565733
1757 0.56344
1758 0.564812
1759 0.563507
1760 0.544035
1761 0.55043
1762 0.550756
1763 0.55286
1764 0.549368
1765 0.551433
1766 0.56219
1767 0.562516
1768 0.569828
1769 0.57745
1770 0.576294
1771 0.581862
1772 0.582043
1773 0.580507
1774 0.577219
1775 0.5847
1776 0.584386
1777 0.584633
1778 0.579617
1779 0.57379
1780 0.571889
1781 0.566838
1782 0.559232
1783 0.557276
1784 0.546958
1785 0.539818
1786 0.534704
1787 0.527376
1788 0.519057
1789 0.513806
1790 0.507885
1791 0.507571
1792 0.504205
1793 0.498021
1794 0.48329
1795 0.477965
1796 0.470104
1797 0.467122
1798 0.467764
1799 0.46162
1800 0.456267
1801 0.45062
1802 0.451035
1803 0.449648
1804 0.44928
1805 0.453355
1806 0.452995
1807 0.451768
1808 0.451149
1809 0.45247
1810 0.441877
1811 0.444589
1812 0.440314
1813 0.442779
1814 0.445451
1815 0.436767
1816 0.438158
1817 0.427468
1818 0.42255
1819 0.419693
1820 0.417448
1821 0.412585
1822 0.413129
1823 0.409943
1824 0.412514
1825 0.413086
1826 0.408254
1827 0.407925
1828 0.407169
1829 0.397603
1830 0.393395
1831 0.391655
1832 0.385726
1833 0.385322
1834 0.380584
1835 0.379608
1836 0.376328
1837 0.373323
1838 0.373503
1839 0.363024
1840 0.360959
1841 0.353631
1842 0.34807
1843 0.34434
1844 0.33517
1845 0.32569
1846 0.320808
1847 0.315502
1848 0.306751
1849 0.303773
1850 0.296331
1851 0.288999
1852 0.285512
1853 0.280672
1854 0.270374
1855 0.266024
1856 0.261525
1857 0.259801
1858 0.259722
1859 0.258335
1860 0.248828
1861 0.246038
1862 0.24487
1863 0.237734
1864 0.234278
1865 0.229607
1866 0.221001
1867 0.218137
1868 0.217302
1869 0.220398
1870 0.221981
1871 0.227224
1872 0.223862
1873 0.224748
1874 0.232977
1875 0.240536
1876 0.240305
1877 0.244678
1878 0.252002
1879 0.256905
1880 0.265945
1881 0.273587
1882 0.277106
1883 0.288165
1884 0.298212
1885 0.304757
1886 0.305811
1887 0.314263
1888 0.32178
1889 0.333861
1890 0.344798
1891 0.346679
1892 0.35206
1893 0.360959
1894 0.365579
1895 0.374459
1896 0.375525
1897 0.379134
1898 0.385008
1899 0.396177
1900 0.400111
1901 0.40691
1902 0.423134
1903 0.432676
1904 0.449962
1905 0.475982
1906 0.483063
1907 0.491249
1908 0.501477
1909 0.51205
1910 0.510573
1911 0.511451
1912 0.516028
1913 0.511411
1914 0.509722
1915 0.503319
1916 0.500118
1917 0.488212
1918 0.484631
1919 0.479078
1920 0.477777
1921 0.474744
1922 0.473929
1923 0.468348
1924 0.454754
1925 0.453778
1926 0.441862
1927 0.441752
1928 0.43558
1929 0.4325
1930 0.430536
1931 0.426751
1932 0.414121
1933 0.412694
1934 0.399978
1935 0.378331
1936 0.376093
1937 0.375709
1938 0.371073
1939 0.373225
1940 0.367472
1941 0.358106
1942 0.363863
1943 0.359983
1944 0.354658
1945 0.353067
1946 0.341879
1947 0.33187
1948 0.324264
1949 0.308377
1950 0.296954
1951 0.294247
1952 0.281299
1953 0.268465
1954 0.257258
1955 0.239216
1956 0.229548
1957 0.221993
1958 0.210456
1959 0.201059
1960 0.189585
1961 0.182221
1962 0.170359
1963 0.166931
1964 0.158701
1965 0.1493
1966 0.147693
1967 0.136067
1968 0.128072
1969 0.123675
1970 0.1142
1971 0.103384
1972 0.0986151
1973 0.0901546
1974 0.081455
1975 0.0775793
1976 0.0695537
1977 0.0656272
1978 0.0633347
1979 0.0598078
1980 0.0577701
1981 0.0575114
1982 0.0585538
1983 0.0583226
1984 0.0578994
1985 0.057386
1986 0.056955
1987 0.056904
1988 0.0563789
1989 0.0564299
1990 0.0564926
1991 0.0571352
1992 0.0574017
1993 0.057531
1994 0.0580248
1995 0.0583932
1996 0.0582325
1997 0.0576839
1998 0.0588281
1999 0.0585773
2000 0.0591612
2001 0.067661
2002 0.0723321
2003 0.0848329
2004 0.101527
2005 0.110446
2006 0.127629
2007 0.144214
2008 0.154195
2009 0.172581
2010 0.193676
2011 0.199264
2012 0.216718
2013 0.231464
2014 0.242476
2015 0.258237
2016 0.27573
2017 0.284403
2018 0.301363
2019 0.315169
2020 0.318057
2021 0.325475
2022 0.339555
2023 0.348462
2024 0.352883
2025 0.371642
2026 0.379452
2027 0.396349
2028 0.415453
2029 0.426868
2030 0.440517
2031 0.440259
2032 0.434153
2033 0.42873
2034 0.430493
2035 0.435517
2036 0.433671
2037 0.419568
2038 0.419619
2039 0.414944
2040 0.407827
2041 0.399943
2042 0.390068
2043 0.381145
2044 0.374839
2045 0.361892
2046 0.349983
2047 0.353745
2048 0.347859
2049 0.339128
2050 0.342361
2051 0.333356
2052 0.324828
2053 0.319381
2054 0.301234
2055 0.281879
2056 0.279896
2057 0.25808
2058 0.24556
2059 0.235959
2060 0.211126
2061 0.202799
2062 0.199056
2063 0.183507
2064 0.172675
2065 0.167499
2066 0.159544
2067 0.152929
2068 0.150785
2069 0.138759
2070 0.1352
2071 0.129867
2072 0.126195
2073 0.120854
2074 0.115654
2075 0.107711
2076 0.103639
2077 0.101394
2078 0.0953782
2079 0.0886067
2080 0.0857616
2081 0.0795465
2082 0.0736802
2083 0.0719677
2084 0.0669517
2085 0.0668812
2086 0.0659446
2087 0.0656546
2088 0.0645221
2089 0.0642713
2090 0.063754
2091 0.063801
2092 0.0639264
2093 0.063801
2094 0.0637971
2095 0.064044
2096 0.0640949
2097 0.0635306
2098 0.0635267
2099 0.0634875
2100 0.0678608
2101 0.0709135
2102 0.077885
2103 0.0862162
2104 0.0879405
2105 0.0957544
2106 0.106112
2107 0.111159
2108 0.121046
2109 0.131811
2110 0.137516
2111 0.14901
2112 0.16128
2113 0.166307
2114 0.179126
2115 0.190713
2116 0.197685
2117 0.211165
2118 0.224226
2119 0.229811
2120 0.243158
2121 0.258515
2122 0.268324
2123 0.284595
2124 0.300117
2125 0.306951
2126 0.324346
2127 0.340217
2128 0.345453
2129 0.35688
2130 0.369623
2131 0.374761
2132 0.380514
2133 0.389848
2134 0.392995
2135 0.395366
2136 0.399324
2137 0.400852
2138 0.397835
2139 0.401412
2140 0.403673
2141 0.405053
2142 0.414924
2143 0.416366
2144 0.414681
2145 0.41503
2146 0.410625
2147 0.406797
2148 0.406111
2149 0.404367
2150 0.396208
2151 0.377469
2152 0.375333
2153 0.358784
2154 0.357076
2155 0.362143
2156 0.361731
2157 0.366367
2158 0.364815
2159 0.368628
2160 0.368824
2161 0.368558
2162 0.369302
2163 0.366539
2164 0.368252
2165 0.367891
2166 0.360802
2167 0.363303
2168 0.355058
2169 0.352745
2170 0.351104
2171 0.348431
2172 0.341557
2173 0.338462
2174 0.327571
2175 0.310172
2176 0.30259
2177 0.288231
2178 0.269813
2179 0.259162
2180 0.24583
2181 0.234454
2182 0.228792
2183 0.217627
2184 0.203892
2185 0.198284
2186 0.187379
2187 0.175066
2188 0.170912
2189 0.161597
2190 0.151181
2191 0.146334
2192 0.133754
2193 0.123237
2194 0.119584
2195 0.109948
2196 0.102804
2197 0.0989952
2198 0.0918945
2199 0.0857734
2200 0.0838101
2201 0.0787785
2202 0.0717247
2203 0.0700788
2204 0.0647807
2205 0.0629977
2206 0.0629938
2207 0.0609482
2208 0.0597647
2209 0.059173
2210 0.0583853
2211 0.0554463
2212 0.0542746
2213 0.0515746
2214 0.0490117
2215 0.047405
2216 0.0466252
2217 0.0460374
2218 0.0451713
2219 0.0460295
2220 0.0455789
2221 0.0456808
2222 0.0455514
2223 0.0461118
2224 0.0477146
2225 0.0472247
2226 0.0463548
2227 0.0471973
2228 0.0477068
2229 0.0475931
2230 0.0473188
2231 0.0479771
2232 0.0480908
2233 0.0483377
2234 0.0486512
2235 0.0474168
2236 0.0476401
2237 0.047789
2238 0.0477342
2239 0.0490509
2240 0.0486198
2241 0.0483573
2242 0.048561
2243 0.0480398
2244 0.0486433
2245 0.0491488
2246 0.0494859
2247 0.0492821
2248 0.0486316
2249 0.0499953
2250 0.0499483
2251 0.0501207
2252 0.0506341
2253 0.0512767
2254 0.0516098
2255 0.0529892
2256 0.0521271
2257 0.0528991
2258 0.0528325
2259 0.0530911
2260 0.0520487
2261 0.0526953
2262 0.0543255
2263 0.0546037
2264 0.0547331
2265 0.0551288
2266 0.0556109
2267 0.0595492
2268 0.067132
2269 0.0703101
2270 0.0759256
2271 0.0873056
2272 0.0935756
2273 0.100923
2274 0.103737
2275 0.109862
2276 0.117637
2277 0.121779
2278 0.124683
2279 0.127559
2280 0.131497
2281 0.133194
2282 0.134809
2283 0.136059
2284 0.137356
2285 0.139021
2286 0.140816
2287 0.141298
2288 0.142168
2289 0.14421
2290 0.144629
2291 0.147548
2292 0.146984
2293 0.147223
2294 0.14711
2295 0.145272
2296 0.147031
2297 0.147047
2298 0.150582
2299 0.151577
2300 0.15499
2301 0.158415
2302 0.159665
2303 0.16271
2304 0.165551
2305 0.167949
2306 0.168831
2307 0.168804
2308 0.169685
2309 0.170073
2310 0.168894
2311 0.167256
2312 0.162357
2313 0.160637
2314 0.158407
2315 0.154073
2316 0.148987
2317 0.146694
2318 0.141584
2319 0.13939
2320 0.138077
2321 0.136603
2322 0.129761
2323 0.126062
2324 0.117829
2325 0.117033
2326 0.11643
2327 0.114976
2328 0.114392
2329 0.111821
2330 0.111171
2331 0.108377
2332 0.107252
2333 0.104309
2334 0.100774
2335 0.0972749
2336 0.0940263
2337 0.0897627
2338 0.0856833
2339 0.0819801
2340 0.0802911
2341 0.0788764
2342 0.0768387
2343 0.0744718
2344 0.0744757
2345 0.073594
2346 0.0729474
2347 0.0712937
2348 0.0684447
2349 0.0638755
2350 0.0642595
2351 0.0636717
2352 0.0645142
2353 0.0646671
2354 0.064138
2355 0.0619122
2356 0.0607013
2357 0.0617398
2358 0.0596001
2359 0.0591926
2360 0.057872
2361 0.0567904
2362 0.0569707
2363 0.0557088
2364 0.0562026
2365 0.0562457
2366 0.057629
2367 0.0582051
2368 0.0579307
2369 0.0599175
2370 0.0597255
2371 0.0602428
2372 0.0607483
2373 0.061536
2374 0.0610305
2375 0.0609443
2376 0.0605759
2377 0.0602781
2378 0.061485
2379 0.0590084
2380 0.0587419
2381 0.0587106
2382 0.0576251
2383 0.0575075
2384 0.0656428
2385 0.0741583
2386 0.0796092
2387 0.0893591
2388 0.0951901
2389 0.0985524
2390 0.105712
2391 0.109015
2392 0.109862
2393 0.111394
2394 0.113271
2395 0.113314
2396 0.112542
2397 0.112213
2398 0.1113
2399 0.111151
2400 0.112002
2401 0.11217
2402 0.114482
2403 0.116457
2404 0.117104
2405 0.120587
2406 0.120689
2407 0.121638
2408 0.123993
2409 0.124444
2410 0.124773
2411 0.128468
2412 0.13129
2413 0.128903
2414 0.124514
2415 0.1173
2416 0.115313
2417 0.107934
2418 0.104634
2419 0.103643
2420 0.100128
2421 0.0940341
2422 0.090809
2423 0.0839355
2424 0.0784963
2425 0.0755416
2426 0.0690443
2427 0.0626724
2428 0.059945
2429 0.0541531
2430 0.0492037
2431 0.0471346
2432 0.0439604
2433 0.048851
2434 0.0527306
2435 0.0615282
2436 0.0658662
2437 0.0700553
2438 0.0741974
2439 0.0769562
2440 0.0781554
2441 0.0807143
2442 0.0827521
2443 0.0837161
2444 0.0861457
2445 0.0862397
2446 0.0876975
2447 0.0890338
2448 0.0905386
2449 0.0901546
2450 0.0929604
2451 0.0932582
2452 0.0937755
2453 0.0945906
2454 0.093603
2455 0.0934267
2456 0.0939087
2457 0.0952293
2458 0.0978666
2459 0.100759
2460 0.104497
2461 0.105449
2462 0.108079
2463 0.10358
2464 0.101319
2465 0.096883
2466 0.0903622
2467 0.0878699
2468 0.0831792
2469 0.0788137
2470 0.0779869
2471 0.0738996
2472 0.0683977
2473 0.0668733
2474 0.0631505
2475 0.0609913
2476 0.059847
2477 0.0582364
2478 0.0578837
2479 0.0581463
2480 0.0567747
2481 0.0550074
2482 0.0538161
2483 0.0544156
2484 0.0550583
2485 0.0558029
2486 0.0565396
2487 0.0573821
2488 0.0574762
2489 0.0579817
2490 0.0587654
2491 0.0591456
2492 0.0598039
2493 0.0606112
2494 0.0602624
2495 0.0614615
2496 0.061536
2497 0.0618142
2498 0.0618103
2499 0.0621787
2500 0.0628174
2501 0.0634483
2502 0.0645103
2503 0.0643849
2504 0.064765
2505 0.0648317
2506 0.065102
2507 0.0647415
2508 0.0666735
2509 0.069491
2510 0.0750204
2511 0.080487
2512 0.0843587
2513 0.0937049
2514 0.0991598
2515 0.103141
2516 0.108855
2517 0.110489
2518 0.11199
2519 0.113099
2520 0.113205
2521 0.114212
2522 0.115317
2523 0.114451
2524 0.114662
2525 0.116351
2526 0.119694
2527 0.118319
2528 0.120474
2529 0.122421
2530 0.123483
2531 0.123918
2532 0.125502
2533 0.126227
2534 0.127136
2535 0.128213
2536 0.129624
2537 0.133343
2538 0.134769
2539 0.13522
2540 0.135925
2541 0.137258
2542 0.136494
2543 0.136384
2544 0.141133
2545 0.138159
2546 0.138672
2547 0.140847
2548 0.142231
2549 0.142764
2550 0.140847
2551 0.138849
2552 0.135173
2553 0.130443
2554 0.127841
2555 0.122782
2556 0.119424
2557 0.116214
2558 0.108921
2559 0.102099
2560 0.0998965
2561 0.0927997
2562 0.0845782
2563 0.0810513
2564 0.0741426
2565 0.0680176
2566 0.0642674
2567 0.0586361
2568 0.053436
2569 0.0511984
2570 0.0471503
2571 0.0443053
2572 0.0440114
2573 0.0429729
2574 0.0418482
2575 0.0415974
2576 0.0416993
2577 0.0416993
2578 0.0417699
2579 0.0417934
2580 0.0417072
2581 0.0416876
2582 0.041617
2583 0.0416562
2584 0.0416366
2585 0.0415465
2586 0.0415465
2587 0.0415387
2588 0.0415543
2589 0.0415465
2590 0.0415465
2591 0.04157
2592 0.0416327
2593 0.0417659
2594 0.0418404
2595 0.0418404
2596 0.0418051
2597 0.0418953
2598 0.0417816
2599 0.041813
2600 0.0417973
2601 0.0418169
2602 0.0418247
2603 0.0418012
2604 0.0417816
2605 0.0418561
2606 0.0419932
2607 0.0420598
2608 0.0420716
2609 0.0420755
2610 0.0420912
2611 0.0420598
2612 0.0418482
2613 0.0418286
2614 0.041809
2615 0.0417503
2616 0.0416366
2617 0.0416366
2618 0.041617
2619 0.0416131
2620 0.0416484
2621 0.0416993
2622 0.0417542
2623 0.0417895
2624 0.0417463
2625 0.0456141
2626 0.0483925
2627 0.0554423
2628 0.0620023
2629 0.0646671
2630 0.0671476
2631 0.0726456
2632 0.0744522
2633 0.0769876
2634 0.0785277
2635 0.0789509
2636 0.0792056
2637 0.0811806
2638 0.0844058
2639 0.0941399
2640 0.105038
2641 0.110113
2642 0.119847
2643 0.133049
2644 0.139154
2645 0.151162
2646 0.163086
2647 0.168377
2648 0.181677
2649 0.188703
2650 0.193515
2651 0.200796
2652 0.209265
2653 0.210981
2654 0.21113
2655 0.221581
2656 0.222808
2657 0.229654
2658 0.232973
2659 0.237276
2660 0.245004
2661 0.24808
2662 0.247527
2663 0.24663
2664 0.244094
2665 0.241481
2666 0.238314
2667 0.233863
2668 0.230735
2669 0.23041
2670 0.228447
2671 0.225386
2672 0.219716
2673 0.221989
2674 0.227557
2675 0.226315
2676 0.230775
2677 0.233604
2678 0.235708
2679 0.236484
2680 0.231625
2681 0.225966
2682 0.220511
2683 0.217882
2684 0.213567
2685 0.208395
2686 0.207031
2687 0.20466
2688 0.202058
2689 0.200432
2690 0.194859
2691 0.191129
2692 0.186849
2693 0.179811
2694 0.175442
2695 0.172378
2696 0.165214
2697 0.158356
2698 0.155351
2699 0.150299
2700 0.144174
2701 0.140295
2702 0.133186
2703 0.127931
2704 0.125098
2705 0.118644
2706 0.112809
2707 0.10911
2708 0.102714
2709 0.0970946
2710 0.0952332
2711 0.0928898
2712 0.0929486
2713 0.0937324
2714 0.0946337
2715 0.0951314
2716 0.0954723
2717 0.0958524
2718 0.0968713
2719 0.0962129
2720 0.0956917
2721 0.0965029
2722 0.0968478
2723 0.0983212
2724 0.0996066
2725 0.099105
2726 0.0994185
2727 0.101076
2728 0.102024
2729 0.106268
2730 0.111347
2731 0.114615
2732 0.120337
2733 0.125306
2734 0.12712
2735 0.131243
2736 0.134499
2737 0.135788
2738 0.138908
2739 0.142039
2740 0.143304
2741 0.1441
2742 0.143783
2743 0.144997
2744 0.146565
2745 0.146863
2746 0.14901
2747 0.150327
2748 0.151741
2749 0.15171
2750 0.153662
2751 0.156127
2752 0.155848
2753 0.159289
2754 0.160641
2755 0.161005
2756 0.161899
2757 0.162643
2758 0.163529
2759 0.164658
2760 0.163251
2761 0.164932
2762 0.165579
2763 0.165347
2764 0.168721
2765 0.167945
2766 0.168702
2767 0.169776
2768 0.170062
2769 0.170089
2770 0.171222
2771 0.171739
2772 0.173271
2773 0.17324
2774 0.173855
2775 0.175207
2776 0.17465
2777 0.176198
2778 0.177064
2779 0.177205
2780 0.178914
2781 0.180705
2782 0.181622
2783 0.183154
2784 0.185658
2785 0.185329
2786 0.18627
2787 0.186544
2788 0.187759
2789 0.189346
2790 0.18915
2791 0.190255
2792 0.190196
2793 0.190984
2794 0.191532
2795 0.191125
2796 0.19156
2797 0.191897
2798 0.1902
2799 0.191489
2800 0.191842
2801 0.191478
2802 0.19201
2803 0.192481
2804 0.192144
2805 0.192775
2806 0.191803
2807 0.193523
2808 0.193746
2809 0.193433
2810 0.191093
2811 0.192387
2812 0.192963
2813 0.194264
2814 0.193884
2815 0.194758
2816 0.194479
2817 0.194867
2818 0.195059
2819 0.195381
2820 0.197947
2821 0.19752
2822 0.196932
2823 0.196576
2824 0.196748
2825 0.197077
2826 0.195533
2827 0.195565
2828 0.19471
2829 0.193707
2830 0.193449
2831 0.193888
2832 0.19366
2833 0.193813
2834 0.193445
2835 0.192571
2836 0.193022
2837 0.194131
2838 0.193872
2839 0.194225
2840 0.194785
2841 0.195095
2842 0.195921
2843 0.195059
2844 0.195251
2845 0.195251
2846 0.195247
2847 0.19529
2848 0.195455
2849 0.195596
2850 0.19694
2851 0.196987
2852 0.199045
2853 0.200553
2854 0.201396
2855 0.201831
2856 0.202195
2857 0.201862
2858 0.199879
2859 0.199119
2860 0.194558
2861 0.194946
2862 0.194268
2863 0.19415
2864 0.194828
2865 0.196443
2866 0.196509
2867 0.19783
2868 0.198919
2869 0.200032
2870 0.200389
2871 0.203065
2872 0.202254
2873 0.200118
2874 0.199711
2875 0.199354
2876 0.196999
2877 0.196482
2878 0.195377
2879 0.196352
2880 0.197446
2881 0.199558
2882 0.203355
2883 0.206255
2884 0.208477
2885 0.209668
2886 0.210628
2887 0.212846
2888 0.214093
2889 0.215276
2890 0.216503
2891 0.217267
2892 0.215593
2893 0.215398
2894 0.212635
2895 0.21381
2896 0.214006
2897 0.21414
2898 0.21501
2899 0.215621
2900 0.215292
2901 0.215401
2902 0.215221
2903 0.21459
2904 0.213967
2905 0.214069
2906 0.214814
2907 0.215989
2908 0.216753
2909 0.216769
2910 0.214316
2911 0.214245
2912 0.21468
2913 0.215327
2914 0.215111
2915 0.214876
2916 0.214355
2917 0.214218
2918 0.21327
2919 0.213638
2920 0.213908
2921 0.214688
2922 0.21548
2923 0.216111
2924 0.216487
2925 0.21564
2926 0.214179
2927 0.215429
2928 0.215848
2929 0.216663
2930 0.219257
2931 0.220653
2932 0.221162
2933 0.222976
2934 0.22327
2935 0.224097
2936 0.222671
2937 0.223164
2938 0.223517
2939 0.225234
2940 0.226147
2941 0.226593
2942 0.226491
2943 0.226997
2944 0.228506
2945 0.231308
2946 0.238091
2947 0.241547
2948 0.246438
2949 0.250333
2950 0.252579
2951 0.257026
2952 0.259519
2953 0.260878
2954 0.264472
2955 0.269339
2956 0.27229
2957 0.277619
2958 0.28644
2959 0.290155
2960 0.292902
2961 0.298871
2962 0.300948
2963 0.307327
2964 0.312014
2965 0.314718
2966 0.321921
2967 0.327148
2968 0.332717
2969 0.339053
2970 0.344152
2971 0.347036
2972 0.352616
2973 0.35898
2974 0.361351
2975 0.364129
2976 0.370999
2977 0.375063
2978 0.377116
2979 0.382849
2980 0.384942
2981 0.390597
2982 0.395993
2983 0.400919
2984 0.403865
2985 0.419779
2986 0.420508
2987 0.4238
2988 0.426124
2989 0.428961
2990 0.43634
2991 0.442551
2992 0.448139
2993 0.455534
2994 0.456804
2995 0.459476
2996 0.463983
2997 0.47338
2998 0.480634
2999 0.489188
3000 0.491982
3001 0.49605
3002 0.504832
3003 0.512712
3004 0.517897
3005 0.523881
3006 0.531616
3007 0.535261
3008 0.542511
3009 0.555145
3010 0.582133
3011 0.586381
3012 0.590264
3013 0.587607
3014 0.60541
3015 0.613565
3016 0.619592
3017 0.630827
3018 0.635925
3019 0.637473
3020 0.642462
3021 0.650558
3022 0.653697
3023 0.659755
3024 0.663678
3025 0.66628
3026 0.669979
3027 0.673365
3028 0.676547
3029 0.682809
3030 0.696666
3031 0.700451
3032 0.703751
3033 0.709355
3034 0.711604
3035 0.740293
3036 0.74612
3037 0.746309
3038 0.745572
3039 0.736288
3040 0.731245
3041 0.727071
3042 0.721319
3043 0.720621
3044 0.718215
3045 0.720171
3046 0.71865
3047 0.718356
3048 0.718156
3049 0.716554
3050 0.716389
3051 0.71421
3052 0.712788
3053 0.714104
3054 0.711835
3055 0.710499
3056 0.708097
3057 0.708853
3058 0.708591
3059 0.712172
3060 0.715104
3061 0.717145
3062 0.717745
3063 0.721197
3064 0.718348
3065 0.721185
3066 0.719324
3067 0.717678
3068 0.715484
3069 0.715084
3070 0.715268
3071 0.719242
3072 0.719583
3073 0.720343
3074 0.723486
3075 0.726346
3076 0.727169
3077 0.724932
3078 0.722726
3079 0.722777
3080 0.71943
3081 0.719979
3082 0.72494
3083 0.729971
3084 0.731978
3085 0.738984
3086 0.738875
3087 0.742241
3088 0.743989
3089 0.739607
3090 0.739721
3091 0.741222
3092 0.74134
3093 0.741159
3094 0.741394
3095 0.739764
3096 0.738941
3097 0.739498
3098 0.739216
3099 0.739282
3100 0.739408
3101 0.740505
3102 0.740595
3103 0.739772
3104 0.740133
3105 0.740356
3106 0.740415
3107 0.739157
3108 0.740744
3109 0.740619
3110 0.741782
3111 0.741673
3112 0.7421
3113 0.742978
3114 0.74132
3115 0.741449
3116 0.741528
3117 0.741265
3118 0.740176
3119 0.741845
3120 0.742985
3121 0.742946
3122 0.741739
3123 0.741473
3124 0.740869
3125 0.740924
3126 0.740912
3127 0.740724
3128 0.740681
3129 0.739678
3130 0.739545
3131 0.742006
3132 0.744008
3133 0.742899
3134 0.742131
3135 0.74828
3136 0.746246
3137 0.745039
3138 0.745576
3139 0.745345
3140 0.744294
3141 0.745086
3142 0.743942
3143 0.743134
3144 0.740626
3145 0.741179
3146 0.739239
3147 0.739423
3148 0.739666
3149 0.739145
3150 0.739035
3151 0.739459
3152 0.737625
3153 0.736935
3154 0.736951
3155 0.735928
3156 0.733287
3157 0.731786
3158 0.730653
3159 0.730845
3160 0.729854
3161 0.729858
3162 0.730442
3163 0.730704
3164 0.729446
3165 0.730481
3166 0.730587
3167 0.730234
3168 0.730308
3169 0.729666
3170 0.728796
3171 0.729517
3172 0.728392
3173 0.728709
3174 0.728976
3175 0.728745
3176 0.730414
3177 0.731445
3178 0.73146
3179 0.731684
3180 0.732585
3181 0.729419
3182 0.730179
3183 0.731206
3184 0.732287
3185 0.738577
3186 0.739071
3187 0.736994
3188 0.738647
3189 0.73989
3190 0.738122
3191 0.739604
3192 0.73987
3193 0.739792
3194 0.74159
3195 0.740403
3196 0.739972
3197 0.738698
3198 0.737542
3199 0.737315
3200 0.735877
3201 0.737256
3202 0.735751
3203 0.735865
3204 0.735657
3205 0.735783
3206 0.736167
3207 0.735328
3208 0.736186
3209 0.735814
3210 0.739028
3211 0.739513
3212 0.739247
3213 0.739752
3214 0.740231
3215 0.74034
3216 0.739901
3217 0.7396
3218 0.739686
3219 0.739513
3220 0.738836
3221 0.740924
3222 0.741018
3223 0.740963
3224 0.739184
3225 0.740419
3226 0.740622
3227 0.7425
3228 0.745638
3229 0.746034
3230 0.746646
3231 0.746152
3232 0.746175
3233 0.746297
3234 0.746493
3235 0.744134
3236 0.743804
3237 0.743424
3238 0.742899
3239 0.743381
3240 0.74268
3241 0.74297
3242 0.7423
3243 0.743456
3244 0.743413
3245 0.743632
3246 0.743503
3247 0.744004
3248 0.743981
3249 0.744012
3250 0.743867
3251 0.742887
3252 0.742652
3253 0.742805
3254 0.742127
3255 0.740728
3256 0.740948
3257 0.74045
3258 0.741681
3259 0.742511
3260 0.739404
3261 0.739792
3262 0.740811
3263 0.74279
3264 0.743565
3265 0.741512
3266 0.74018
3267 0.740622
3268 0.74018
3269 0.741159
3270 0.741465
3271 0.742409
3272 0.742076
3273 0.742174
3274 0.742178
3275 0.741829
3276 0.743946
3277 0.7442
3278 0.744181
3279 0.744906
3280 0.744435
3281 0.744878
3282 0.746273
3283 0.74761
3284 0.748742
3285 0.755714
3286 0.755545
3287 0.755753
3288 0.754424
3289 0.752653
3290 0.752144
3291 0.753629
3292 0.753656
3293 0.755177
3294 0.755572
3295 0.754601
3296 0.75417
3297 0.754851
3298 0.754334
3299 0.754554
3300 0.753401
3301 0.752692
3302 0.753229
3303 0.753033
3304 0.752821
3305 0.753699
3306 0.753425
3307 0.753002
3308 0.752477
3309 0.752402
3310 0.755525
3311 0.756525
3312 0.756583
3313 0.756881
3314 0.755996
3315 0.755702
3316 0.755118
3317 0.754957
3318 0.754201
3319 0.755259
3320 0.754448
3321 0.750176
3322 0.751473
3323 0.751364
3324 0.750208
3325 0.751524
3326 0.751054
3327 0.751509
3328 0.750694
3329 0.750502
3330 0.74969
3331 0.750169
3332 0.750325
3333 0.750149
3334 0.750063
3335 0.742884
3336 0.743044
3337 0.743307
3338 0.742899
3339 0.742131
3340 0.742076
3341 0.742092
3342 0.741708
3343 0.741006
3344 0.741285
3345 0.740912
3346 0.740536
3347 0.741293
3348 0.740952
3349 0.741457
3350 0.741563
3351 0.741802
3352 0.74143
3353 0.741132
3354 0.741191
3355 0.741195
3356 0.741943
3357 0.742327
3358 0.742108
3359 0.742021
3360 0.746328
3361 0.745121
3362 0.745795
3363 0.745176
3364 0.744757
3365 0.743902
3366 0.74237
3367 0.740826
3368 0.73889
3369 0.737828
3370 0.73706
3371 0.736543
3372 0.735838
3373 0.735767
3374 0.735936
3375 0.735591
3376 0.735446
3377 0.735093
3378 0.73532
3379 0.73523
3380 0.734576
3381 0.73476
3382 0.734705
3383 0.73536
3384 0.735395
3385 0.734913
3386 0.734799
3387 0.734035
3388 0.733682
3389 0.733867
3390 0.734039
3391 0.7336
3392 0.733095
3393 0.732401
3394 0.732738
3395 0.732593
3396 0.732154
3397 0.731966
3398 0.732585
3399 0.733616
3400 0.73505
3401 0.735971
3402 0.735885
3403 0.736437
3404 0.736351
3405 0.736085
3406 0.735889
3407 0.735579
3408 0.735391
3409 0.734701
3410 0.735955
3411 0.735614
3412 0.734705
3413 0.733443
3414 0.732534
3415 0.732393
3416 0.732021
3417 0.732036
3418 0.73206
3419 0.731747
3420 0.731707
3421 0.730457
3422 0.730641
3423 0.730395
3424 0.730442
3425 0.73079
3426 0.730011
3427 0.729881
3428 0.73099
3429 0.731241
3430 0.731006
3431 0.731014
3432 0.733216
3433 0.732879
3434 0.737562
3435 0.755247
3436 0.754734
3437 0.753053
3438 0.754761
3439 0.754173
3440 0.754346
3441 0.756105
3442 0.756051
3443 0.756384
3444 0.756435
3445 0.756356
3446 0.757058
3447 0.757387
3448 0.757355
3449 0.757888
3450 0.759154
3451 0.760479
3452 0.760318
3453 0.76109
3454 0.760878
3455 0.760534
3456 0.760906
3457 0.761282
3458 0.760965
3459 0.760432
3460 0.7718
3461 0.771631
3462 0.771353
3463 0.771404
3464 0.771232
3465 0.770742
3466 0.770522
3467 0.77037
3468 0.769566
3469 0.770303
3470 0.76986
3471 0.769946
3472 0.768779
3473 0.76863
3474 0.76854
3475 0.768375
3476 0.768504
3477 0.768152
3478 0.767936
3479 0.767987
3480 0.767901
3481 0.767235
3482 0.767184
3483 0.767376
3484 0.767297
3485 0.780809
3486 0.778869
3487 0.779214
3488 0.778489
3489 0.777267
3490 0.778329
3491 0.779974
3492 0.781895
3493 0.784344
3494 0.787969
3495 0.792471
3496 0.789086
3497 0.788533
3498 0.786723
3499 0.786793
3500 0.786291
3501 0.789101
3502 0.788631
3503 0.792993
3504 0.792115
3505 0.789109
3506 0.787914
3507 0.790312
3508 0.787236
3509 0.786715
3510 0.784285
3511 0.783039
3512 0.783693
3513 0.78137
3514 0.780895
3515 0.781154
3516 0.776777
3517 0.776013
3518 0.775934
3519 0.776244
3520 0.774633
3521 0.774132
3522 0.774245
3523 0.773991
3524 0.769668
3525 0.768857
3526 0.770123
3527 0.77035
3528 0.770393
3529 0.770875
3530 0.770895
3531 0.770248
3532 0.770248
3533 0.770013
3534 0.769715
3535 0.773411
3536 0.773728
3537 0.772983
3538 0.772729
3539 0.77294
3540 0.772497
3541 0.772258
3542 0.773097
3543 0.772776
3544 0.772321
3545 0.772462
3546 0.771051
3547 0.77082
3548 0.77037
3549 0.770229
3550 0.769782
3551 0.76957
3552 0.769527
3553 0.769178
3554 0.76957
3555 0.769574
3556 0.769237
3557 0.769421
3558 0.769739
3559 0.769292
3560 0.7631
3561 0.762991
3562 0.762646
3563 0.762838
3564 0.762407
3565 0.762297
3566 0.762583
3567 0.763347
3568 0.762336
3569 0.765303
3570 0.764433
3571 0.764668
3572 0.765424
3573 0.765389
3574 0.765071
3575 0.765119
3576 0.764617
3577 0.765083
3578 0.765651
3579 0.76754
3580 0.766764
3581 0.767003
3582 0.766114
3583 0.765695
3584 0.765361
3585 0.765385
3586 0.765503
3587 0.765412
3588 0.76555
3589 0.764221
3590 0.764405
3591 0.764358
3592 0.76428
3593 0.764864
3594 0.75984
3595 0.75944
3596 0.759762
3597 0.758758
3598 0.759115
3599 0.759307
3600 0.758986
3601 0.758253
3602 0.758911
3603 0.758927
3604 0.75879
3605 0.755902
3606 0.755996
3607 0.756497
3608 0.756917
3609 0.755741
3610 0.755808
3611 0.75645
3612 0.756011
3613 0.757069
3614 0.756983
3615 0.75712
3616 0.757399
3617 0.756881
3618 0.757798
3619 0.768152
3620 0.767924
3621 0.768939
3622 0.76832
3623 0.77006
3624 0.766376
3625 0.765863
3626 0.765659
3627 0.765616
3628 0.766768
3629 0.767795
3630 0.768861
3631 0.768982
3632 0.769073
3633 0.769382
3634 0.769351
3635 0.769543
3636 0.769531
3637 0.767438
3638 0.770718
3639 0.771945
3640 0.772607
3641 0.772768
3642 0.772885
3643 0.773418
3644 0.779022
3645 0.778619
3646 0.779802
3647 0.775907
3648 0.777126
3649 0.777223
3650 0.777557
3651 0.777153
3652 0.778293
3653 0.778172
3654 0.776839
3655 0.778368
3656 0.77901
3657 0.779187
3658 0.779767
3659 0.781354
3660 0.781409
3661 0.78229
3662 0.781178
3663 0.782651
3664 0.782898
3665 0.782796
3666 0.783388
3667 0.783783
3668 0.783897
3669 0.780574
3670 0.778427
3671 0.778325
3672 0.776322
3673 0.774708
3674 0.775295
3675 0.774715
3676 0.774312
3677 0.774567
3678 0.774406
3679 0.7739
3680 0.77294
3681 0.773027
3682 0.773399
3683 0.772545
3684 0.773117
3685 0.773113
3686 0.773066
3687 0.773352
3688 0.773317
3689 0.772756
3690 0.77216
3691 0.771949
3692 0.771118
3693 0.770883
3694 0.770366
3695 0.769739
3696 0.770279
3697 0.770142
3698 0.769833
3699 0.769488
3700 0.768826
3701 0.768496
3702 0.768222
3703 0.767583
3704 0.767474
3705 0.767372
3706 0.767207
3707 0.767431
3708 0.766365
3709 0.766094
3710 0.765271
3711 0.764354
3712 0.76437
3713 0.764793
3714 0.765122
3715 0.764527
3716 0.764499
3717 0.764288
3718 0.764053
3719 0.766925
3720 0.767027
3721 0.766459
3722 0.765213
3723 0.761929
3724 0.76551
3725 0.760706
3726 0.764492
3727 0.764205
3728 0.763104
3729 0.763273
3730 0.75957
3731 0.764002
3732 0.763802
3733 0.764797
3734 0.765765
3735 0.765973
3736 0.765354
3737 0.765236
3738 0.76591
3739 0.765753
3740 0.765832
3741 0.761627
3742 0.765785
3743 0.765111
3744 0.758739
3745 0.759609
3746 0.758735
3747 0.758845
3748 0.759291
3749 0.75857
3750 0.760118
3751 0.759671
3752 0.760326
3753 0.760079
3754 0.758696
3755 0.758645
3756 0.75886
3757 0.757861
3758 0.757975
3759 0.757794
3760 0.756952
3761 0.757418
3762 0.756866
3763 0.756697
3764 0.756854
3765 0.754761
3766 0.753703
3767 0.752202
3768 0.751689
3769 0.747715
3770 0.747186
3771 0.747296
3772 0.74674
3773 0.747026
3774 0.746798
3775 0.74701
3776 0.746379
3777 0.746383
3778 0.746947
3779 0.746802
3780 0.747155
3781 0.747139
3782 0.747437
3783 0.7467
3784 0.74828
3785 0.747069
3786 0.748962
3787 0.748272
3788 0.748848
3789 0.748554
3790 0.748538
3791 0.746407
3792 0.746277
3793 0.746124
3794 0.753084
3795 0.7527
3796 0.752539
3797 0.749698
3798 0.749146
3799 0.748593
3800 0.747758
3801 0.747903
3802 0.747923
3803 0.747163
3804 0.750995
3805 0.750752
3806 0.750451
3807 0.750259
3808 0.756924
3809 0.767203
3810 0.770957
3811 0.77932
3812 0.785966
3813 0.78896
3814 0.789038
3815 0.822215
3816 0.837094
3817 0.867927
3818 0.873186
3819 0.888073
3820 0.888034
3821 0.888543
3822 0.88861
3823 0.888465
3824 0.888269
3825 0.88814
3826 0.888986
3827 0.897631
3828 0.899755
3829 0.899837
3830 0.900872
3831 0.900993
3832 0.901632
3833 0.90171
3834 0.90222
3835 0.903301
3836 0.90318
3837 0.902948
3838 0.90298
3839 0.902807
3840 0.903493
3841 0.903442
3842 0.903564
3843 0.903587
3844 0.900413
3845 0.900217
3846 0.900464
3847 0.900958
3848 0.900883
3849 0.901953
3850 0.901969
3851 0.901326
3852 0.900977
3853 0.901448
3854 0.90193
3855 0.901828
3856 0.902169
3857 0.902008
3858 0.902318
3859 0.902416
3860 0.90211
3861 0.901581
3862 0.901992
3863 0.901502
3864 0.900738
3865 0.902443
3866 0.901259
3867 0.901871
3868 0.901495
3869 0.902753
3870 0.902259
3871 0.902396
3872 0.902533
3873 0.902176
3874 0.902192
3875 0.902149
3876 0.902463
3877 0.902082
3878 0.902666
3879 0.904696
3880 0.904716
3881 0.9043
3882 0.902948
3883 0.90278
3884 0.9028
3885 0.902549
3886 0.902976
3887 0.903748
3888 0.903403
3889 0.902807
3890 0.902666
3891 0.902831
3892 0.902686
3893 0.902945
3894 0.900448
3895 0.900429
3896 0.900448
3897 0.900111
3898 0.89952
3899 0.901549
3900 0.902368
3901 0.902549
3902 0.900115
3903 0.900507
3904 0.89977
3905 0.897791
3906 0.898371
3907 0.897478
3908 0.898203
3909 0.899038
3910 0.895785
3911 0.894633
3912 0.894782
3913 0.892529
3914 0.889174
3915 0.888845
3916 0.885295
3917 0.885608
3918 0.884805
3919 0.886243
3920 0.886227
3921 0.88609
3922 0.886948
3923 0.886458
3924 0.886854
3925 0.886984
3926 0.886141
3927 0.885961
3928 0.886364
3929 0.88618
3930 0.885502
3931 0.886603
3932 0.889378
3933 0.888919
3934 0.891858
3935 0.896953
3936 0.896816
3937 0.897121
3938 0.898881
3939 0.898689
3940 0.899708
3941 0.899167
3942 0.899955
3943 0.899947
3944 0.900143
3945 0.900852
3946 0.900868
3947 0.901126
3948 0.899935
3949 0.90037
3950 0.900307
3951 0.900832
3952 0.900793
3953 0.900644
3954 0.899794
3955 0.901091
3956 0.90142
3957 0.900499
3958 0.900468
3959 0.899763
3960 0.899911
3961 0.897552
3962 0.898599
3963 0.8968
3964 0.900723
3965 0.900072
3966 0.901475
3967 0.901518
3968 0.902106
3969 0.902604
3970 0.901553
3971 0.902592
3972 0.903082
3973 0.903148
3974 0.902525
3975 0.902968
3976 0.903184
3977 0.902807
3978 0.900668
3979 0.903368
3980 0.903078
3981 0.90345
3982 0.902968
3983 0.901608
3984 0.901205
3985 0.901216
3986 0.900989
3987 0.900793
3988 0.900515
3989 0.900405
3990 0.900335
3991 0.900268
3992 0.900703
3993 0.900985
3994 0.899715
3995 0.899504
3996 0.89941
3997 0.89939
3998 0.899422
3999 0.89778
4000 0.892478
4001 0.891686
4002 0.890757
4003 0.894382
4004 0.894927
4005 0.896126
4006 0.899132
4007 0.901028
4008 0.900797
4009 0.901138
4010 0.900985
4011 0.901201
4012 0.901138
4013 0.900648
4014 0.900926
4015 0.902717
4016 0.903054
4017 0.903121
4018 0.903235
4019 0.904261
4020 0.903728
4021 0.904293
4022 0.904336
4023 0.904159
4024 0.904516
4025 0.904496
4026 0.904422
4027 0.904414
4028 0.904955
4029 0.904496
4030 0.903419
4031 0.904108
4032 0.904418
4033 0.904289
4034 0.904034
4035 0.904759
4036 0.90479
4037 0.902502
4038 0.904684
4039 0.903372
4040 0.903642
4041 0.899053
4042 0.894649
4043 0.892548
4044 0.884064
4045 0.882073
4046 0.882015
4047 0.883245
4048 0.887187
4049 0.888778
4050 0.885416
4051 0.888739
4052 0.887191
4053 0.886372
4054 0.886325
4055 0.886831
4056 0.885675
4057 0.8858
4058 0.886325
4059 0.888402
4060 0.89196
4061 0.892058
4062 0.891702
4063 0.894331
4064 0.893461
4065 0.897286
4066 0.89787
4067 0.898285
4068 0.898422
4069 0.898383
4070 0.900311
4071 0.900758
4072 0.901079
4073 0.901553
4074 0.901138
4075 0.901385
4076 0.901138
4077 0.901581
4078 0.901851
4079 0.902173
4080 0.902223
4081 0.901346
4082 0.901279
4083 0.901126
4084 0.902043
4085 0.902325
4086 0.901636
4087 0.902271
4088 0.902306
4089 0.902012
4090 0.902012
4091 0.901992
4092 0.902079
4093 0.901832
4094 0.90019
4095 0.900194
4096 0.899512
4097 0.899041
4098 0.899128
4099 0.898799
4100 0.898869
4101 0.899226
4102 0.89805
4103 0.896804
4104 0.896628
4105 0.897043
4106 0.897098
4107 0.897282
4108 0.898544
4109 0.898681
4110 0.898418
4111 0.900366
4112 0.900879
4113 0.899743
4114 0.899108
4115 0.898802
4116 0.895491
4117 0.895997
4118 0.892509
4119 0.897059
4120 0.897372
4121 0.898054
4122 0.897956
4123 0.898105
4124 0.898097
4125 0.898046
4126 0.897956
4127 0.897384
4128 0.898599
4129 0.898144
4130 0.897102
4131 0.897176
4132 0.897051
4133 0.897321
4134 0.897023
4135 0.897039
4136 0.897321
4137 0.897956
4138 0.898642
4139 0.89834
4140 0.898967
4141 0.899578
4142 0.899484
4143 0.899571
4144 0.899931
4145 0.898183
4146 0.897497
4147 0.898489
4148 0.899927
4149 0.899214
4150 0.898136
4151 0.898207
4152 0.897709
4153 0.897023
4154 0.897274
4155 0.898136
4156 0.896808
4157 0.893465
4158 0.896753
4159 0.898654
4160 0.898117
4161 0.898015
4162 0.897932
4163 0.897756
4164 0.897995
4165 0.898128
4166 0.898512
4167 0.900245
4168 0.898661
4169 0.896855
4170 0.898552
4171 0.897909
4172 0.896338
4173 0.893951
4174 0.894218
4175 0.89446
4176 0.892869
4177 0.89274
4178 0.890393
4179 0.893038
4180 0.896984
4181 0.899892
4182 0.898751
4183 0.903873
4184 0.902882
4185 0.903172
4186 0.901906
4187 0.900962
4188 0.902843
4189 0.904402
4190 0.905104
4191 0.906107
4192 0.911973
4193 0.908881
4194 0.903736
4195 0.905676
4196 0.910935
4197 0.911734
4198 0.913788
4199 0.913361
4200 0.910594
4201 0.911193
4202 0.910155
4203 0.909693
4204 0.908156
4205 0.907949
4206 0.90867
4207 0.909195
4208 0.909124
4209 0.910175
4210 0.908537
4211 0.907428
4212 0.907537
4213 0.906981
4214 0.901996
4215 0.901596
4216 0.898285
4217 0.898708
4218 0.898673
4219 0.895938
4220 0.896655
4221 0.900029
4222 0.895722
4223 0.897106
4224 0.898222
4225 0.901487
4226 0.904085
4227 0.902306
4228 0.901134
4229 0.903262
4230 0.907435
4231 0.908956
4232 0.90974
4233 0.914493
4234 0.917652
4235 0.919842
4236 0.924647
4237 0.929768
4238 0.935278
4239 0.938296
4240 0.93382
4241 0.936462
4242 0.931869
4243 0.927186
4244 0.92083
4245 0.919697
4246 0.913047
4247 0.912079
4248 0.897983
4249 0.8968
4250 0.894084
4251 0.891643
4252 0.889891
4253 0.887885
4254 0.860677
4255 0.854109
4256 0.847161
4257 0.847443
4258 0.847302
4259 0.847189
4260 0.813421
4261 0.815709
4262 0.816411
4263 0.817583
4264 0.821286
4265 0.82109
4266 0.819671
4267 0.820663
4268 0.819981
4269 0.822877
4270 0.832964
4271 0.838893
4272 0.846805
4273 0.854897
4274 0.85726
4275 0.862256
4276 0.86409
4277 0.864643
4278 0.87199
4279 0.875443
4280 0.873107
4281 0.866202
4282 0.871465
4283 0.870113
4284 0.867993
4285 0.868969
4286 0.868354
4287 0.865203
4288 0.872147
4289 0.870921
4290 0.874867
4291 0.879224
4292 0.849074
4293 0.847459
4294 0.837752
4295 0.838101
4296 0.843513
4297 0.839955
4298 0.841495
4299 0.839978
4300 0.840801
4301 0.842467
4302 0.842396
4303 0.839955
4304 0.838752
4305 0.833841
4306 0.837263
4307 0.839575
4308 0.841902
4309 0.842568
4310 0.839747
4311 0.84682
4312 0.847777
4313 0.849669
4314 0.853043
4315 0.855602
4316 0.858733
4317 0.843125
4318 0.830319
4319 0.815776
4320 0.812257
4321 0.817379
4322 0.803338
4323 0.792593
4324 0.791315
4325 0.793678
4326 0.787024
4327 0.7747
4328 0.773512
4329 0.769574
4330 0.76678
4331 0.771577
4332 0.763441
4333 0.768559
4334 0.767748
4335 0.770327
4336 0.760569
4337 0.763966
4338 0.765075
4339 0.760957
4340 0.760851
4341 0.762309
4342 0.759229
4343 0.76149
4344 0.752073
4345 0.758073
4346 0.758504
4347 0.755909
4348 0.754608
4349 0.756337
4350 0.757998
4351 0.760353
4352 0.761913
4353 0.770134
4354 0.771055
4355 0.769884
4356 0.765166
4357 0.758108
4358 0.758962
4359 0.752492
4360 0.750462
4361 0.750216
4362 0.744071
4363 0.736696
4364 0.73177
4365 0.728141
4366 0.723791
4367 0.722537
4368 0.719645
4369 0.715946
4370 0.71771
4371 0.718873
4372 0.714014
4373 0.712811
4374 0.714872
4375 0.710938
4376 0.708054
4377 0.709884
4378 0.699491
4379 0.694158
4380 0.691305
4381 0.694381
4382 0.694707
4383 0.694432
4384 0.693488
4385 0.69317
4386 0.70526
4387 0.708712
4388 0.71057
4389 0.710907
4390 0.707388
4391 0.70774
4392 0.704562
4393 0.688468
4394 0.678757
4395 0.675007
4396 0.669948
4397 0.665206
4398 0.656228
4399 0.650977
4400 0.648979
4401 0.645475
4402 0.637332
4403 0.63678
4404 0.630188
4405 0.621356
4406 0.618769
4407 0.61373
4408 0.602408
4409 0.60512
4410 0.601828
4411 0.597726
4412 0.598713
4413 0.606127
4414 0.60726
4415 0.60824
4416 0.619788
4417 0.624922
4418 0.625376
4419 0.629115
4420 0.641153
4421 0.644159
4422 0.642184
4423 0.647592
4424 0.650205
4425 0.653289
4426 0.654575
4427 0.653313
4428 0.648552
4429 0.639378
4430 0.628621
4431 0.623515
4432 0.624824
4433 0.621689
4434 0.615129
4435 0.612844
4436 0.608189
4437 0.601691
4438 0.603365
4439 0.599669
4440 0.608902
4441 0.597204
4442 0.596001
4443 0.601315
4444 0.597185
4445 0.601789
4446 0.607272
4447 0.608749
4448 0.61304
4449 0.619608
4450 0.624334
4451 0.626062
4452 0.626846
4453 0.634103
4454 0.632187
4455 0.624377
4456 0.621908
4457 0.626544
4458 0.629471
4459 0.627147
4460 0.628754
4461 0.618307
4462 0.615015
4463 0.621003
4464 0.622265
4465 0.629283
4466 0.633265
4467 0.634577
4468 0.637697
4469 0.629879
4470 0.640934
4471 0.641572
4472 0.649061
4473 0.650609
4474 0.655229
4475 0.648606
4476 0.643383
4477 0.648175
4478 0.632222
4479 0.631591
4480 0.636098
4481 0.633688
4482 0.614372
4483 0.609889
4484 0.61315
4485 0.610556
4486 0.597392
4487 0.597788
4488 0.599912
4489 0.59541
4490 0.595758
4491 0.598247
4492 0.598035
4493 0.593348
4494 0.582815
4495 0.592576
4496 0.5945
4497 0.599266
4498 0.605685
4499 0.607279
4500 0.607013
4501 0.6148
4502 0.616763
4503 0.633218
4504 0.642866
4505 0.643132
4506 0.664963
4507 0.669744
4508 0.674345
4509 0.698335
4510 0.709116
4511 0.708881
4512 0.733631
4513 0.735857
4514 0.740403
4515 0.758386
4516 0.77037
4517 0.774473
4518 0.77769
4519 0.77316
4520 0.777952
4521 0.778681
4522 0.783019
4523 0.780707
4524 0.806641
4525 0.8131
4526 0.814765
4527 0.815921
4528 0.84887
4529 0.853596
4530 0.867703
4531 0.875094
4532 0.876133
4533 0.87855
4534 0.878049
4535 0.878268
4536 0.868491
4537 0.869341
4538 0.867507
4539 0.866488
4540 0.866814
4541 0.866688
4542 0.861978
4543 0.859619
4544 0.851915
4545 0.847933
4546 0.849156
4547 0.847737
4548 0.84258
4549 0.840511
4550 0.836902
4551 0.823755
4552 0.827646
4553 0.832548
4554 0.829331
4555 0.82988
4556 0.828684
4557 0.761521
4558 0.756149
4559 0.750313
4560 0.74527
4561 0.740513
4562 0.735465
4563 0.731343
4564 0.689534
4565 0.691732
4566 0.689126
4567 0.67795
4568 0.679988
4569 0.673925
4570 0.648023
4571 0.650503
4572 0.650491
4573 0.655347
4574 0.661001
4575 0.663733
4576 0.657283
4577 0.652094
4578 0.645475
4579 0.639441
4580 0.637207
4581 0.626148
4582 0.613483
4583 0.609768
4584 0.602953
4585 0.599093
4586 0.60137
4587 0.59856
4588 0.595002
4589 0.597561
4590 0.595982
4591 0.611955
4592 0.616163
4593 0.615238
4594 0.620772
4595 0.624996
4596 0.627743
4597 0.629671
4598 0.625756
4599 0.627457
4600 0.62951
4601 0.626936
4602 0.627661
4603 0.628155
4604 0.632775
4605 0.630976
4606 0.625302
4607 0.62469
4608 0.617257
4609 0.614216
4610 0.612676
4611 0.613487
4612 0.605214
4613 0.60503
4614 0.601284
4615 0.595876
4616 0.593877
4617 0.588105
4618 0.578453
4619 0.570149
4620 0.560333
4621 0.550814
4622 0.548008
4623 0.502206
4624 0.494627
4625 0.488514
4626 0.486073
4627 0.484513
4628 0.478133
4629 0.472044
4630 0.468936
4631 0.46807
4632 0.466569
4633 0.46905
4634 0.470343
4635 0.478662
4636 0.482319
4637 0.479995
4638 0.505737
4639 0.511521
4640 0.514296
4641 0.518065
4642 0.519378
4643 0.517223
4644 0.519915
4645 0.53104
4646 0.532138
4647 0.53142
4648 0.536174
4649 0.535104
4650 0.547182
4651 0.548455
4652 0.54407
4653 0.555446
4654 0.561438
4655 0.559439
4656 0.565404
4657 0.561505
4658 0.556896
4659 0.545986
4660 0.5484
4661 0.547448
4662 0.545011
4663 0.538905
4664 0.531001
4665 0.53706
4666 0.532718
4667 0.536965
4668 0.533309
4669 0.513947
4670 0.51372
4671 0.513328
4672 0.505322
4673 0.501125
4674 0.495748
4675 0.463885
4676 0.455185
4677 0.438574
4678 0.429255
4679 0.405323
4680 0.394049
4681 0.388222
4682 0.387007
4683 0.384758
4684 0.364615
4685 0.358929
4686 0.357718
4687 0.360489
4688 0.359478
4689 0.35813
4690 0.359803
4691 0.361574
4692 0.367453
4693 0.363248
4694 0.359
4695 0.357734
4696 0.364956
4697 0.365042
4698 0.36969
4699 0.371297
4700 0.372096
4701 0.366669
4702 0.370121
4703 0.367672
4704 0.370105
4705 0.370086
4706 0.372096
4707 0.373378
4708 0.383837
4709 0.388865
4710 0.396686
4711 0.403783
4712 0.407776
4713 0.427742
4714 0.433487
4715 0.439369
4716 0.449158
4717 0.468713
4718 0.476147
4719 0.510079
4720 0.514311
4721 0.516659
4722 0.510961
4723 0.517121
4724 0.521847
4725 0.526828
4726 0.530112
4727 0.533368
4728 0.545943
4729 0.523763
4730 0.519939
4731 0.519641
4732 0.526001
4733 0.519488
4734 0.514597
4735 0.509495
4736 0.503249
4737 0.497837
4738 0.490203
4739 0.491375
4740 0.484983
4741 0.483612
4742 0.476437
4743 0.473835
4744 0.467737
4745 0.460605
4746 0.455518
4747 0.448249
4748 0.442587
4749 0.432167
4750 0.424709
4751 0.424419
4752 0.411534
4753 0.400464
4754 0.400777
4755 0.393657
4756 0.383821
4757 0.379593
4758 0.363005
4759 0.349426
4760 0.343607
4761 0.330201
4762 0.321572
4763 0.31792
4764 0.308981
4765 0.296182
4766 0.291938
4767 0.28037
4768 0.26986
4769 0.253938
4770 0.247045
4771 0.239945
4772 0.236774
4773 0.230226
4774 0.218967
4775 0.214692
4776 0.200879
4777 0.188797
4778 0.183871
4779 0.17402
4780 0.162726
4781 0.158368
4782 0.148822
4783 0.143014
4784 0.139542
4785 0.132132
4786 0.123577
4787 0.119047
4788 0.109717
4789 0.101711
4790 0.0974983
4791 0.0893238
4792 0.0817293
4793 0.0766035
4794 0.0676375
4795 0.0619906
4796 0.0593376
4797 0.054545
4798 0.0503362
4799 0.0484317
4800 0.0449715
4801 0.0417895
4802 0.040026
4803 0.0399476
4804 0.0399555
4805 0.0399672
4806 0.0399672
4807 0.0399986
4808 0.0400025
4809 0.040026
4810 0.0400652
4811 0.0401397
4812 0.0402024
4813 0.0402024
4814 0.040218
4815 0.0402376
4816 0.0403865
4817 0.0403787
4818 0.0404492
4819 0.0407118
4820 0.0407079
4821 0.0407118
4822 0.0406961
4823 0.0407196
4824 0.0407627
4825 0.0407745
4826 0.0407588
4827 0.0407392
4828 0.0407588
4829 0.0407549
4830 0.0407588
4831 0.040798
4832 0.0408176
4833 0.0423185
4834 0.0424204
4835 0.0422519
4836 0.0420403
4837 0.04215
4838 0.0424243
4839 0.0426829
4840 0.0427495
4841 0.0426398
4842 0.0426281
4843 0.0428044
4844 0.0431218
4845 0.043212
4846 0.0431845
4847 0.0432707
4848 0.0433217
4849 0.0433021
4850 0.0432355
4851 0.043353
4852 0.0434118
4853 0.0434353
4854 0.0438272
4855 0.0439017
4856 0.0439173
4857 0.0440819
4858 0.0438781
4859 0.0433334
4860 0.0435059
4861 0.0434392
4862 0.0435725
4863 0.043353
4864 0.0433961
4865 0.0428162
4866 0.0428044
4867 0.0426241
4868 0.042342
4869 0.0426477
4870 0.0423224
4871 0.042295
4872 0.0418874
4873 0.0418208
4874 0.0416249
4875 0.0419109
4876 0.0419384
4877 0.0420834
4878 0.0422284
4879 0.0420951
4880 0.0420246
4881 0.0420089
4882 0.0419776
4883 0.0417346
4884 0.0417346
4885 0.0415935
4886 0.041762
4887 0.0417346
4888 0.0415426
4889 0.0416131
4890 0.041668
4891 0.0416484
4892 0.0416601
4893 0.04186
4894 0.0418051
4895 0.0416641
4896 0.0412173
4897 0.0409508
4898 0.0410018
4899 0.0414681
4900 0.0416797
4901 0.0416954
4902 0.0419384
4903 0.0421069
4904 0.0429612
4905 0.0434784
4906 0.0437763
4907 0.0432551
4908 0.0438037
4909 0.0436979
4910 0.0433099
4911 0.0424243
4912 0.0421461
4913 0.0415034
4914 0.041041
4915 0.0408137
4916 0.042436
4917 0.0499679
4918 0.0538513
4919 0.0616261
4920 0.0667753
4921 0.0693656
4922 0.0745149
4923 0.0769445
4924 0.0785237
4925 0.0801108
4926 0.0857695
4927 0.0916319
4928 0.103674
4929 0.112821
4930 0.118957
4931 0.127696
4932 0.134718
4933 0.136842
4934 0.139539
4935 0.143257
4936 0.144425
4937 0.147051
4938 0.149179
4939 0.148987
4940 0.153215
4941 0.15434
4942 0.157071
4943 0.159583
4944 0.162138
4945 0.16213
4946 0.164885
4947 0.169133
4948 0.172111
4949 0.171288
4950 0.169007
4951 0.169141
4952 0.164493
4953 0.159567
4954 0.156989
4955 0.154202
4956 0.148987
4957 0.149543
4958 0.14564
4959 0.145546
4960 0.144135
4961 0.142113
4962 0.138602
4963 0.138661
4964 0.133892
4965 0.125819
4966 0.122802
4967 0.121058
4968 0.121019
4969 0.12145
4970 0.12277
4971 0.123456
4972 0.125169
4973 0.127931
4974 0.132555
4975 0.135628
4976 0.141083
4977 0.144151
4978 0.145993
4979 0.147325
4980 0.145742
4981 0.14526
4982 0.142964
4983 0.141682
4984 0.141921
4985 0.142685
4986 0.144382
4987 0.146259
4988 0.146526
4989 0.147607
4990 0.148465
4991 0.151267
4992 0.152368
4993 0.153321
4994 0.153544
4995 0.157992
4996 0.156965
4997 0.160449
4998 0.161879
4999 0.163897
5000 0.163325
5001 0.162095
5002 0.162369
5003 0.160163
5004 0.155664
5005 0.154195
5006 0.151863
5007 0.153909
5008 0.148309
5009 0.14747
5010 0.145393
5011 0.14399
5012 0.138371
5013 0.133433
5014 0.129753
5015 0.120807
5016 0.112852
5017 0.10956
5018 0.10079
5019 0.0942967
5020 0.090613
5021 0.0852992
5022 0.0809612
5023 0.0810474
5024 0.07803
5025 0.0742562
5026 0.0719794
5027 0.0688562
5028 0.0656272
5029 0.063852
5030 0.0614302
5031 0.0592749
5032 0.0577897
5033 0.0568688
5034 0.0579895
5035 0.0583775
5036 0.0589104
5037 0.059463
5038 0.0598157
5039 0.0608816
5040 0.0606229
5041 0.0604113
5042 0.0611128
5043 0.0614576
5044 0.0612813
5045 0.0634013
5046 0.065008
5047 0.0652079
5048 0.071423
5049 0.0803303
5050 0.0837435
5051 0.0905033
5052 0.09423
5053 0.0998143
5054 0.109654
5055 0.118232
5056 0.123613
5057 0.13245
5058 0.143273
5059 0.148575
5060 0.159183
5061 0.173008
5062 0.17813
5063 0.192046
5064 0.204648
5065 0.209394
5066 0.223282
5067 0.236331
5068 0.23873
5069 0.248103
5070 0.25857
5071 0.264852
5072 0.279269
5073 0.290046
5074 0.299694
5075 0.312277
5076 0.324041
5077 0.333704
5078 0.34229
5079 0.345198
5080 0.345848
5081 0.349963
5082 0.352385
5083 0.342674
5084 0.34713
5085 0.341557
5086 0.342443
5087 0.335997
5088 0.329096
5089 0.325816
5090 0.323872
5091 0.304678
5092 0.300826
5093 0.296954
5094 0.29436
5095 0.292652
5096 0.290943
5097 0.291978
5098 0.280331
5099 0.277588
5100 0.265205
5101 0.259538
5102 0.244698
5103 0.228028
5104 0.227687
5105 0.215119
5106 0.205644
5107 0.195016
5108 0.177303
5109 0.168102
5110 0.16597
5111 0.156797
5112 0.148693
5113 0.150558
5114 0.144268
5115 0.138093
5116 0.133915
5117 0.123679
5118 0.114145
5119 0.110469
5120 0.101879
5121 0.0948414
5122 0.0911146
5123 0.0846291
5124 0.0738604
5125 0.0703492
5126 0.0623472
5127 0.0563672
5128 0.053483
5129 0.0474951
5130 0.0418561
5131 0.0416719
5132 0.0414642
5133 0.0415347
5134 0.0416562
5135 0.0418874
5136 0.0419854
5137 0.0419893
5138 0.0419893
5139 0.0420128
5140 0.0419697
5141 0.0419697
5142 0.042005
5143 0.042005
5144 0.042005
5145 0.042005
5146 0.0420011
5147 0.0420089
5148 0.0419932
5149 0.0419736
5150 0.0420089
5151 0.0419893
5152 0.0421069
5153 0.0420873
5154 0.0421225
5155 0.042103
5156 0.0420912
5157 0.0420755
5158 0.041958
5159 0.0419344
5160 0.0419384
5161 0.0419384
5162 0.041954
5163 0.041954
5164 0.041954
5165 0.0419932
5166 0.0419658
5167 0.0419697
5168 0.0419971
5169 0.0420089
5170 0.0420167
5171 0.0420167
5172 0.0419854
5173 0.0420363
5174 0.0420363
5175 0.0420638
5176 0.0420481
5177 0.0420834
5178 0.0420794
5179 0.0420794
5180 0.0420716
5181 0.0420716
5182 0.0420951
5183 0.0420363
5184 0.0420363
5185 0.0420363
5186 0.0420363
5187 0.0420559
5188 0.0420598
5189 0.0420246
5190 0.042052
5191 0.0420559
5192 0.0420442
5193 0.0420442
5194 0.0419736
5195 0.0420011
5196 0.0419658
5197 0.042005
5198 0.0420324
5199 0.042052
5200 0.0420363
5201 0.0420363
5202 0.0420403
5203 0.0420442
5204 0.0420559
5205 0.0420363
5206 0.0420638
5207 0.0421265
5208 0.042103
5209 0.0420403
5210 0.0420559
5211 0.0420716
5212 0.0420794
5213 0.0420834
5214 0.0421147
5215 0.0421147
5216 0.0421147
5217 0.0421147
5218 0.0421147
5219 0.0419736
5220 0.0419736
5221 0.0419736
5222 0.0419932
5223 0.0420011
5224 0.042005
5225 0.042005
5226 0.0420167
5227 0.0420598
5228 0.0420324
5229 0.0420442
5230 0.0420481
5231 0.0420598
5232 0.0420481
5233 0.042103
5234 0.0420834
5235 0.0420951
5236 0.042099
5237 0.0421539
5238 0.0421539
5239 0.0421813
5240 0.0421813
5241 0.0421813
5242 0.0421539
5243 0.0421539
5244 0.0421108
5245 0.0421265
5246 0.04215
5247 0.0421265
5248 0.0421108
5249 0.0421108
5250 0.0420716
5251 0.0420755
5252 0.0420755
5253 0.0420442
5254 0.0420677
5255 0.0420834
5256 0.0421108
5257 0.0426947
5258 0.0457709
5259 0.0535653
5260 0.0614537
5261 0.0654743
5262 0.0736292
5263 0.0797385
5264 0.0827246
5265 0.0882344
5266 0.0919924
5267 0.0937911
5268 0.0964833
5269 0.0981174
5270 0.0989404
5271 0.100488
5272 0.102303
5273 0.102867
5274 0.105022
5275 0.105865
5276 0.106633
5277 0.108263
5278 0.108776
5279 0.109196
5280 0.110242
5281 0.11101
5282 0.111198
5283 0.111853
5284 0.112158
5285 0.112111
5286 0.112554
5287 0.113479
5288 0.114259
5289 0.118064
5290 0.126305
5291 0.129252
5292 0.136756
5293 0.144946
5294 0.14794
5295 0.157902
5296 0.164454
5297 0.169105
5298 0.1773
5299 0.182441
5300 0.184471
5301 0.188456
5302 0.195055
5303 0.196368
5304 0.19986
5305 0.20341
5306 0.205076
5307 0.208994
5308 0.210389
5309 0.209202
5310 0.213317
5311 0.214653
5312 0.215127
5313 0.216299
5314 0.217439
5315 0.217122
5316 0.215805
5317 0.217063
5318 0.216075
5319 0.216965
5320 0.216346
5321 0.217827
5322 0.215017
5323 0.213426
5324 0.21323
5325 0.21327
5326 0.208599
5327 0.207885
5328 0.205981
5329 0.209856
5330 0.211906
5331 0.216804
5332 0.219305
5333 0.220993
5334 0.22019
5335 0.227722
5336 0.229646
5337 0.236743
5338 0.241763
5339 0.242002
5340 0.242754
5341 0.245846
5342 0.24614
5343 0.24866
5344 0.250353
5345 0.251756
5346 0.252778
5347 0.252978
5348 0.254162
5349 0.255443
5350 0.256505
5351 0.257779
5352 0.262356
5353 0.266984
5354 0.26872
5355 0.277545
5356 0.285445
5357 0.287377
5358 0.295003
5359 0.301437
5360 0.306426
5361 0.314565
5362 0.316681
5363 0.3175
5364 0.32053
5365 0.322893
5366 0.324037
5367 0.324809
5368 0.327372
5369 0.325016
5370 0.326423
5371 0.327434
5372 0.327368
5373 0.328151
5374 0.329002
5375 0.330389
5376 0.331941
5377 0.335017
5378 0.334649
5379 0.336961
5380 0.338015
5381 0.339567
5382 0.340601
5383 0.341448
5384 0.342416
5385 0.345206
5386 0.346836
5387 0.348243
5388 0.351856
5389 0.356923
5390 0.358769
5391 0.363263
5392 0.366606
5393 0.367311
5394 0.369012
5395 0.371677
5396 0.373852
5397 0.373883
5398 0.374894
5399 0.375031
5400 0.377316
5401 0.376763
5402 0.377582
5403 0.376313
5404 0.376097
5405 0.376254
5406 0.378127
5407 0.377896
5408 0.379785
5409 0.380678
5410 0.382015
5411 0.381474
5412 0.383131
5413 0.383402
5414 0.383935
5415 0.383798
5416 0.386164
5417 0.387501
5418 0.391216
5419 0.398846
5420 0.401655
5421 0.407032
5422 0.41264
5423 0.414172
5424 0.417463
5425 0.422315
5426 0.42215
5427 0.425712
5428 0.4271
5429 0.425689
5430 0.429917
5431 0.432829
5432 0.436297
5433 0.440043
5434 0.43971
5435 0.43935
5436 0.444154
5437 0.451384
5438 0.45368
5439 0.456553
5440 0.463865
5441 0.465307
5442 0.47336
5443 0.478427
5444 0.478631
5445 0.485124
5446 0.490497
5447 0.490901
5448 0.496665
5449 0.499596
5450 0.499957
5451 0.503523
5452 0.503492
5453 0.502473
5454 0.504863
5455 0.502481
5456 0.50259
5457 0.503057
5458 0.50433
5459 0.502351
5460 0.503237
5461 0.506051
5462 0.507156
5463 0.505882
5464 0.506356
5465 0.50629
5466 0.506913
5467 0.507242
5468 0.507316
5469 0.508684
5470 0.507595
5471 0.509566
5472 0.506705
5473 0.506403
5474 0.504632
5475 0.505525
5476 0.505827
5477 0.50812
5478 0.505968
5479 0.508539
5480 0.509483
5481 0.513406
5482 0.517333
5483 0.52073
5484 0.529571
5485 0.532181
5486 0.535382
5487 0.539673
5488 0.544678
5489 0.549129
5490 0.551739
5491 0.556293
5492 0.555207
5493 0.558644
5494 0.567375
5495 0.5675
5496 0.568362
5497 0.571976
5498 0.575608
5499 0.577066
5500 0.580174
5501 0.583755
5502 0.589159
5503 0.591036
5504 0.592181
5505 0.595931
5506 0.595731
5507 0.601154
5508 0.601695
5509 0.60396
5510 0.613808
5511 0.619902
5512 0.617413
5513 0.607989
5514 0.606625
5515 0.605348
5516 0.605935
5517 0.616038
5518 0.616116
5519 0.629193
5520 0.629248
5521 0.634609
5522 0.636795
5523 0.640162
5524 0.640068
5525 0.640624
5526 0.642826
5527 0.651934
5528 0.653873
5529 0.659073
5530 0.663466
5531 0.654559
5532 0.659387
5533 0.661726
5534 0.664709
5535 0.665853
5536 0.67023
5537 0.673263
5538 0.680783
5539 0.684682
5540 0.686791
5541 0.689338
5542 0.692387
5543 0.694115
5544 0.710762
5545 0.71211
5546 0.714038
5547 0.716068
5548 0.718442
5549 0.720382
5550 0.721597
5551 0.725253
5552 0.724959
5553 0.727753
5554 0.730645
5555 0.730626
5556 0.735313
5557 0.735344
5558 0.736006
5559 0.738479
5560 0.740356
5561 0.740078
5562 0.741712
5563 0.744733
5564 0.746171
5565 0.748534
5566 0.75147
5567 0.750458
5568 0.751826
5569 0.751007
5570 0.753174
5571 0.753887
5572 0.754898
5573 0.754726
5574 0.755165
5575 0.75442
5576 0.752516
5577 0.754828
5578 0.744878
5579 0.746164
5580 0.744698
5581 0.745552
5582 0.741896
5583 0.741371
5584 0.741633
5585 0.741112
5586 0.747672
5587 0.746246
5588 0.744604
5589 0.744192
5590 0.74496
5591 0.745478
5592 0.745305
5593 0.744565
5594 0.753833
5595 0.754315
5596 0.753296
5597 0.752579
5598 0.751905
5599 0.751007
5600 0.75089
5601 0.751129
5602 0.750443
5603 0.750388
5604 0.749122
5605 0.753394
5606 0.753825
5607 0.75616
5608 0.757916
5609 0.759088
5610 0.757935
5611 0.758625
5612 0.757767
5613 0.756666
5614 0.756811
5615 0.757293
5616 0.756971
5617 0.756556
5618 0.756815
5619 0.755388
5620 0.756603
5621 0.755921
5622 0.756407
5623 0.753813
5624 0.750494
5625 0.752351
5626 0.753006
5627 0.754271
5628 0.753966
5629 0.752069
5630 0.752484
5631 0.752586
5632 0.752947
5633 0.753092
5634 0.754753
5635 0.755569
5636 0.756211
5637 0.755102
5638 0.755569
5639 0.755518
5640 0.754072
5641 0.752437
5642 0.753206
5643 0.753206
5644 0.794227
5645 0.793859
5646 0.795512
5647 0.798792
5648 0.798585
5649 0.804886
5650 0.804941
5651 0.802143
5652 0.813186
5653 0.81386
5654 0.819138
5655 0.83035
5656 0.827438
5657 0.83383
5658 0.829982
5659 0.829789
5660 0.834355
5661 0.840797
5662 0.839347
5663 0.83778
5664 0.835299
5665 0.835965
5666 0.83901
5667 0.838254
5668 0.842682
5669 0.835918
5670 0.833524
5671 0.835899
5672 0.8337
5673 0.834856
5674 0.832446
5675 0.831447
5676 0.83506
5677 0.834915
5678 0.832376
5679 0.836608
5680 0.836561
5681 0.841534
5682 0.840699
5683 0.839559
5684 0.837678
5685 0.836385
5686 0.836287
5687 0.837584
5688 0.840198
5689 0.839132
5690 0.840766
5691 0.840605
5692 0.839386
5693 0.836667
5694 0.855363
5695 0.855438
5696 0.853372
5697 0.851182
5698 0.851515
5699 0.85068
5700 0.856778
5701 0.855081
5702 0.855183
5703 0.854427
5704 0.853623
5705 0.853894
5706 0.854152
5707 0.853851
5708 0.854023
5709 0.851926
5710 0.850343
5711 0.848415
5712 0.847126
5713 0.845923
5714 0.846311
5715 0.845202
5716 0.844826
5717 0.844645
5718 0.844834
5719 0.839751
5720 0.839324
5721 0.839136
5722 0.839492
5723 0.839563
5724 0.839367
5725 0.839579
5726 0.840123
5727 0.840456
5728 0.840307
5729 0.840347
5730 0.840194
5731 0.84026
5732 0.840256
5733 0.840374
5734 0.841013
5735 0.840981
5736 0.841342
8 , runtime: 420
