11 0.132473
10 0.124737
11 0.128476
11 0.128476
10 0.124737
10 0.124737
11 0.128476
10 0.129793
10 0.124737
11 0.128476
11 0.138923
10 0.136282
12 0.142446
13 0.144359
14 0.145201
15 0.145142
16 0.146263
17 0.146694
19 0.147329
18 0.149241
21 0.152513
20 0.150954
22 0.153407
23 0.154626
25 0.155068
24 0.154857
27 0.159003
26 0.154963
28 0.161585
29 0.162824
31 0.168153
30 0.165108
33 0.169921
32 0.168725
34 0.170524
35 0.171229
37 0.175011
36 0.172436
39 0.174756
38 0.174909
41 0.177221
40 0.176747
42 0.177872
43 0.178824
45 0.177127
44 0.176269
47 0.17911
46 0.179337
49 0.179663
48 0.178746
51 0.179686
50 0.180869
53 0.181759
52 0.180576
54 0.18469
55 0.185219
57 0.18719
56 0.185592
58 0.189216
59 0.189604
60 0.189079
61 0.189432
63 0.189738
62 0.189346
65 0.188437
64 0.188727
67 0.184177
66 0.186038
69 0.180521
68 0.184161
71 0.184079
70 0.182754
72 0.185772
73 0.187986
74 0.18873
75 0.190208
76 0.191082
77 0.191952
79 0.194142
78 0.191411
80 0.195647
81 0.202595
82 0.203508
83 0.205346
84 0.207772
85 0.212803
87 0.21923
86 0.214861
89 0.228459
88 0.223329
90 0.234035
91 0.235912
92 0.235552
93 0.24034
95 0.235775
94 0.234399
97 0.242041
96 0.23784
99 0.246105
98 0.242311
101 0.246371
100 0.246665
102 0.247065
103 0.24643
105 0.244357
104 0.246485
107 0.242582
106 0.244
108 0.242288
109 0.244674
110 0.246736
111 0.249643
113 0.254315
112 0.252829
115 0.260432
114 0.257195
117 0.260957
116 0.261012
118 0.262093
119 0.261968
120 0.264644
121 0.266247
122 0.267677
123 0.268982
125 0.271541
124 0.267869
127 0.273458
126 0.268696
129 0.275781
128 0.271302
130 0.27816
131 0.27941
133 0.283364
132 0.281166
134 0.284791
135 0.286452
136 0.287095
137 0.289328
139 0.293106
138 0.291546
141 0.294199
140 0.294654
143 0.296723
142 0.294913
145 0.287988
144 0.288905
147 0.288651
146 0.288623
149 0.287624
148 0.287781
151 0.282079
150 0.287342
153 0.286009
152 0.283043
155 0.280629
154 0.284093
156 0.279054
157 0.278039
159 0.274888
158 0.277392
160 0.275037
161 0.274284
162 0.273371
163 0.272529
164 0.272611
165 0.275472
166 0.271584
167 0.275268
168 0.276875
169 0.268547
171 0.267999
170 0.268281
172 0.267199
173 0.266576
175 0.267235
174 0.267301
177 0.268183
176 0.26941
179 0.26765
178 0.267482
180 0.272329
181 0.272019
183 0.27133
182 0.271773
185 0.270883
184 0.270828
187 0.268332
186 0.269986
189 0.269617
188 0.269852
191 0.271193
190 0.270989
192 0.271001
193 0.270785
195 0.268743
194 0.267195
197 0.269911
196 0.269382
199 0.271412
198 0.2695
201 0.27162
200 0.272129
203 0.270483
202 0.270569
204 0.270295
205 0.268473
207 0.268297
206 0.268136
208 0.268269
209 0.268163
211 0.268716
210 0.268822
213 0.267764
212 0.268728
214 0.267928
215 0.267956
217 0.267235
216 0.267258
219 0.267344
218 0.267607
221 0.268324
220 0.268007
223 0.268951
222 0.268579
225 0.269108
224 0.269006
226 0.269135
227 0.269139
228 0.269018
229 0.269813
231 0.270601
230 0.270201
232 0.271424
233 0.271561
235 0.271428
234 0.271761
237 0.270374
236 0.271169
238 0.269786
239 0.268704
241 0.272129
240 0.269108
242 0.271761
243 0.271855
244 0.265894
245 0.267544
247 0.268348
246 0.269025
248 0.267474
249 0.267168
251 0.268638
250 0.268571
252 0.267999
253 0.267513
255 0.268575
254 0.267548
257 0.269014
256 0.268947
258 0.269253
259 0.269406
260 0.269398
261 0.268367
263 0.269515
262 0.268873
265 0.269911
264 0.270303
266 0.270193
267 0.26997
269 0.266028
268 0.270699
270 0.266557
271 0.264926
272 0.265518
273 0.266862
275 0.265859
274 0.266235
277 0.264801
276 0.264648
279 0.266494
278 0.264981
281 0.268775
280 0.267905
282 0.271408
283 0.273269
284 0.274947
285 0.277408
287 0.277541
286 0.277941
288 0.278865
289 0.279065
290 0.278999
291 0.278532
293 0.276804
292 0.277396
294 0.272497
295 0.271526
297 0.270272
296 0.27187
298 0.268351
299 0.268042
300 0.266533
301 0.263982
302 0.262979
303 0.261866
304 0.262646
305 0.26263
306 0.261599
307 0.262262
308 0.262062
309 0.262658
310 0.265068
311 0.265001
313 0.266482
312 0.265593
315 0.26727
314 0.267466
317 0.267364
316 0.26725
319 0.264217
318 0.267525
321 0.264382
320 0.264084
323 0.265154
322 0.264703
325 0.265753
324 0.265483
326 0.265695
327 0.265232
328 0.265452
329 0.265483
331 0.267348
330 0.267329
332 0.267352
333 0.26776
334 0.267666
335 0.267638
336 0.267724
337 0.267544
339 0.268269
338 0.267846
340 0.268634
341 0.268081
343 0.2691
342 0.2687
344 0.266533
345 0.268007
346 0.269605
347 0.270734
349 0.274194
348 0.271925
350 0.273885
351 0.274136
352 0.2749
353 0.274602
355 0.274657
354 0.274245
356 0.274755
357 0.274269
358 0.274688
359 0.27488
360 0.275002
361 0.274845
363 0.274892
362 0.274755
365 0.274684
364 0.274813
366 0.274684
367 0.27421
368 0.274006
369 0.271157
370 0.272192
371 0.272356
373 0.2716
372 0.272407
375 0.271827
374 0.272384
377 0.271204
376 0.271533
378 0.270899
379 0.270832
381 0.271126
380 0.27122
382 0.270722
383 0.271428
384 0.272791
385 0.2741
387 0.276385
386 0.274904
389 0.278846
388 0.276871
390 0.280605
391 0.284175
393 0.287636
392 0.285465
394 0.285135
395 0.285876
396 0.287299
397 0.2882
399 0.288929
398 0.288388
401 0.2907
400 0.290336
403 0.292236
402 0.291601
404 0.291735
405 0.29275
407 0.296461
406 0.294627
408 0.303119
409 0.310693
411 0.317865
410 0.313115
413 0.325005
412 0.319366
414 0.32464
415 0.327693
416 0.330393
417 0.340303
418 0.34483
419 0.33765
420 0.344857
421 0.348043
423 0.358428
422 0.351299
424 0.365658
425 0.37444
427 0.385204
426 0.378715
428 0.390695
429 0.396729
431 0.405801
430 0.402948
432 0.411683
433 0.414101
435 0.418067
434 0.41588
436 0.421026
437 0.421856
438 0.422738
439 0.4246
441 0.427617
440 0.425411
442 0.416668
443 0.418063
444 0.41559
445 0.432715
446 0.432829
447 0.435043
448 0.418185
449 0.419145
451 0.44377
450 0.421241
453 0.44705
452 0.446874
455 0.425607
454 0.425352
457 0.430074
456 0.428017
459 0.433703
458 0.431489
461 0.435623
460 0.435752
463 0.439585
462 0.43884
464 0.439792
465 0.441838
467 0.443554
466 0.443241
468 0.44417
469 0.445486
471 0.446693
470 0.446059
472 0.447426
473 0.447861
474 0.449993
475 0.449519
476 0.450016
477 0.450941
479 0.453496
478 0.452289
481 0.455918
480 0.454934
483 0.455961
482 0.455083
484 0.456631
485 0.45689
486 0.45747
487 0.457325
489 0.457556
488 0.457885
490 0.457834
491 0.458665
492 0.459355
493 0.459418
494 0.456698
495 0.457239
497 0.4572
496 0.457423
498 0.457489
499 0.45776
500 0.458579
501 0.46082
503 0.467698
502 0.465025
505 0.477883
504 0.472596
506 0.480802
507 0.486014
508 0.490619
509 0.492723
511 0.507113
510 0.503202
512 0.508982
513 0.504228
514 0.507046
515 0.508535
517 0.515024
516 0.512187
518 0.517062
519 0.542753
520 0.545414
521 0.548275
523 0.5538
522 0.55121
524 0.555007
525 0.557312
527 0.559447
526 0.55857
529 0.587176
528 0.560192
531 0.584758
530 0.586585
532 0.583105
533 0.582572
535 0.578963
534 0.580205
537 0.577015
536 0.578293
539 0.576071
538 0.576741
541 0.574284
540 0.574593
543 0.57319
542 0.574252
545 0.568268
544 0.567649
546 0.567759
547 0.567916
549 0.566689
548 0.567594
551 0.564867
550 0.565329
552 0.564495
553 0.572414
555 0.572559
554 0.572077
557 0.572121
556 0.572285
558 0.571901
559 0.571831
561 0.563002
560 0.569005
563 0.561638
562 0.562304
565 0.560211
564 0.56123
567 0.559357
566 0.564792
569 0.553264
568 0.559255
570 0.553389
571 0.553424
572 0.553847
573 0.555576
575 0.558989
574 0.55741
576 0.560466
577 0.562163
579 0.565459
578 0.563288
580 0.567747
581 0.569154
583 0.572391
582 0.56995
584 0.57386
585 0.576008
587 0.590633
586 0.578583
589 0.584508
588 0.591742
591 0.587259
590 0.584739
592 0.587435
593 0.58787
594 0.591244
595 0.594453
597 0.601441
596 0.597306
599 0.606214
598 0.603271
601 0.614811
600 0.609936
603 0.621465
602 0.617844
604 0.632101
605 0.634879
607 0.646694
606 0.641231
608 0.648908
609 0.652149
610 0.654876
611 0.656424
613 0.668874
612 0.658913
615 0.673655
614 0.670426
617 0.691673
616 0.69163
618 0.692253
619 0.696819
620 0.697681
621 0.698363
623 0.698269
622 0.698563
624 0.698351
625 0.698288
627 0.69761
626 0.698233
629 0.697748
628 0.697669
631 0.699205
630 0.698069
633 0.699417
632 0.699072
634 0.703108
635 0.703214
636 0.703018
637 0.696055
639 0.702536
638 0.696196
640 0.695816
641 0.696172
642 0.69571
643 0.694961
645 0.692822
644 0.692743
647 0.692794
646 0.692383
649 0.694852
648 0.693441
651 0.696274
650 0.695392
653 0.697156
652 0.696995
655 0.698966
654 0.697477
656 0.699374
657 0.699934
659 0.693813
658 0.693731
661 0.694793
660 0.694228
663 0.696015
662 0.695047
665 0.714751
664 0.696936
667 0.714669
666 0.715492
669 0.719837
668 0.714504
671 0.720073
670 0.719022
672 0.699993
673 0.700185
675 0.69357
674 0.692806
677 0.694683
676 0.694577
679 0.695667
678 0.695008
681 0.713752
680 0.696059
683 0.714872
682 0.714406
685 0.715829
684 0.71546
687 0.715723
686 0.71555
688 0.715801
689 0.715927
691 0.715817
690 0.716166
692 0.716365
693 0.716612
695 0.717761
694 0.717032
697 0.717996
696 0.717541
699 0.719277
698 0.718536
700 0.719171
701 0.719167
702 0.719849
703 0.720088
705 0.720543
704 0.7203
706 0.720625
707 0.719739
709 0.72048
708 0.720069
710 0.720892
711 0.720978
713 0.720676
712 0.720962
715 0.722048
714 0.721632
716 0.722965
717 0.723227
718 0.723313
719 0.734831
721 0.734431
720 0.734372
723 0.734623
722 0.734443
725 0.735156
724 0.735375
727 0.737727
726 0.736555
728 0.738393
729 0.737903
731 0.739267
730 0.738839
732 0.739858
733 0.740795
735 0.745474
734 0.742264
736 0.749518
737 0.74824
738 0.74913
739 0.749044
740 0.750443
741 0.750388
742 0.750184
743 0.749945
744 0.750662
745 0.753492
747 0.757935
746 0.755561
749 0.756391
748 0.756583
751 0.757308
750 0.757011
752 0.758927
753 0.759589
755 0.760906
754 0.760541
756 0.760216
757 0.757806
758 0.75743
759 0.758782
760 0.761556
761 0.763363
763 0.762846
762 0.761948
765 0.760036
764 0.761956
767 0.763426
766 0.762089
769 0.778462
768 0.768857
771 0.777541
770 0.778744
773 0.776005
772 0.775683
775 0.77702
774 0.777686
776 0.777243
777 0.776855
779 0.773783
778 0.774281
780 0.773618
781 0.776181
782 0.776393
783 0.77718
784 0.776812
785 0.775507
787 0.774371
786 0.774194
789 0.775245
788 0.774014
791 0.776828
790 0.776495
793 0.774888
792 0.776307
795 0.766902
794 0.767536
797 0.768947
796 0.768877
799 0.770346
798 0.77004
801 0.767732
800 0.768395
802 0.766514
803 0.766137
804 0.76696
805 0.766839
806 0.766905
807 0.767144
808 0.767458
809 0.767744
811 0.770424
810 0.768508
812 0.77751
813 0.783345
815 0.791566
814 0.786288
817 0.795348
816 0.792714
819 0.803307
818 0.796519
821 0.80304
820 0.802778
823 0.811947
822 0.804576
825 0.813973
824 0.811814
826 0.820522
827 0.822277
828 0.823367
829 0.826263
831 0.824201
830 0.823371
832 0.827395
833 0.828626
834 0.829319
835 0.829131
836 0.829931
837 0.828422
839 0.82879
838 0.828637
841 0.828833
840 0.829213
843 0.828822
842 0.828516
845 0.835613
844 0.83615
847 0.834931
846 0.835632
849 0.834402
848 0.834958
850 0.833794
851 0.834425
852 0.834617
853 0.834555
855 0.833634
854 0.834441
857 0.833544
856 0.833783
858 0.832196
859 0.833316
860 0.832513
861 0.833042
862 0.832086
863 0.832133
864 0.832576
865 0.832215
867 0.833066
866 0.832642
868 0.833336
869 0.834367
871 0.834809
870 0.835182
873 0.834308
872 0.834739
875 0.83294
874 0.834817
876 0.82984
877 0.829355
879 0.85146
878 0.82743
881 0.851394
880 0.851053
883 0.8509
882 0.850394
885 0.849387
884 0.849646
887 0.849846
886 0.849164
889 0.848419
888 0.849317
890 0.84956
891 0.847483
892 0.846863
893 0.843407
895 0.839845
894 0.841365
897 0.839543
896 0.839386
899 0.838693
898 0.839473
901 0.838854
900 0.838744
903 0.83881
902 0.839367
905 0.834841
904 0.841162
907 0.840821
906 0.840876
909 0.840672
908 0.840699
911 0.837694
910 0.840554
913 0.835871
912 0.835393
915 0.84068
914 0.835511
916 0.84115
917 0.835507
918 0.831839
919 0.834845
921 0.840366
920 0.835346
923 0.839688
922 0.834825
925 0.839767
924 0.8349
927 0.840492
926 0.840053
929 0.840178
928 0.841832
931 0.8399
930 0.840488
933 0.841652
932 0.840162
935 0.843344
934 0.842376
936 0.841957
937 0.842365
938 0.845155
939 0.845703
940 0.844692
941 0.845868
943 0.84722
942 0.845214
945 0.846875
944 0.847271
946 0.846252
947 0.846048
949 0.846683
948 0.845472
951 0.839281
950 0.83999
952 0.839563
953 0.839339
955 0.853537
954 0.84985
957 0.847667
956 0.849183
959 0.850531
958 0.851495
960 0.848791
961 0.84666
963 0.842572
962 0.842322
965 0.842235
964 0.841279
966 0.841322
967 0.841467
969 0.840319
968 0.84115
970 0.839908
971 0.837165
972 0.837082
973 0.837368
975 0.83631
974 0.836694
977 0.836189
976 0.837502
979 0.832776
978 0.835303
981 0.829982
980 0.833034
983 0.830322
982 0.829805
984 0.829938
985 0.829429
987 0.829178
986 0.829825
988 0.829405
989 0.829523
991 0.830534
990 0.830424
992 0.830765
993 0.830949
995 0.830965
994 0.83149
996 0.830393
997 0.830428
999 0.830322
998 0.832866
1000 0.830683
1001 0.830503
1003 0.830742
1002 0.830671
1004 0.835095
1005 0.834962
1006 0.83526
1007 0.83515
1008 0.833826
1009 0.831859
1011 0.826482
1010 0.827454
1013 0.829413
1012 0.827082
1015 0.827285
1014 0.829692
1017 0.826964
1016 0.826082
1018 0.82734
1019 0.826788
1021 0.826247
1020 0.827873
1023 0.82696
1022 0.826392
1024 0.827297
1025 0.827787
1027 0.828108
1026 0.828202
1028 0.827979
1029 0.827552
1030 0.82776
1031 0.827732
1033 0.82794
1032 0.827932
1035 0.830189
1034 0.827474
1037 0.830146
1036 0.829554
1039 0.830334
1038 0.830699
1040 0.829938
1041 0.829652
1043 0.829507
1042 0.829496
1044 0.829425
1045 0.829437
1047 0.829817
1046 0.829601
1048 0.829112
1049 0.829002
1051 0.829398
1050 0.829527
1053 0.829108
1052 0.82921
1054 0.829119
1055 0.829104
1057 0.831459
1056 0.828935
1059 0.831588
1058 0.831815
1060 0.830918
1061 0.83033
1062 0.830358
1063 0.82959
1065 0.828978
1064 0.829833
1067 0.828837
1066 0.828614
1069 0.827893
1068 0.828516
1071 0.826702
1070 0.828101
1073 0.824989
1072 0.826803
1074 0.824084
1075 0.823774
1077 0.825165
1076 0.82435
1079 0.825016
1078 0.825495
1081 0.826325
1080 0.825553
1082 0.827199
1083 0.827658
1084 0.82899
1085 0.835813
1087 0.833399
1086 0.835546
1088 0.832427
1089 0.830503
1091 0.834006
1090 0.830687
1092 0.836024
1093 0.837458
1095 0.835691
1094 0.838975
1096 0.836028
1097 0.837125
1098 0.836447
1099 0.836792
1101 0.832638
1100 0.83497
1103 0.83191
1102 0.831667
1104 0.832529
1105 0.83238
1107 0.833066
1106 0.83316
1109 0.831443
1108 0.832493
1111 0.841459
1110 0.839861
1113 0.841338
1112 0.841887
1114 0.839437
1115 0.839359
1117 0.839289
1116 0.839375
1119 0.838634
1118 0.838567
1121 0.836455
1120 0.838779
1123 0.836518
1122 0.836157
1125 0.837114
1124 0.836224
1127 0.83776
1126 0.83758
1129 0.836812
1128 0.839265
1130 0.840805
1131 0.838352
1133 0.842561
1132 0.840746
1135 0.847185
1134 0.843258
1137 0.84945
1136 0.849215
1139 0.849685
1138 0.848678
1141 0.850449
1140 0.853314
1142 0.849795
1143 0.845852
1144 0.846072
1145 0.847028
1147 0.839633
1146 0.840578
1149 0.834394
1148 0.840311
1151 0.831188
1150 0.833504
1153 0.82834
1152 0.829174
1155 0.825577
1154 0.824197
1156 0.824135
1157 0.824327
1159 0.825318
1158 0.825036
1161 0.818848
1160 0.821031
1163 0.816748
1162 0.816521
1165 0.813656
1164 0.813989
1167 0.818445
1166 0.819577
1169 0.819965
1168 0.820847
1171 0.82071
1170 0.820134
1172 0.820365
1173 0.820377
1174 0.819828
1175 0.817739
1176 0.817771
1177 0.817375
1179 0.818735
1178 0.818319
1180 0.81904
1181 0.819883
1182 0.824127
1183 0.827062
1185 0.841036
1184 0.826545
1186 0.848325
1187 0.847667
1188 0.848231
1189 0.845073
1191 0.841318
1190 0.843623
1193 0.842318
1192 0.840672
1195 0.842772
1194 0.843278
1197 0.848447
1196 0.84704
1199 0.852977
1198 0.850382
1201 0.853666
1200 0.851241
1203 0.860708
1202 0.855203
1204 0.857965
1205 0.84702
1206 0.842792
1207 0.843435
1208 0.841891
1209 0.847259
1211 0.841162
1210 0.841828
1213 0.844787
1212 0.845821
1215 0.848517
1214 0.843391
1216 0.848893
1217 0.847663
1219 0.84983
1218 0.849987
1220 0.846683
1221 0.851409
1223 0.853408
1222 0.850943
1225 0.852557
1224 0.853294
1227 0.848615
1226 0.856041
1229 0.847773
1228 0.848815
1230 0.847165
1231 0.846785
1233 0.842239
1232 0.844583
1235 0.839253
1234 0.844998
1237 0.841612
1236 0.838967
1239 0.838305
1238 0.840155
1241 0.838481
1240 0.839026
1242 0.84068
1243 0.838873
1244 0.8422
1245 0.84122
1247 0.84693
1246 0.84626
1249 0.842886
1248 0.843529
1250 0.839861
1251 0.840068
1252 0.84048
1253 0.843305
1254 0.844904
1255 0.842823
1256 0.842639
1257 0.841271
1259 0.84039
1258 0.83988
1261 0.847769
1260 0.848184
1263 0.852491
1262 0.85021
1265 0.853231
1264 0.851096
1267 0.847792
1266 0.847867
1268 0.849223
1269 0.845923
1270 0.846456
1271 0.849387
1272 0.846358
1273 0.846119
1274 0.842847
1275 0.841377
1277 0.840684
1276 0.842263
1278 0.837729
1279 0.838309
1280 0.837705
1281 0.838234
1282 0.837525
1283 0.831823
1284 0.831533
1285 0.840253
1287 0.8403
1286 0.839394
1289 0.839586
1288 0.839543
1291 0.837396
1290 0.839163
1292 0.836741
1293 0.838477
1294 0.838328
1295 0.837839
1296 0.832862
1297 0.831929
1299 0.833559
1298 0.832854
1301 0.835672
1300 0.834139
1302 0.83818
1303 0.837451
1304 0.838677
1305 0.839673
1306 0.836941
1307 0.835264
1309 0.834943
1308 0.834962
1311 0.830499
1310 0.833904
1312 0.826439
1313 0.827697
1315 0.825632
1314 0.827093
1316 0.824311
1317 0.824476
1319 0.824331
1318 0.823904
1321 0.824903
1320 0.824515
1323 0.822673
1322 0.823335
1325 0.819366
1324 0.822156
1326 0.820008
1327 0.819358
1328 0.82013
1329 0.821423
1331 0.816979
1330 0.818888
1333 0.817336
1332 0.816913
1335 0.821286
1334 0.81683
1336 0.818382
1337 0.817489
1339 0.817998
1338 0.818182
1340 0.817034
1341 0.816779
1343 0.815768
1342 0.81645
1344 0.816893
1345 0.810862
1347 0.811802
1346 0.811532
1348 0.811889
1349 0.812092
1350 0.812692
1351 0.813041
1352 0.812147
1353 0.812645
1355 0.811657
1354 0.81223
1356 0.812049
1357 0.813217
1359 0.813237
1358 0.812712
1361 0.815231
1360 0.815318
1362 0.815153
1363 0.81569
1365 0.815851
1364 0.815811
1367 0.816952
1366 0.815984
1369 0.817418
1368 0.817982
1371 0.819174
1370 0.817959
1373 0.820502
1372 0.819119
1374 0.820671
1375 0.821141
1377 0.819538
1376 0.819448
1379 0.819891
1378 0.81937
1381 0.819942
1380 0.81964
1383 0.820851
1382 0.820357
1385 0.818848
1384 0.821352
1387 0.8185
1386 0.81828
1389 0.820098
1388 0.819424
1391 0.82107
1390 0.820526
1393 0.822316
1392 0.821807
1395 0.82301
1394 0.822681
1397 0.823476
1396 0.823088
1399 0.824013
1398 0.823292
1400 0.819264
1401 0.819906
1403 0.827325
1402 0.826815
1405 0.827775
1404 0.827501
1407 0.828716
1406 0.82785
1408 0.82957
1409 0.829825
1410 0.833026
1411 0.832729
1412 0.832501
1413 0.832983
1414 0.832164
1415 0.832858
1417 0.833896
1416 0.833144
1418 0.833618
1419 0.836467
1420 0.837603
1421 0.837987
1423 0.838658
1422 0.838258
1424 0.838634
1425 0.838556
1426 0.837168
1427 0.83789
1428 0.838771
1429 0.838493
1431 0.840382
1430 0.840108
1433 0.842831
1432 0.840934
1435 0.8476
1434 0.843509
1437 0.848411
1436 0.848341
1439 0.851429
1438 0.849524
1440 0.850288
1441 0.852499
1442 0.852855
1443 0.85349
1445 0.85485
1444 0.852695
1446 0.85659
1447 0.857977
1448 0.860105
1449 0.86315
1450 0.864752
1451 0.867817
1453 0.870885
1452 0.868558
1454 0.873577
1455 0.875223
1456 0.876842
1457 0.867985
1459 0.883037
1458 0.870913
1460 0.877912
1461 0.880102
1463 0.884131
1462 0.881411
1464 0.885871
1465 0.888332
1467 0.894065
1466 0.891815
1469 0.899065
1468 0.898716
1470 0.904884
1471 0.904469
1473 0.914086
1472 0.90787
1474 0.914105
1475 0.91782
1476 0.926778
1477 0.920732
1478 0.921465
1479 0.923526
1481 0.922472
1480 0.921754
1482 0.923867
1483 0.92487
1485 0.943821
1484 0.927421
1486 0.943347
1487 0.946932
1489 0.934698
1488 0.94192
1491 0.937406
1490 0.937296
1492 0.937167
1493 0.94109
1495 0.943245
1494 0.938664
1497 0.949632
1496 0.9454
1498 0.950679
1499 0.953477
1501 0.95042
1500 0.949527
1502 0.94957
1503 0.950479
1504 0.948668
1505 0.944969
1507 0.942265
1506 0.943202
1509 0.935995
1508 0.941799
1511 0.959339
1510 0.938186
1513 0.945914
1512 0.946576
1515 0.938687
1514 0.940925
1517 0.950714
1516 0.947144
1519 0.941744
1518 0.947081
1521 0.933577
1520 0.933444
1523 0.955064
1522 0.946964
1525 0.946944
1524 0.948668
1526 0.943025
1527 0.947904
1528 0.947681
1529 0.947994
1530 0.953704
1531 0.951948
1533 0.925234
1532 0.9288
1535 0.907992
1534 0.926602
1537 0.904171
1536 0.896302
1539 0.89321
1538 0.898959
1540 0.892658
1541 0.901455
1543 0.904649
1542 0.885522
1544 0.873903
1545 0.869349
1547 0.894472
1546 0.863945
1548 0.882281
1549 0.876936
1551 0.856978
1550 0.855159
1553 0.850574
1552 0.846162
1555 0.849172
1554 0.848094
1556 0.853713
1557 0.854023
1559 0.849814
1558 0.849995
1561 0.845633
1560 0.843195
1562 0.852189
1563 0.847447
1565 0.850089
1564 0.847792
1567 0.85157
1566 0.850578
1569 0.8559
1568 0.854164
1571 0.858412
1570 0.855516
1572 0.860332
1573 0.864858
1575 0.879475
1574 0.869729
1577 0.877782
1576 0.874244
1579 0.883472
1578 0.905378
1581 0.895052
1580 0.892023
1583 0.901087
1582 0.899449
1585 0.89756
1584 0.901534
1587 0.891384
1586 0.901781
1588 0.893332
1589 0.888249
1591 0.87607
1590 0.877923
1593 0.88203
1592 0.880835
1595 0.884472
1594 0.882841
1597 0.887007
1596 0.88877
1599 0.883061
1598 0.885506
1601 0.888708
1600 0.887062
1603 0.893924
1602 0.890679
1605 0.907392
1604 0.902498
1606 0.905272
1607 0.913917
1609 0.897725
1608 0.899112
1611 0.905754
1610 0.892936
1613 0.90356
1612 0.906957
1615 0.897192
1614 0.898117
1617 0.897952
1616 0.898814
1618 0.897063
1619 0.89805
1621 0.897627
1620 0.897106
1622 0.892117
1623 0.89294
1625 0.856582
1624 0.889354
1627 0.856425
1626 0.855054
1628 0.855751
1629 0.853541
1631 0.862864
1630 0.85077
1633 0.8775
1632 0.869631
1635 0.867402
1634 0.902184
1637 0.894602
1636 0.888606
1639 0.902043
1638 0.897646
1641 0.903591
1640 0.902619
1643 0.902749
1642 0.900217
1645 0.913886
1644 0.9099
1647 0.879362
1646 0.915665
1649 0.872986
1648 0.875408
1651 0.843732
1650 0.844959
1653 0.876328
1652 0.863432
1654 0.864682
1655 0.862711
1656 0.871693
1657 0.873836
1658 0.874926
1659 0.867715
1660 0.869784
1661 0.873393
1662 0.887869
1663 0.867997
1664 0.880326
1665 0.888759
1666 0.892266
1667 0.891733
1669 0.895554
1668 0.891615
1671 0.900362
1670 0.896526
1673 0.882536
1672 0.892956
1675 0.891165
1674 0.890824
1677 0.89952
1676 0.894649
1679 0.897768
1678 0.892133
1681 0.905437
1680 0.898324
1683 0.899429
1682 0.893508
1685 0.843462
1684 0.878899
1687 0.901667
1686 0.884178
1689 0.830746
1688 0.838591
1690 0.818484
1691 0.813942
1692 0.814702
1693 0.814479
1695 0.830687
1694 0.827897
1697 0.826662
1696 0.825216
1698 0.832149
1699 0.830695
1701 0.82638
1700 0.831032
1702 0.831091
1703 0.831275
1704 0.802535
1705 0.804796
1707 0.79878
1706 0.806673
1708 0.797284
1709 0.785668
1711 0.825291
1710 0.83276
1713 0.826412
1712 0.836914
1714 0.836118
1715 0.820772
1717 0.817712
1716 0.814628
1719 0.823943
1718 0.820318
1720 0.825303
1721 0.823629
1723 0.818837
1722 0.819969
1724 0.817916
1725 0.81181
1727 0.809643
1726 0.815886
1729 0.813825
1728 0.810266
1730 0.792358
1731 0.778536
1732 0.788788
1733 0.767172
1735 0.762375
1734 0.779445
1737 0.766651
1736 0.772012
1739 0.737229
1738 0.735505
1740 0.728615
1741 0.72907
1742 0.72606
1743 0.706584
1744 0.702227
1745 0.699491
1747 0.672597
1746 0.692708
1749 0.659583
1748 0.682033
1750 0.658086
1751 0.663423
1752 0.655825
1753 0.656115
1755 0.590335
1754 0.653317
1756 0.590472
1757 0.583414
1759 0.584394
1758 0.584923
1760 0.566728
1761 0.572665
1762 0.576584
1763 0.588285
1764 0.587901
1765 0.585448
1767 0.59084
1766 0.589257
1768 0.593188
1769 0.597189
1770 0.599309
1771 0.605755
1773 0.607503
1772 0.608048
1775 0.612389
1774 0.606484
1776 0.605735
1777 0.603909
1778 0.599324
1779 0.596303
1781 0.584414
1780 0.59153
1782 0.575816
1783 0.571874
1784 0.562049
1785 0.55188
1787 0.539074
1786 0.545485
1788 0.533885
1789 0.52865
1791 0.523716
1790 0.52238
1792 0.521063
1793 0.515087
1795 0.492002
1794 0.498331
1796 0.498985
1797 0.482726
1799 0.476668
1798 0.479771
1801 0.470296
1800 0.475304
1803 0.472663
1802 0.470037
1805 0.47666
1804 0.474379
1806 0.474599
1807 0.476245
1809 0.480391
1808 0.47713
1811 0.465488
1810 0.468497
1813 0.473737
1812 0.471205
1815 0.467075
1814 0.471456
1817 0.452101
1816 0.465452
1819 0.443112
1818 0.440721
1821 0.435211
1820 0.436328
1823 0.430583
1822 0.43065
1824 0.428122
1825 0.4263
1827 0.453332
1826 0.45064
1829 0.440753
1828 0.453743
1830 0.433456
1831 0.432993
1833 0.429933
1832 0.43
1835 0.425168
1834 0.4296
1836 0.424619
1837 0.426445
1838 0.422562
1839 0.383833
1840 0.375455
1841 0.369118
1843 0.363126
1842 0.365325
1844 0.355316
1845 0.344767
1846 0.340217
1847 0.334014
1849 0.325353
1848 0.327458
1850 0.318696
1851 0.313147
1853 0.305078
1852 0.309941
1855 0.291492
1854 0.295501
1857 0.28532
1856 0.28617
1859 0.284497
1858 0.285543
1861 0.271902
1860 0.274288
1863 0.261646
1862 0.272286
1865 0.25308
1864 0.259186
1867 0.243514
1866 0.24525
1868 0.244161
1869 0.246371
1870 0.247806
1871 0.25123
1873 0.248832
1872 0.247774
1875 0.265287
1874 0.256964
1876 0.264746
1877 0.267489
1879 0.283509
1878 0.274665
1880 0.291907
1881 0.29822
1882 0.301716
1883 0.302558
1884 0.311665
1885 0.309773
1886 0.31219
1887 0.324609
1889 0.341283
1888 0.33466
1891 0.361594
1890 0.350594
1892 0.370011
1893 0.378684
1895 0.388872
1894 0.391682
1896 0.394261
1897 0.394308
1898 0.405394
1899 0.400487
1900 0.421849
1901 0.42322
1903 0.452564
1902 0.443935
1904 0.467623
1905 0.486398
1906 0.492343
1907 0.506094
1909 0.525672
1908 0.519833
1911 0.519433
1910 0.51754
1913 0.513974
1912 0.518657
1914 0.511035
1915 0.506952
1917 0.497633
1916 0.501681
1918 0.49855
1919 0.495352
1921 0.490814
1920 0.493334
1922 0.490944
1923 0.490489
1925 0.468987
1924 0.473662
1927 0.46401
1926 0.466299
1929 0.456196
1928 0.457055
1931 0.447865
1930 0.452709
1932 0.434698
1933 0.434193
1935 0.416194
1934 0.426022
1937 0.402321
1936 0.413427
1939 0.385553
1938 0.386384
1940 0.390648
1941 0.372037
1942 0.371544
1943 0.36663
1945 0.359678
1944 0.362025
1947 0.341906
1946 0.347028
1948 0.33941
1949 0.328626
1951 0.316238
1950 0.319609
1952 0.305003
1953 0.295732
1955 0.268014
1954 0.291676
1956 0.259895
1957 0.251517
1959 0.216232
1958 0.241061
1961 0.214735
1960 0.223533
1963 0.180329
1962 0.179768
1964 0.168149
1965 0.154876
1966 0.156707
1967 0.143038
1968 0.139856
1969 0.136619
1970 0.123393
1971 0.112484
1973 0.0999318
1972 0.108138
1975 0.0891357
1974 0.0921805
1976 0.0808985
1977 0.0769288
1979 0.0715954
1978 0.0753927
1981 0.0690952
1980 0.0694793
1983 0.0696831
1982 0.0699613
1984 0.0694714
1985 0.0661915
1987 0.0662032
1986 0.066309
1989 0.0657643
1988 0.0657917
1991 0.0661875
1990 0.0657878
1993 0.0668655
1992 0.0666304
1995 0.0674376
1994 0.0673749
1996 0.0672574
1997 0.0660817
1998 0.0671947
1999 0.067418
2001 0.0754945
2000 0.0676022
2002 0.080103
2003 0.0921923
2005 0.119204
2004 0.110904
2006 0.136584
2007 0.154833
2008 0.165069
2009 0.185411
2011 0.215801
2010 0.203849
2013 0.255333
2012 0.237084
2014 0.252645
2015 0.265828
2017 0.289975
2016 0.281056
2019 0.322403
2018 0.309706
2021 0.328473
2020 0.324366
2023 0.345758
2022 0.340593
2024 0.353443
2025 0.370721
2027 0.395903
2026 0.383457
2028 0.413161
2029 0.423494
2031 0.437045
2030 0.436912
2033 0.42255
2032 0.430145
2035 0.455898
2034 0.422726
2036 0.434976
2037 0.419607
2039 0.423118
2038 0.421884
2040 0.416276
2041 0.410037
2042 0.399183
2043 0.390307
2045 0.378923
2044 0.385381
2047 0.367547
2046 0.368526
2049 0.362558
2048 0.365105
2051 0.351002
2050 0.361186
2052 0.35313
2053 0.347165
2055 0.330009
2054 0.336259
2057 0.266858
2056 0.327767
2058 0.269754
2059 0.250991
2060 0.214618
2061 0.205718
2063 0.191325
2062 0.203967
2065 0.197183
2064 0.182531
2067 0.185639
2066 0.171468
2069 0.150221
2068 0.179459
2071 0.137152
2070 0.141851
2072 0.132955
2073 0.128766
2075 0.115046
2074 0.122006
2076 0.111006
2077 0.109329
2079 0.0968674
2078 0.103345
2081 0.0877759
2080 0.0940145
2082 0.0823053
2083 0.080683
2084 0.0759844
2085 0.0729748
2087 0.0729944
2086 0.0733667
2089 0.0727318
2088 0.073159
2091 0.0725398
2090 0.0724497
2093 0.0726613
2092 0.072771
2095 0.0731433
2094 0.0729317
2097 0.073112
2096 0.0737468
2099 0.07359
2098 0.0731982
2101 0.0838963
2100 0.0780456
2103 0.099344
2102 0.0911186
2105 0.10612
2104 0.0983526
2106 0.12067
2107 0.120975
2109 0.142297
2108 0.131505
2110 0.144221
2111 0.156209
2113 0.17467
2112 0.169176
2115 0.199758
2114 0.187331
2117 0.219716
2116 0.206729
2119 0.243146
2118 0.23237
2121 0.267415
2120 0.256196
2123 0.29041
2122 0.276052
2125 0.308895
2124 0.303992
2127 0.334676
2126 0.324052
2129 0.351064
2128 0.340868
2131 0.366006
2130 0.359968
2133 0.380451
2132 0.372367
2135 0.388316
2134 0.382355
2137 0.390138
2136 0.393967
2139 0.400186
2138 0.391584
2141 0.397956
2140 0.402968
2143 0.401777
2142 0.401726
2145 0.404935
2144 0.404673
2146 0.403203
2147 0.402925
2148 0.400542
2149 0.399143
2151 0.379173
2150 0.394241
2153 0.367002
2152 0.377955
2154 0.35994
2155 0.362785
2156 0.362648
2157 0.376669
2159 0.37623
2158 0.373695
2161 0.369702
2160 0.369196
2162 0.367891
2163 0.368526
2165 0.365062
2164 0.370345
2167 0.358827
2166 0.359717
2169 0.351707
2168 0.35166
2171 0.348611
2170 0.35376
2173 0.341612
2172 0.343407
2174 0.333544
2175 0.319926
2177 0.297139
2176 0.309341
2179 0.267928
2178 0.277721
2180 0.256689
2181 0.243346
2183 0.228239
2182 0.238126
2184 0.215217
2185 0.201678
2187 0.18391
2186 0.191666
2189 0.168506
2188 0.179631
2191 0.154704
2190 0.159446
2193 0.134005
2192 0.144327
2195 0.121344
2194 0.129463
2197 0.111943
2196 0.113965
2199 0.0969653
2198 0.102824
2200 0.0954135
2201 0.0905621
2203 0.081788
2202 0.0845782
2205 0.0749655
2204 0.0768308
2206 0.0753652
2207 0.0736096
2209 0.07118
2208 0.0722616
2211 0.0655174
2210 0.0679941
2212 0.064334
2213 0.0617476
2215 0.0578602
2214 0.0593376
2217 0.0565435
2216 0.0570098
2219 0.0565631
2218 0.0558225
2221 0.0567199
2220 0.0565278
2223 0.0574879
2222 0.0568727
2225 0.0584049
2224 0.0589026
2226 0.0581032
2227 0.0584519
2228 0.0591887
2229 0.0587341
2231 0.0590123
2230 0.0585303
2233 0.0594355
2232 0.0591299
2235 0.056759
2234 0.0600625
2237 0.0578445
2236 0.0578485
2239 0.05922
2238 0.0583853
2241 0.0585813
2240 0.0590946
2243 0.0584559
2242 0.0591299
2245 0.0598431
2244 0.0595492
2247 0.0596236
2246 0.0601017
2248 0.05922
2249 0.0607013
2251 0.0609991
2250 0.0605093
2252 0.0616222
2253 0.0619827
2255 0.0637932
2254 0.0625157
2256 0.0633582
2257 0.0638402
2259 0.0647141
2258 0.063946
2261 0.0621081
2260 0.0615321
2263 0.0645965
2262 0.0641851
2265 0.0648904
2264 0.0648121
2267 0.0704355
2266 0.0658388
2269 0.0837317
2268 0.0779947
2270 0.0877132
2271 0.0994224
2273 0.112754
2272 0.105508
2274 0.11556
2275 0.122081
2276 0.130098
2277 0.133923
2279 0.139245
2278 0.136619
2281 0.143293
2280 0.142407
2283 0.146412
2282 0.145154
2285 0.146385
2284 0.147368
2287 0.149841
2286 0.148591
2289 0.152839
2288 0.151404
2291 0.15682
2290 0.154104
2293 0.156879
2292 0.156875
2294 0.157091
2295 0.155633
2297 0.158019
2296 0.157232
2299 0.16434
2298 0.161844
2301 0.16813
2300 0.16523
2303 0.173095
2302 0.16947
2305 0.176108
2304 0.174697
2306 0.177139
2307 0.176978
2309 0.178444
2308 0.177687
2311 0.177107
2310 0.177284
2313 0.1715
2312 0.173365
2315 0.168173
2314 0.171108
2317 0.161284
2316 0.163384
2319 0.154026
2318 0.156033
2321 0.151616
2320 0.153011
2323 0.14198
2322 0.146279
2324 0.135784
2325 0.129154
2327 0.125662
2326 0.131548
2328 0.124361
2329 0.12317
2331 0.119381
2330 0.122907
2333 0.115983
2332 0.118154
2335 0.10675
2334 0.11315
2337 0.0992539
2336 0.103592
2339 0.0927096
2338 0.0960836
2341 0.0907306
2340 0.091385
2343 0.0862554
2342 0.088301
2345 0.0841236
2344 0.0860164
2347 0.0822073
2346 0.0835867
2348 0.0793075
2349 0.0757062
2351 0.074844
2350 0.0755455
2352 0.0758159
2353 0.0760471
2354 0.075667
2355 0.0737076
2357 0.0722302
2356 0.0726809
2359 0.070455
2358 0.0711095
2361 0.0671359
2360 0.0663364
2363 0.0654195
2362 0.0673122
2365 0.065972
2364 0.0658309
2366 0.0670144
2367 0.0676414
2368 0.067708
2369 0.0697653
2371 0.0702434
2370 0.0698555
2373 0.0721558
2372 0.0712937
2374 0.0718344
2375 0.0708979
2377 0.0703061
2376 0.070459
2379 0.0693696
2378 0.070941
2381 0.0685309
2380 0.0688444
2383 0.0686759
2382 0.0678373
2385 0.0843117
2384 0.0770072
2387 0.0998887
2386 0.0901506
2389 0.112103
2388 0.109995
2391 0.123182
2390 0.119753
2393 0.127285
2392 0.125027
2395 0.131787
2394 0.130404
2397 0.130949
2396 0.131004
2398 0.130239
2399 0.130141
2401 0.132222
2400 0.13192
2403 0.135616
2402 0.134201
2404 0.137364
2405 0.139468
2407 0.141502
2406 0.140796
2409 0.146439
2408 0.144225
2411 0.14952
2410 0.147117
2413 0.150813
2412 0.152384
2415 0.140436
2414 0.147262
2417 0.119866
2416 0.137344
2419 0.117045
2418 0.117331
2421 0.105786
2420 0.111668
2423 0.0959033
2422 0.102781
2425 0.0876426
2424 0.0904759
2427 0.0748205
2426 0.0809886
2429 0.0658466
2428 0.0714739
2431 0.0587027
2430 0.0609521
2432 0.0554619
2433 0.0602036
2435 0.0701455
2434 0.063993
2436 0.0749812
2437 0.0804831
2439 0.0881442
2438 0.0852209
2441 0.0917456
2440 0.0898254
2443 0.0944965
2442 0.0933052
2445 0.0971848
2444 0.0965617
2447 0.0995399
2446 0.0982546
2449 0.100578
2448 0.101029
2450 0.103682
2451 0.104062
2452 0.104689
2453 0.102996
2455 0.105814
2454 0.104199
2457 0.103455
2456 0.102836
2459 0.10929
2458 0.106104
2461 0.11572
2460 0.113107
2463 0.11699
2462 0.118115
2465 0.107667
2464 0.113048
2467 0.0987405
2466 0.100618
2469 0.0896138
2468 0.0941791
2471 0.0851973
2470 0.0886811
2473 0.077834
2472 0.0799462
2475 0.0722459
2474 0.0743385
2476 0.0714191
2477 0.0692794
2478 0.0686603
2479 0.0691579
2481 0.0660034
2480 0.0678569
2483 0.0657643
2482 0.0650825
2484 0.0665285
2485 0.0651452
2487 0.0670301
2486 0.065972
2489 0.0683115
2488 0.0674572
2491 0.0695028
2490 0.0692246
2492 0.0699691
2493 0.0707254
2494 0.0703884
2495 0.0712427
2496 0.0716816
2497 0.072195
2499 0.0734686
2498 0.0726535
2500 0.074025
2501 0.0745501
2502 0.0744639
2503 0.0752751
2505 0.0753966
2504 0.0755259
2507 0.0756121
2506 0.0757767
2508 0.0780025
2509 0.0807848
2510 0.0846997
2511 0.0908247
2513 0.103796
2512 0.0952646
2514 0.11159
2515 0.114267
2517 0.122374
2516 0.120164
2519 0.125188
2518 0.123331
2520 0.125462
2521 0.125839
2522 0.128017
2523 0.128656
2524 0.129028
2525 0.130373
2526 0.132598
2527 0.133449
2528 0.135377
2529 0.137254
2531 0.139691
2530 0.138136
2533 0.141615
2532 0.141173
2534 0.142956
2535 0.143011
2537 0.145566
2536 0.14401
2538 0.147725
2539 0.14843
2540 0.148038
2541 0.149175
2543 0.151483
2542 0.149759
2545 0.155237
2544 0.154426
2547 0.158603
2546 0.155864
2549 0.158964
2548 0.159987
2551 0.154351
2550 0.155821
2552 0.150295
2553 0.146996
2555 0.135424
2554 0.141188
2557 0.129021
2556 0.131901
2559 0.114674
2558 0.12174
2561 0.103278
2560 0.11036
2563 0.0915418
2562 0.0955311
2564 0.0847193
2565 0.0785198
2567 0.0690325
2566 0.0746207
2568 0.0639695
2569 0.0614615
2571 0.0548702
2570 0.0576643
2572 0.0547801
2573 0.0538239
2574 0.0526757
2575 0.0526561
2577 0.052711
2576 0.0527227
2578 0.0527031
2579 0.0526953
2581 0.0525973
2580 0.0527933
2582 0.0525229
2583 0.0525582
2584 0.0525386
2585 0.0505518
2586 0.0512415
2587 0.05141
2588 0.0516568
2589 0.0514727
2591 0.0521114
2590 0.0519468
2592 0.0521232
2593 0.0525386
2595 0.0528325
2594 0.0527698
2597 0.0531146
2596 0.0528873
2599 0.0529304
2598 0.0528481
2601 0.0529461
2600 0.0529344
2603 0.0530049
2602 0.0530402
2604 0.0529971
2605 0.0530441
2607 0.0532831
2606 0.0532165
2609 0.0533733
2608 0.0533223
2611 0.0518645
2610 0.0519468
2613 0.0519939
2612 0.0521388
2615 0.051794
2614 0.0520683
2617 0.0520252
2616 0.0518018
2619 0.051939
2618 0.0519625
2621 0.0522329
2620 0.0520605
2622 0.0522486
2623 0.0523152
2625 0.0562731
2624 0.0522055
2626 0.0593807
2627 0.066117
2628 0.0726182
2629 0.0759687
2631 0.0832419
2630 0.0778301
2633 0.0875917
2632 0.0848603
2635 0.087
2634 0.089218
2637 0.0899194
2636 0.0870979
2639 0.102467
2638 0.0930035
2641 0.116195
2640 0.11152
2643 0.139162
2642 0.125533
2645 0.160931
2644 0.146968
2647 0.178773
2646 0.173099
2649 0.20321
2648 0.192916
2650 0.206251
2651 0.214802
2653 0.223027
2652 0.22222
2655 0.228032
2654 0.225402
2657 0.24181
2656 0.232193
2659 0.250278
2658 0.246955
2660 0.259679
2661 0.262391
2662 0.25841
2663 0.262387
2665 0.26024
2664 0.263085
2666 0.257163
2667 0.252112
2668 0.248887
2669 0.25002
2670 0.252249
2671 0.244878
2673 0.241955
2672 0.238777
2674 0.254973
2675 0.252825
2677 0.261004
2676 0.260091
2678 0.262959
2679 0.262379
2681 0.249761
2680 0.259734
2683 0.242006
2682 0.245105
2685 0.234113
2684 0.23927
2687 0.230108
2686 0.233036
2689 0.223964
2688 0.226582
2691 0.212619
2690 0.214535
2693 0.192653
2692 0.200463
2695 0.192598
2694 0.194985
2697 0.179878
2696 0.186399
2698 0.176398
2699 0.170602
2701 0.160253
2700 0.163972
2702 0.154136
2703 0.147157
2705 0.137689
2704 0.14379
2707 0.127955
2706 0.131368
2708 0.121853
2709 0.116532
2710 0.113408
2711 0.111527
2713 0.113103
2712 0.112707
2715 0.114318
2714 0.113479
2717 0.114392
2716 0.114075
2719 0.113604
2718 0.114059
2721 0.11458
2720 0.113973
2723 0.115783
2722 0.115066
2725 0.116218
2724 0.116073
2726 0.116974
2727 0.117848
2728 0.118569
2729 0.122617
2730 0.127743
2731 0.131219
2733 0.142705
2732 0.137364
2735 0.145087
2734 0.144327
2737 0.150472
2736 0.15055
2738 0.155366
2739 0.158505
2740 0.159783
2741 0.158736
2743 0.163341
2742 0.162342
2745 0.16387
2744 0.163956
2747 0.164332
2746 0.163345
2749 0.167663
2748 0.167416
2750 0.169936
2751 0.172287
2752 0.17282
2753 0.174074
2755 0.176053
2754 0.176085
2757 0.177891
2756 0.177734
2759 0.179698
2758 0.178718
2761 0.17701
2760 0.176104
2763 0.17971
2762 0.178679
2765 0.181065
2764 0.180811
2767 0.18335
2766 0.182206
2769 0.186849
2768 0.186556
2770 0.187398
2771 0.186336
2773 0.18768
2772 0.187359
2774 0.188601
2775 0.189667
2776 0.189538
2777 0.191117
2779 0.192971
2778 0.192293
2781 0.196102
2780 0.194597
2783 0.198394
2782 0.197073
2784 0.199934
2785 0.197207
2786 0.198723
2787 0.198727
2789 0.202223
2788 0.200683
2790 0.202301
2791 0.20285
2792 0.203673
2793 0.204119
2795 0.205358
2794 0.204703
2797 0.204907
2796 0.204182
2799 0.205095
2798 0.204484
2801 0.205119
2800 0.205742
2803 0.205452
2802 0.20546
2805 0.206694
2804 0.205228
2806 0.205416
2807 0.207105
2809 0.206988
2808 0.207
2811 0.207086
2810 0.205906
2813 0.20903
2812 0.20783
2815 0.209994
2814 0.209335
2817 0.211538
2816 0.210229
2819 0.211757
2818 0.211373
2821 0.213709
2820 0.213838
2823 0.212462
2822 0.212741
2824 0.213027
2825 0.212388
2827 0.211745
2826 0.211894
2828 0.210397
2829 0.210797
2831 0.210648
2830 0.210448
2832 0.210358
2833 0.210005
2834 0.210432
2835 0.205319
2837 0.207137
2836 0.205644
2839 0.207019
2838 0.206929
2841 0.208689
2840 0.207442
2843 0.208316
2842 0.209077
2844 0.208528
2845 0.208422
2846 0.209135
2847 0.209398
2848 0.209269
2849 0.209739
2851 0.211138
2850 0.210899
2853 0.214782
2852 0.212987
2854 0.216005
2855 0.215817
2857 0.216526
2856 0.216401
2858 0.214461
2859 0.212772
2861 0.207235
2860 0.207501
2863 0.207254
2862 0.207043
2864 0.208242
2865 0.209402
2867 0.210954
2866 0.209472
2869 0.213454
2868 0.211812
2871 0.21771
2870 0.215119
2873 0.215374
2872 0.217102
2874 0.21548
2875 0.214379
2877 0.212274
2876 0.212572
2878 0.211494
2879 0.212408
2881 0.215954
2880 0.214453
2883 0.221401
2882 0.218337
2884 0.223353
2885 0.224473
2886 0.227683
2887 0.229207
2889 0.230171
2888 0.229509
2890 0.231523
2891 0.231747
2893 0.229869
2892 0.230681
2894 0.226958
2895 0.227228
2896 0.228525
2897 0.228886
2898 0.230026
2899 0.231069
2901 0.231206
2900 0.231037
2902 0.231131
2903 0.230363
2904 0.229615
2905 0.230085
2906 0.23081
2907 0.231582
2909 0.231602
2908 0.232005
2911 0.227009
2910 0.226511
2913 0.228584
2912 0.227165
2914 0.228502
2915 0.2284
2916 0.228357
2917 0.227985
2918 0.227342
2919 0.227706
2921 0.228858
2920 0.227894
2923 0.229301
2922 0.229148
2925 0.228992
2924 0.229505
2926 0.228286
2927 0.22927
2928 0.230022
2929 0.23034
2931 0.233957
2930 0.233224
2933 0.237025
2932 0.234462
2934 0.237319
2935 0.234897
2936 0.233048
2937 0.233639
2938 0.233643
2939 0.239925
2940 0.239948
2941 0.240713
2942 0.240861
2943 0.24063
2944 0.242229
2945 0.245203
2947 0.255447
2946 0.25152
2948 0.259805
2949 0.264237
2951 0.272219
2950 0.266635
2953 0.274696
2952 0.273285
2955 0.283588
2954 0.281205
2956 0.286444
2957 0.291833
2959 0.303714
2958 0.298161
2961 0.311242
2960 0.30556
2963 0.321537
2962 0.31455
2965 0.331083
2964 0.327799
2967 0.344457
2966 0.338481
2969 0.357084
2968 0.349932
2971 0.365599
2970 0.362319
2973 0.376736
2972 0.370874
2974 0.379056
2975 0.384648
2976 0.392952
2977 0.395229
2979 0.404876
2978 0.400174
2981 0.410053
2980 0.405656
2983 0.418745
2982 0.415414
2985 0.43578
2984 0.422707
2987 0.441125
2986 0.437606
2988 0.44495
2989 0.45062
2991 0.461342
2990 0.45745
2992 0.469504
2993 0.475285
2995 0.491692
2994 0.489964
2997 0.50511
2996 0.495341
2999 0.519151
2998 0.511666
3001 0.528493
3000 0.52689
3003 0.544776
3002 0.537016
3004 0.549976
3005 0.555329
3007 0.564655
3006 0.562312
3008 0.571932
3009 0.58495
3011 0.624659
3010 0.593113
3013 0.610407
3012 0.631231
3014 0.627629
3015 0.64189
3016 0.670258
3017 0.658129
3019 0.668921
3018 0.665978
3021 0.682104
3020 0.674325
3023 0.690807
3022 0.684106
3025 0.697603
3024 0.694456
3027 0.705091
3026 0.701071
3028 0.751031
3029 0.755098
3031 0.741003
3030 0.739278
3032 0.746787
3033 0.749624
3035 0.779916
3034 0.771447
3036 0.760616
3037 0.782541
3039 0.740454
3038 0.763845
3040 0.739192
3041 0.735242
3043 0.734846
3042 0.734251
3045 0.732577
3044 0.732581
3047 0.732048
3046 0.73204
3049 0.750725
3048 0.732197
3050 0.750078
3051 0.730445
3053 0.729203
3052 0.729415
3054 0.728082
3055 0.727021
3057 0.725543
3056 0.723874
3059 0.729963
3058 0.726409
3061 0.751979
3060 0.72967
3063 0.754761
3062 0.752492
3064 0.755184
3065 0.758167
3067 0.757109
3066 0.75828
3068 0.75676
3069 0.75783
3071 0.760165
3070 0.758586
3072 0.76109
3073 0.761717
3075 0.765757
3074 0.764754
3076 0.765698
3077 0.764084
3079 0.762803
3078 0.762842
3081 0.760679
3080 0.759468
3083 0.769703
3082 0.765338
3084 0.771044
3085 0.780731
3087 0.786029
3086 0.777102
3089 0.781663
3088 0.78541
3091 0.78644
3090 0.785257
3093 0.787785
3092 0.786762
3094 0.787428
3095 0.786182
3097 0.785237
3096 0.785508
3099 0.785711
3098 0.785175
3101 0.787765
3100 0.786338
3103 0.787232
3102 0.787832
3104 0.788333
3105 0.78838
3107 0.788611
3106 0.78829
3109 0.787902
3108 0.788666
3111 0.787389
3110 0.788122
3113 0.788772
3112 0.788282
3115 0.789955
3114 0.788568
3117 0.786962
3116 0.788737
3119 0.788298
3118 0.786158
3120 0.789376
3121 0.791323
3122 0.790626
3123 0.790853
3125 0.790653
3124 0.790818
3127 0.790316
3126 0.790359
3128 0.790477
3129 0.788937
3130 0.788408
3131 0.789912
3132 0.791934
3133 0.790653
3135 0.774461
3134 0.78976
3137 0.773481
3136 0.773391
3139 0.793138
3138 0.793561
3141 0.772674
3140 0.771929
3143 0.771769
3142 0.772811
3144 0.769801
3145 0.768904
3146 0.77731
3147 0.797417
3148 0.787353
3149 0.797299
3151 0.787142
3150 0.786781
3153 0.795845
3152 0.796037
3155 0.794654
3154 0.795551
3157 0.791754
3156 0.79309
3159 0.790187
3158 0.790445
3161 0.770464
3160 0.768007
3163 0.770021
3162 0.771083
3165 0.771322
3164 0.771165
3167 0.771126
3166 0.77102
3169 0.771157
3168 0.7716
3170 0.771126
3171 0.770926
3172 0.769496
3173 0.769813
3175 0.769449
3174 0.769402
3176 0.769962
3177 0.7718
3178 0.770789
3179 0.770479
3181 0.77008
3180 0.770926
3183 0.772631
3182 0.771048
3184 0.77394
3185 0.802104
3187 0.801496
3186 0.802958
3189 0.812273
3188 0.801477
3191 0.803256
3190 0.810415
3193 0.813817
3192 0.802919
3195 0.815404
3194 0.818315
3197 0.813386
3196 0.815239
3199 0.811669
3198 0.810917
3200 0.810168
3201 0.811324
3203 0.809878
3202 0.810012
3204 0.809914
3205 0.809941
3206 0.810262
3207 0.809796
3209 0.810517
3208 0.810882
3211 0.787781
3210 0.787471
3213 0.808883
3212 0.788133
3214 0.80969
3215 0.78976
3216 0.80953
3217 0.809596
3218 0.809624
3219 0.809099
3220 0.808319
3221 0.808664
3222 0.808303
3223 0.808174
3224 0.807899
3225 0.808624
3227 0.809373
3226 0.808605
3229 0.811301
3228 0.811062
3231 0.811164
3230 0.811481
3233 0.811305
3232 0.81114
3234 0.811168
3235 0.789513
3236 0.810956
3237 0.810854
3239 0.809925
3238 0.810016
3240 0.809181
3241 0.809776
3242 0.809216
3243 0.809518
3244 0.809439
3245 0.809847
3247 0.810309
3246 0.809843
3249 0.809232
3248 0.809867
3251 0.809882
3250 0.809506
3252 0.80949
3253 0.809616
3254 0.808401
3255 0.807331
3257 0.807194
3256 0.807229
3259 0.808973
3258 0.808628
3260 0.805564
3261 0.805391
3262 0.806011
3263 0.80786
3265 0.806434
3264 0.80795
3267 0.805082
3266 0.805227
3269 0.806226
3268 0.805172
3270 0.806661
3271 0.807476
3273 0.80766
3272 0.807053
3274 0.807954
3275 0.808315
3276 0.811128
3277 0.810838
3278 0.811293
3279 0.811759
3281 0.812132
3280 0.81174
3283 0.814365
3282 0.813872
3284 0.815169
3285 0.822066
3287 0.822089
3286 0.822528
3289 0.81917
3288 0.820863
3291 0.819475
3290 0.81897
3292 0.820051
3293 0.822187
3295 0.8212
3294 0.822136
3297 0.820953
3296 0.820545
3299 0.820106
3298 0.820612
3301 0.818617
3300 0.819507
3302 0.81915
3303 0.819299
3305 0.819413
3304 0.818919
3306 0.818982
3307 0.818989
3309 0.818268
3308 0.818002
3311 0.822383
3310 0.799764
3313 0.800411
3312 0.800838
3315 0.797589
3314 0.799059
3317 0.796374
3316 0.797287
3319 0.796139
3318 0.795677
3321 0.79358
3320 0.79688
3323 0.794905
3322 0.795234
3324 0.793941
3325 0.79487
3326 0.794983
3327 0.795504
3328 0.795218
3329 0.79474
3331 0.794497
3330 0.794192
3332 0.794129
3333 0.794435
3334 0.794172
3335 0.809882
3337 0.809596
3336 0.809561
3339 0.808703
3338 0.809271
3340 0.808726
3341 0.809349
3342 0.809106
3343 0.809059
3344 0.808922
3345 0.80797
3347 0.807127
3346 0.808217
3349 0.806818
3348 0.806775
3351 0.806779
3350 0.806739
3352 0.806555
3353 0.806485
3355 0.809745
3354 0.806736
3356 0.809616
3357 0.810027
3359 0.809631
3358 0.807327
3360 0.811744
3361 0.81098
3362 0.811058
3363 0.810807
3364 0.810717
3365 0.809796
3366 0.808374
3367 0.808103
3369 0.806238
3368 0.807233
3371 0.805705
3370 0.805967
3373 0.804878
3372 0.80534
3374 0.804322
3375 0.803828
3377 0.803377
3376 0.803883
3379 0.803459
3378 0.803726
3380 0.803334
3381 0.803264
3382 0.80306
3383 0.803859
3385 0.778967
3384 0.803722
3386 0.77809
3387 0.777819
3389 0.777455
3388 0.777368
3391 0.777153
3390 0.777133
3392 0.776522
3393 0.776295
3395 0.777321
3394 0.777165
3397 0.777882
3396 0.777431
3399 0.779077
3398 0.777945
3400 0.780041
3401 0.780174
3403 0.781064
3402 0.780417
3404 0.781389
3405 0.781083
3407 0.78117
3406 0.781475
3408 0.780954
3409 0.780323
3410 0.800893
3411 0.80063
3413 0.800078
3412 0.800842
3415 0.798886
3414 0.798914
3416 0.798581
3417 0.798534
3419 0.798588
3418 0.798357
3420 0.798181
3421 0.797832
3423 0.797809
3422 0.798114
3424 0.798569
3425 0.799376
3426 0.7986
3427 0.798259
3428 0.79853
3429 0.798475
3431 0.798569
3430 0.798491
3433 0.800183
3432 0.799925
3434 0.804659
3435 0.816732
3436 0.815702
3437 0.816278
3439 0.79447
3438 0.794889
3441 0.796657
3440 0.794913
3443 0.797389
3442 0.796907
3445 0.797001
3444 0.797209
3447 0.798314
3446 0.797848
3449 0.798898
3448 0.798326
3450 0.799882
3451 0.80114
3453 0.802209
3452 0.801551
3455 0.801543
3454 0.802174
3457 0.801794
3456 0.801531
3459 0.801567
3458 0.801665
3461 0.831659
3460 0.832309
3463 0.831345
3462 0.831302
3465 0.830789
3464 0.831141
3467 0.830718
3466 0.830534
3469 0.830687
3468 0.830036
3471 0.830338
3470 0.830103
3473 0.829778
3472 0.829942
3475 0.829558
3474 0.829586
3477 0.8291
3476 0.829852
3479 0.828955
3478 0.828916
3481 0.828461
3480 0.828743
3483 0.828845
3482 0.828896
3485 0.842553
3484 0.828771
3487 0.818366
3486 0.841652
3489 0.818261
3488 0.818496
3491 0.820498
3490 0.818633
3492 0.821768
3493 0.824146
3495 0.845049
3494 0.826169
3497 0.828285
3496 0.842686
3498 0.825898
3499 0.826408
3501 0.855967
3500 0.853149
3502 0.85525
3503 0.856488
3505 0.855457
3504 0.855504
3507 0.857311
3506 0.850469
3509 0.825863
3508 0.826737
3510 0.849736
3511 0.848878
3512 0.84925
3513 0.846914
3515 0.843787
3514 0.843619
3517 0.83816
3516 0.839606
3518 0.838505
3519 0.83845
3521 0.83613
3520 0.836498
3523 0.83698
3522 0.837408
3525 0.836165
3524 0.836071
3527 0.83845
3526 0.837525
3529 0.839563
3528 0.838932
3531 0.815717
3530 0.839759
3533 0.816066
3532 0.815572
3534 0.815694
3535 0.811759
3537 0.81212
3536 0.811203
3539 0.812273
3538 0.812092
3541 0.81114
3540 0.811383
3543 0.811003
3542 0.810968
3544 0.809871
3545 0.8094
3547 0.809541
3546 0.809353
3548 0.80949
3549 0.809338
3551 0.8322
3550 0.809169
3552 0.832274
3553 0.833195
3555 0.832944
3554 0.833109
3556 0.83283
3557 0.833273
3559 0.832501
3558 0.833105
3560 0.830126
3561 0.829648
3563 0.829903
3562 0.829864
3565 0.830083
3564 0.830025
3567 0.831263
3566 0.830174
3568 0.829476
3569 0.828806
3571 0.828955
3570 0.828504
3573 0.830542
3572 0.830013
3575 0.829613
3574 0.829684
3577 0.829609
3576 0.829378
3579 0.831639
3578 0.829954
3580 0.830679
3581 0.830981
3582 0.830938
3583 0.830495
3584 0.830483
3585 0.830448
3587 0.830315
3586 0.830808
3589 0.828963
3588 0.830189
3591 0.828716
3590 0.828959
3592 0.829108
3593 0.82959
3594 0.823249
3595 0.822458
3597 0.821756
3596 0.822896
3599 0.821787
3598 0.821478
3601 0.821086
3600 0.821666
3603 0.821721
3602 0.821529
3605 0.822168
3604 0.822054
3606 0.82214
3607 0.822697
3609 0.822744
3608 0.823892
3610 0.823731
3611 0.824358
3613 0.825056
3612 0.823935
3615 0.824836
3614 0.824542
3617 0.824852
3616 0.825263
3619 0.829719
3618 0.825075
3621 0.830177
3620 0.828712
3622 0.829731
3623 0.830044
3625 0.827329
3624 0.827454
3627 0.82687
3626 0.826799
3629 0.829699
3628 0.828293
3631 0.831192
3630 0.830757
3632 0.830891
3633 0.830898
3634 0.831134
3635 0.831761
3637 0.832736
3636 0.831118
3638 0.835856
3639 0.836608
3641 0.837345
3640 0.837486
3643 0.837176
3642 0.837039
3645 0.822164
3644 0.822787
3646 0.82281
3647 0.821125
3649 0.821407
3648 0.821149
3650 0.821399
3651 0.821055
3653 0.822152
3652 0.821921
3655 0.844822
3654 0.82174
3656 0.845688
3657 0.8455
3658 0.845178
3659 0.845892
3660 0.846405
3661 0.846824
3662 0.846954
3663 0.8482
3664 0.849093
3665 0.849505
3667 0.850418
3666 0.850226
3668 0.850657
3669 0.826686
3671 0.826815
3670 0.826827
3673 0.841275
3672 0.823661
3675 0.81991
3674 0.821192
3677 0.820165
3676 0.819871
3679 0.819754
3678 0.820208
3680 0.839786
3681 0.840127
3682 0.840782
3683 0.840245
3685 0.839328
3684 0.840245
3687 0.839727
3686 0.839516
3689 0.839238
3688 0.839888
3691 0.839124
3690 0.817061
3692 0.838665
3693 0.838258
3695 0.815235
3694 0.816117
3697 0.817512
3696 0.816203
3699 0.816117
3698 0.816724
3701 0.816168
3700 0.815784
3702 0.816007
3703 0.815157
3704 0.814573
3705 0.814252
3707 0.814405
3706 0.814205
3708 0.813617
3709 0.813037
3710 0.812049
3711 0.811575
3713 0.814992
3712 0.812002
3714 0.815118
3715 0.815004
3717 0.815388
3716 0.815294
3718 0.81522
3719 0.809439
3721 0.809079
3720 0.809294
3723 0.809255
3722 0.80895
3724 0.80951
3725 0.80864
3727 0.80837
3726 0.808707
3728 0.808142
3729 0.808667
3731 0.809279
3730 0.808021
3733 0.808867
3732 0.808593
3734 0.809271
3735 0.809796
3736 0.809581
3737 0.809271
3738 0.810423
3739 0.810521
3740 0.810427
3741 0.810384
3743 0.810125
3742 0.810317
3745 0.808091
3744 0.807484
3747 0.807809
3746 0.807672
3749 0.807096
3748 0.807594
3751 0.806665
3750 0.807214
3752 0.806567
3753 0.806591
3754 0.827607
3755 0.805956
3757 0.80565
3756 0.827842
3759 0.80507
3758 0.8048
3760 0.804024
3761 0.803232
3763 0.805254
3762 0.805775
3765 0.80226
3764 0.803891
3766 0.797742
3767 0.795395
3768 0.794141
3769 0.788713
3770 0.7886
3771 0.788145
3773 0.788807
3772 0.788247
3774 0.789023
3775 0.789242
3777 0.813103
3776 0.78947
3779 0.81288
3778 0.812951
3781 0.810929
3780 0.813194
3783 0.810768
3782 0.810858
3785 0.810599
3784 0.810686
3786 0.810862
3787 0.810623
3788 0.810721
3789 0.810791
3791 0.810447
3790 0.810678
3792 0.810415
3793 0.810129
3795 0.8121
3794 0.812437
3797 0.812445
3796 0.811908
3799 0.81163
3798 0.811865
3800 0.810803
3801 0.810752
3803 0.809914
3802 0.810454
3804 0.810035
3805 0.809776
3807 0.80902
3806 0.809275
3808 0.814691
3809 0.824691
3810 0.828371
3811 0.838281
3813 0.847933
3812 0.844301
3815 0.888069
3814 0.848231
3817 0.930027
3816 0.902796
3818 0.938123
3819 0.948132
3821 0.94832
3820 0.948163
3823 0.951372
3822 0.948692
3825 0.952501
3824 0.95216
3826 0.953304
3827 0.962553
3829 0.964508
3828 0.964081
3831 0.964998
3830 0.964865
3833 0.971785
3832 0.96526
3834 0.972067
3835 0.972059
3836 0.97202
3837 0.972157
3838 0.972408
3839 0.972177
3841 0.97215
3840 0.9722
3843 0.972028
3842 0.972102
3844 0.968548
3845 0.968548
3847 0.968533
3846 0.96838
3849 0.968525
3848 0.968548
3851 0.968721
3850 0.968501
3853 0.968881
3852 0.968846
3855 0.969065
3854 0.968881
3857 0.96528
3856 0.969179
3858 0.964982
3859 0.964841
3861 0.964379
3860 0.964508
3862 0.964916
3863 0.963979
3864 0.964006
3865 0.964222
3866 0.964136
3867 0.96392
3868 0.964049
3869 0.966389
3871 0.96586
3870 0.966197
3873 0.969755
3872 0.970896
3874 0.969837
3875 0.969763
3877 0.9697
3876 0.969677
3879 0.96972
3878 0.969708
3880 0.9697
3881 0.970108
3882 0.969077
3883 0.969034
3884 0.968971
3885 0.968591
3887 0.964351
3886 0.969187
3888 0.964136
3889 0.96403
3891 0.963763
3890 0.963779
3893 0.963677
3892 0.963826
3894 0.963658
3895 0.963352
3897 0.963477
3896 0.963489
3898 0.963223
3899 0.963293
3900 0.963603
3901 0.963904
3903 0.963912
3902 0.963662
3905 0.962161
3904 0.963728
3907 0.962114
3906 0.962121
3909 0.962223
3908 0.961628
3911 0.957921
3910 0.960785
3913 0.955887
3912 0.95825
3915 0.951698
3914 0.952136
3917 0.948668
3916 0.949068
3918 0.948594
3919 0.947728
3921 0.947861
3920 0.94725
3923 0.94821
3922 0.94861
3924 0.950663
3925 0.950667
3926 0.950032
3927 0.949456
3928 0.949993
3929 0.950126
3931 0.951529
3930 0.950381
3932 0.954656
3933 0.9516
3934 0.957721
3935 0.961886
3937 0.964339
3936 0.964128
3938 0.96432
3939 0.964328
3941 0.96443
3940 0.965327
3942 0.964414
3943 0.964375
3944 0.965088
3945 0.965131
3946 0.96537
3947 0.965315
3948 0.964994
3949 0.964743
3950 0.964974
3951 0.964959
3952 0.964829
3953 0.965013
3955 0.965358
3954 0.96497
3956 0.965358
3957 0.965237
3959 0.965476
3958 0.965464
3961 0.964814
3960 0.965695
3963 0.960546
3962 0.964512
3964 0.965068
3965 0.965586
3967 0.96568
3966 0.965519
3969 0.964857
3968 0.965797
3971 0.964908
3970 0.964708
3973 0.964963
3972 0.965084
3975 0.964727
3974 0.964884
3977 0.964731
3976 0.964437
3979 0.964528
3978 0.96439
3980 0.963693
3981 0.964422
3983 0.963152
3982 0.962674
3984 0.96236
3985 0.962372
3986 0.962795
3987 0.962741
3988 0.96307
3989 0.962807
3991 0.962956
3990 0.962991
3992 0.963195
3993 0.963254
3994 0.964622
3995 0.964814
3997 0.965151
3996 0.963085
3999 0.96296
3998 0.96499
4000 0.958383
4001 0.957278
4003 0.960456
4002 0.956431
4005 0.964547
4004 0.961087
4006 0.964994
4007 0.967161
4008 0.967063
4009 0.967032
4010 0.967098
4011 0.966926
4013 0.966863
4012 0.965017
4014 0.967102
4015 0.967051
4016 0.967157
4017 0.967275
4018 0.96711
4019 0.967204
4021 0.967114
4020 0.96702
4022 0.96722
4023 0.967196
4024 0.966934
4025 0.966926
4026 0.966922
4027 0.966961
4029 0.964747
4028 0.965045
4030 0.964371
4031 0.965064
4033 0.964857
4032 0.965147
4035 0.964735
4034 0.964606
4037 0.964626
4036 0.964818
4039 0.964861
4038 0.964763
4041 0.964653
4040 0.964763
4043 0.952999
4042 0.956804
4044 0.950154
4045 0.947708
4047 0.948919
4046 0.948633
4048 0.953982
4049 0.964896
4051 0.965543
4050 0.965405
4053 0.965868
4052 0.965691
4054 0.965868
4055 0.96539
4056 0.965448
4057 0.965417
4059 0.965511
4058 0.965484
4061 0.965445
4060 0.965225
4063 0.965237
4062 0.965429
4065 0.965484
4064 0.96537
4067 0.96588
4066 0.965813
4068 0.965715
4069 0.963959
4071 0.963865
4070 0.964093
4072 0.963924
4073 0.963759
4075 0.962933
4074 0.963614
4077 0.962968
4076 0.963038
4079 0.964829
4078 0.964539
4080 0.965017
4081 0.964132
4082 0.964265
4083 0.964147
4084 0.964876
4085 0.964833
4086 0.96385
4087 0.964857
4088 0.964959
4089 0.964825
4091 0.964735
4090 0.964696
4093 0.964841
4092 0.964853
4095 0.964434
4094 0.96439
4096 0.96392
4097 0.963716
4098 0.963697
4099 0.96374
4101 0.963744
4100 0.963779
4103 0.961357
4102 0.96372
4105 0.96414
4104 0.960899
4107 0.9641
4106 0.964026
4108 0.964002
4109 0.964167
4111 0.963897
4110 0.964108
4112 0.963908
4113 0.963787
4115 0.96394
4114 0.963771
4117 0.963595
4116 0.963767
4118 0.96354
4119 0.962176
4120 0.962513
4121 0.96269
4123 0.962572
4122 0.962509
4124 0.962737
4125 0.962631
4127 0.961267
4126 0.961831
4129 0.961275
4128 0.9616
4131 0.95966
4130 0.959821
4132 0.960064
4133 0.960041
4135 0.959997
4134 0.959739
4137 0.960193
4136 0.95979
4139 0.960589
4138 0.960534
4140 0.961099
4141 0.961228
4143 0.961122
4142 0.961012
4145 0.960182
4144 0.960558
4146 0.9597
4147 0.959445
4149 0.958591
4148 0.95901
4150 0.957207
4151 0.957474
4152 0.957047
4153 0.956902
4155 0.957521
4154 0.956725
4157 0.956114
4156 0.956247
4159 0.956635
4158 0.956196
4160 0.956725
4161 0.958461
4163 0.958406
4162 0.958414
4165 0.958975
4164 0.958853
4167 0.957772
4166 0.958826
4169 0.955381
4168 0.957787
4171 0.95816
4170 0.955624
4172 0.955397
4173 0.954915
4175 0.954108
4174 0.954484
4177 0.953829
4176 0.953171
4179 0.954335
4178 0.9543
4180 0.954613
4181 0.954982
4183 0.957078
4182 0.956012
4185 0.958128
4184 0.957254
4187 0.959092
4186 0.958955
4188 0.959088
4189 0.958939
4191 0.959394
4190 0.959421
4192 0.959425
4193 0.959312
4194 0.958673
4195 0.958963
4197 0.959813
4196 0.959033
4199 0.958971
4198 0.959155
4201 0.959907
4200 0.958994
4203 0.959441
4202 0.959308
4205 0.958301
4204 0.957987
4206 0.958238
4207 0.95526
4208 0.955322
4209 0.956083
4210 0.956106
4211 0.956106
4213 0.940717
4212 0.939945
4214 0.933836
4215 0.934659
4217 0.934796
4216 0.934671
4218 0.94879
4219 0.949037
4220 0.949687
4221 0.93971
4223 0.946639
4222 0.940106
4225 0.933977
4224 0.950777
4227 0.949499
4226 0.947599
4228 0.937426
4229 0.938276
4230 0.939851
4231 0.941509
4232 0.94259
4233 0.946748
4234 0.950111
4235 0.951944
4236 0.95486
4237 0.9562
4238 0.956902
4239 0.958532
4241 0.959339
4240 0.959696
4242 0.957866
4243 0.956631
4244 0.947363
4245 0.947301
4247 0.947928
4246 0.948037
4249 0.931653
4248 0.934338
4251 0.928945
4250 0.931269
4253 0.925309
4252 0.924337
4255 0.898505
4254 0.906201
4256 0.895448
4257 0.899002
4259 0.89662
4258 0.900021
4261 0.86779
4260 0.867006
4263 0.868781
4262 0.868409
4265 0.855892
4264 0.857487
4267 0.846021
4266 0.856249
4269 0.851801
4268 0.847796
4270 0.859113
4271 0.86621
4273 0.920183
4272 0.917934
4275 0.927664
4274 0.925967
4277 0.927233
4276 0.92195
4279 0.927864
4278 0.926731
4281 0.943139
4280 0.938648
4283 0.927895
4282 0.936203
4285 0.914454
4284 0.926547
4286 0.912248
4287 0.918937
4288 0.924701
4289 0.922699
4290 0.92679
4291 0.92913
4293 0.908345
4292 0.910249
4294 0.890898
4295 0.893046
4297 0.893626
4296 0.89419
4299 0.892415
4298 0.892795
4301 0.89149
4300 0.893598
4303 0.893383
4302 0.894727
4304 0.896114
4305 0.891322
4307 0.89564
4306 0.895276
4308 0.895793
4309 0.898724
4311 0.923733
4310 0.893873
4312 0.922671
4313 0.922095
4315 0.917424
4314 0.924831
4317 0.904473
4316 0.918537
4318 0.881858
4319 0.882477
4321 0.858898
4320 0.878315
4322 0.849532
4323 0.818272
4324 0.812849
4325 0.818249
4327 0.779833
4326 0.815251
4328 0.785167
4329 0.800328
4331 0.786687
4330 0.796233
4332 0.785374
4333 0.786291
4335 0.789062
4334 0.777913
4337 0.780931
4336 0.780554
4338 0.78037
4339 0.78287
4341 0.777819
4340 0.781538
4342 0.774375
4343 0.774226
4345 0.779963
4344 0.776679
4346 0.780382
4347 0.776816
4349 0.777905
4348 0.776941
4351 0.780296
4350 0.778035
4352 0.781836
4353 0.789477
4354 0.791217
4355 0.790602
4357 0.781942
4356 0.785806
4359 0.775527
4358 0.78088
4361 0.772795
4360 0.773599
4362 0.770957
4363 0.773015
4365 0.758445
4364 0.768928
4367 0.750176
4366 0.750243
4368 0.747661
4369 0.745897
4370 0.742586
4371 0.750882
4372 0.73967
4373 0.739623
4374 0.736273
4375 0.731143
4377 0.717811
4376 0.718235
4378 0.70562
4379 0.701196
4381 0.718023
4380 0.699056
4383 0.718967
4382 0.719191
4384 0.728122
4385 0.727992
4387 0.737029
4386 0.740709
4389 0.737056
4388 0.740948
4391 0.73804
4390 0.769903
4393 0.758551
4392 0.767756
4394 0.747915
4395 0.701607
4397 0.729662
4396 0.733349
4399 0.717141
4398 0.690067
4401 0.707231
4400 0.716009
4402 0.713466
4403 0.708779
4405 0.683483
4404 0.698954
4407 0.676618
4406 0.673851
4408 0.667405
4409 0.669799
4411 0.668827
4410 0.668036
4413 0.668843
4412 0.666311
4414 0.655272
4415 0.655645
4417 0.667663
4416 0.659571
4419 0.670802
4418 0.670677
4421 0.68047
4420 0.67891
4422 0.683436
4423 0.715158
4425 0.717455
4424 0.717357
4426 0.716134
4427 0.716702
4429 0.709711
4428 0.713156
4431 0.694099
4430 0.701862
4433 0.704249
4432 0.695729
4435 0.672828
4434 0.673157
4436 0.672813
4437 0.652992
4438 0.651444
4439 0.647552
4440 0.643747
4441 0.632489
4443 0.636368
4442 0.631893
4445 0.632109
4444 0.628492
4447 0.650981
4446 0.643375
4449 0.65046
4448 0.657914
4450 0.657102
4451 0.661429
4452 0.674541
4453 0.661593
4455 0.656076
4454 0.667326
4456 0.651056
4457 0.652988
4458 0.653591
4459 0.654383
4461 0.641941
4460 0.652055
4462 0.637611
4463 0.630572
4464 0.62946
4465 0.632849
4466 0.637767
4467 0.664254
4469 0.644907
4468 0.65999
4471 0.664505
4470 0.657518
4473 0.661915
4472 0.661746
4474 0.672252
4475 0.670406
4477 0.679161
4476 0.675646
4479 0.643904
4478 0.67054
4481 0.669846
4480 0.649026
4482 0.61933
4483 0.618119
4484 0.619729
4485 0.638888
4486 0.60688
4487 0.606946
4489 0.601672
4488 0.603102
4490 0.601201
4491 0.614176
4492 0.610556
4493 0.587243
4494 0.57734
4495 0.597628
4497 0.604948
4496 0.600386
4499 0.612668
4498 0.607573
4501 0.613886
4500 0.604423
4502 0.618044
4503 0.635048
4505 0.649751
4504 0.647211
4507 0.677644
4506 0.667287
4509 0.719685
4508 0.682029
4510 0.739176
4511 0.743518
4513 0.75879
4512 0.755749
4515 0.777333
4514 0.763837
4517 0.791311
4516 0.792475
4518 0.792699
4519 0.841459
4521 0.843819
4520 0.843333
4523 0.844042
4522 0.79882
4525 0.869522
4524 0.822391
4527 0.863502
4526 0.86199
4528 0.876434
4529 0.882399
4530 0.906542
4531 0.918909
4533 0.911017
4532 0.917891
4535 0.909983
4534 0.911382
4537 0.903556
4536 0.903321
4538 0.903842
4539 0.889731
4540 0.888974
4541 0.885628
4543 0.893931
4542 0.90278
4545 0.870893
4544 0.882532
4547 0.884272
4546 0.875219
4548 0.882834
4549 0.874671
4550 0.868577
4551 0.864321
4553 0.871653
4552 0.869134
4554 0.870247
4555 0.866963
4557 0.817982
4556 0.865979
4558 0.800473
4559 0.814714
4560 0.79119
4561 0.821627
4562 0.822524
4563 0.792205
4564 0.763821
4565 0.757269
4566 0.766306
4567 0.793572
4568 0.752978
4569 0.742221
4571 0.722686
4570 0.720363
4573 0.728196
4572 0.724391
4575 0.736841
4574 0.731762
4577 0.73023
4576 0.734568
4579 0.722181
4578 0.728318
4581 0.712231
4580 0.718051
4583 0.662573
4582 0.670618
4585 0.654959
4584 0.655982
4587 0.645311
4586 0.644888
4589 0.639621
4588 0.635424
4591 0.688762
4590 0.644656
4592 0.693762
4593 0.689792
4595 0.713869
4594 0.685588
4597 0.710041
4596 0.712474
4599 0.711169
4598 0.707482
4601 0.708849
4600 0.710099
4603 0.688727
4602 0.694468
4605 0.702172
4604 0.69174
4606 0.70044
4607 0.662683
4609 0.648019
4608 0.646573
4611 0.669192
4610 0.6574
4612 0.662663
4613 0.662718
4615 0.657365
4614 0.660229
4616 0.65604
4617 0.641337
4618 0.632587
4619 0.621889
4621 0.594308
4620 0.61554
4623 0.55614
4622 0.589191
4625 0.543835
4624 0.548075
4627 0.537757
4626 0.542558
4629 0.531471
4628 0.535935
4630 0.5085
4631 0.533102
4632 0.53367
4633 0.491379
4634 0.492699
4635 0.503876
4637 0.506039
4636 0.506815
4638 0.565819
4639 0.576474
4641 0.58767
4640 0.585507
4643 0.585052
4642 0.590809
4645 0.58104
4644 0.549411
4646 0.582501
4647 0.590061
4649 0.57959
4648 0.587094
4650 0.601162
4651 0.590111
4653 0.60454
4652 0.603094
4655 0.605704
4654 0.600175
4656 0.608945
4657 0.605688
4659 0.581079
4658 0.601574
4660 0.569942
4661 0.581181
4663 0.564542
4662 0.563542
4664 0.572367
4665 0.56518
4667 0.567492
4666 0.567097
4668 0.572058
4669 0.530507
4671 0.546849
4670 0.532396
4672 0.549368
4673 0.547088
4674 0.538584
4675 0.485293
4677 0.467937
4676 0.473662
4678 0.463093
4679 0.449676
4681 0.430246
4680 0.441227
4683 0.427374
4682 0.428103
4685 0.39294
4684 0.413819
4686 0.397772
4687 0.400221
4689 0.397059
4688 0.397827
4690 0.397364
4691 0.39729
4693 0.39171
4692 0.401616
4695 0.365387
4694 0.364517
4697 0.377912
4696 0.379197
4699 0.390561
4698 0.385236
4701 0.382305
4700 0.391474
4703 0.389319
4702 0.392709
4705 0.390808
4704 0.414027
4706 0.392607
4707 0.393289
4709 0.425317
4708 0.40941
4710 0.433182
4711 0.439107
4713 0.464861
4712 0.443084
4715 0.455522
4714 0.46452
4716 0.48813
4717 0.496724
4718 0.494208
4719 0.515628
4721 0.527149
4720 0.515056
4722 0.519907
4723 0.530954
4725 0.538184
4724 0.53644
4727 0.549897
4726 0.552515
4729 0.536005
4728 0.552695
4731 0.533207
4730 0.534019
4732 0.542013
4733 0.539971
4735 0.522466
4734 0.533301
4736 0.52171
4737 0.518073
4738 0.514421
4739 0.51464
4740 0.512744
4741 0.534026
4743 0.495368
4742 0.50415
4744 0.485787
4745 0.482534
4747 0.459931
4746 0.477808
4748 0.457587
4749 0.446874
4750 0.445196
4751 0.438088
4753 0.410277
4752 0.430587
4755 0.421978
4754 0.410249
4757 0.399128
4756 0.405143
4758 0.382982
4759 0.367229
4760 0.364223
4761 0.351339
4762 0.34296
4763 0.339653
4765 0.316278
4764 0.327575
4767 0.299494
4766 0.311716
4768 0.290195
4769 0.260827
4771 0.25598
4770 0.269668
4772 0.252512
4773 0.244518
4775 0.233169
4774 0.23505
4777 0.201866
4776 0.213289
4779 0.192391
4778 0.196701
4781 0.178632
4780 0.182954
4783 0.155366
4782 0.161558
4785 0.14457
4784 0.151902
4787 0.131858
4786 0.136192
4788 0.122708
4789 0.114545
4791 0.10126
4790 0.109544
4793 0.0895942
4792 0.093701
4794 0.0771287
4795 0.0713093
4797 0.0640949
4796 0.0686759
4799 0.0589104
4798 0.0605289
4800 0.0551759
4801 0.0521741
4803 0.0501873
4802 0.0503284
4805 0.0508104
4804 0.0504734
4807 0.0510808
4806 0.0509162
4808 0.0511709
4809 0.0512023
4811 0.0512336
4810 0.0512179
4812 0.050783
4813 0.0507399
4815 0.0508692
4814 0.0508809
4816 0.0507947
4817 0.0508065
4819 0.0504734
4818 0.0508143
4820 0.0508613
4821 0.0507712
4822 0.050924
4823 0.0510808
4824 0.0509789
4825 0.0510965
4827 0.0510573
4826 0.0511905
4829 0.0512336
4828 0.0510769
4831 0.0514374
4830 0.0512023
4833 0.0523191
4832 0.0515001
4835 0.0528991
4834 0.0525856
4837 0.0529892
4836 0.0525072
4838 0.0532047
4839 0.0534869
4841 0.0534987
4840 0.0536045
4843 0.0538553
4842 0.0535535
4845 0.0541413
4844 0.0540081
4847 0.0541257
4846 0.0540042
4849 0.0544979
4848 0.0543333
4850 0.0545214
4851 0.0543451
4853 0.0545567
4852 0.0544235
4855 0.0551759
4854 0.055074
4856 0.0552425
4857 0.0551288
4859 0.0525346
4858 0.0527463
4860 0.0528285
4861 0.053095
4863 0.0535614
4862 0.0532831
4864 0.0533458
4865 0.052758
4866 0.0527384
4867 0.0527267
4868 0.0524602
4869 0.0528952
4870 0.0525307
4871 0.0526404
4872 0.0520761
4873 0.0519547
4875 0.0518763
4874 0.0517626
4877 0.052037
4876 0.0519312
4879 0.0522133
4878 0.0522015
4881 0.0522525
4880 0.052182
4882 0.0521428
4883 0.0508653
4884 0.0510925
4885 0.0510886
4886 0.0511278
4887 0.0513002
4888 0.0511592
4889 0.051214
4890 0.0513629
4891 0.0512415
4892 0.0513786
4893 0.051359
4895 0.0515902
4894 0.0516921
4897 0.0508849
4896 0.0511788
4899 0.0515393
4898 0.0511004
4900 0.0518214
4901 0.0518802
4903 0.0521545
4902 0.051892
4904 0.0530833
4905 0.0535927
4907 0.053432
4906 0.0539297
4909 0.0541727
4908 0.0540355
4910 0.0537259
4911 0.0528756
4912 0.0526091
4913 0.0519899
4914 0.051504
4915 0.0513786
4917 0.0604035
4916 0.0529187
4918 0.0642125
4919 0.0721401
4920 0.0771678
4921 0.0814824
4922 0.0860751
4923 0.0874193
4925 0.0922785
4924 0.0893238
4927 0.1036
4926 0.0984349
4928 0.113906
4929 0.124252
4930 0.129679
4931 0.139256
4932 0.147247
4933 0.147595
4934 0.151404
4935 0.154265
4936 0.156914
4937 0.159367
4939 0.162796
4938 0.161726
4941 0.164665
4940 0.163952
4943 0.169489
4942 0.165998
4945 0.173585
4944 0.17302
4947 0.184142
4946 0.179478
4949 0.186814
4948 0.187065
4951 0.182719
4950 0.183428
4953 0.174255
4952 0.179271
4955 0.168847
4954 0.17295
4956 0.164493
4957 0.164383
4959 0.158364
4958 0.160406
4960 0.157098
4961 0.153862
4963 0.151024
4962 0.151914
4965 0.13819
4964 0.146059
4967 0.134158
4966 0.135385
4968 0.133523
4969 0.133249
4971 0.1362
4970 0.134342
4973 0.142407
4972 0.138014
4975 0.150292
4974 0.14689
4977 0.161056
4976 0.156734
4978 0.161946
4979 0.163694
4981 0.16347
4980 0.163737
4983 0.157471
4982 0.162205
4984 0.158153
4985 0.158881
4986 0.162248
4987 0.163137
4989 0.1661
4988 0.164744
4990 0.167538
4991 0.170602
4993 0.173871
4992 0.172601
4995 0.177131
4994 0.174913
4996 0.178232
4997 0.181649
4999 0.184416
4998 0.1825
5000 0.185921
5001 0.185909
5003 0.181618
5002 0.185074
5005 0.175842
5004 0.177456
5006 0.168294
5007 0.165841
5008 0.162306
5009 0.163012
5010 0.161585
5011 0.159195
5013 0.14758
5012 0.152913
5014 0.144539
5015 0.1327
5017 0.121371
5016 0.124295
5018 0.112683
5019 0.106018
5020 0.10282
5021 0.098137
5022 0.0931916
5023 0.0920356
5025 0.085358
5024 0.0888888
5026 0.0833046
5027 0.0801187
5029 0.0753143
5028 0.0770229
5030 0.0726339
5031 0.0702003
5033 0.0659642
5032 0.0689267
5034 0.0673396
5035 0.0675669
5037 0.0689659
5036 0.0683272
5039 0.0704119
5038 0.0695968
5040 0.0708743
5041 0.0708665
5043 0.0720656
5042 0.0715288
5045 0.0727005
5044 0.0719638
5047 0.0762705
5046 0.0751262
5049 0.0935913
5048 0.0825875
5050 0.0963383
5051 0.102636
5052 0.108737
5053 0.113937
5054 0.122872
5055 0.131807
5057 0.145397
5056 0.136682
5058 0.150358
5059 0.160825
5060 0.171041
5061 0.181935
5063 0.211483
5062 0.197524
5065 0.222467
5064 0.2232
5066 0.234748
5067 0.233157
5068 0.233745
5069 0.2423
5070 0.250161
5071 0.256254
5072 0.267846
5073 0.287154
5075 0.303844
5074 0.29715
5076 0.312171
5077 0.319205
5078 0.325863
5079 0.327842
5081 0.332043
5080 0.328775
5083 0.328061
5082 0.344689
5085 0.338626
5084 0.343105
5087 0.33794
5086 0.3393
5088 0.331145
5089 0.330895
5091 0.310584
5090 0.326478
5092 0.306841
5093 0.303307
5095 0.297311
5094 0.299215
5097 0.294533
5096 0.298244
5099 0.275644
5098 0.287965
5100 0.266902
5101 0.261498
5103 0.233075
5102 0.246583
5104 0.230685
5105 0.22146
5106 0.217925
5107 0.210597
5109 0.175097
5108 0.199127
5110 0.189056
5111 0.179964
5112 0.159896
5113 0.159132
5114 0.151949
5115 0.149226
5116 0.146204
5117 0.13522
5118 0.124502
5119 0.120936
5121 0.105634
5120 0.112143
5123 0.0950295
5122 0.102894
5124 0.084876
5125 0.0816705
5126 0.0744796
5127 0.0687034
5129 0.0594355
5128 0.0653842
5130 0.0534751
5131 0.0529148
5132 0.0528677
5133 0.0520918
5134 0.0523152
5135 0.0525817
5136 0.0529461
5137 0.0527737
5138 0.0530206
5139 0.0531068
5140 0.0530206
5141 0.0531852
5142 0.0530989
5143 0.0532047
5144 0.0532596
5145 0.0532831
5147 0.0533654
5146 0.0533811
5148 0.0533733
5149 0.0533733
5150 0.0534124
5151 0.0533811
5153 0.0534908
5152 0.0535418
5155 0.0536476
5154 0.0535809
5157 0.0537495
5156 0.0537808
5158 0.0514296
5159 0.0518332
5161 0.0521467
5160 0.0518763
5162 0.0523779
5163 0.0524328
5165 0.0525346
5164 0.0524092
5166 0.0525542
5167 0.0525973
5169 0.0528207
5168 0.0526796
5171 0.0532204
5170 0.0531342
5172 0.0532243
5173 0.0532204
5175 0.0533615
5174 0.0532283
5176 0.053287
5177 0.0535026
5179 0.0536241
5178 0.0534477
5181 0.0533968
5180 0.0535574
5182 0.0534007
5183 0.0508496
5185 0.0511905
5184 0.0512258
5187 0.0513629
5186 0.0511121
5188 0.0514452
5189 0.0514766
5191 0.0518998
5190 0.0517117
5193 0.0519233
5192 0.0519194
5195 0.0518058
5194 0.0512689
5197 0.0521624
5196 0.0520801
5199 0.0523936
5198 0.0520605
5201 0.0524563
5200 0.0525072
5203 0.0527423
5202 0.0525503
5205 0.0526013
5204 0.0526404
5207 0.0527502
5206 0.0528246
5209 0.0528364
5208 0.0528873
5211 0.0528403
5210 0.0528756
5212 0.0528795
5213 0.0529265
5215 0.0530833
5214 0.0530245
5217 0.0530206
5216 0.053001
5219 0.0514805
5218 0.0530519
5221 0.0517117
5220 0.0515471
5223 0.0516843
5222 0.0515981
5224 0.0518606
5225 0.0518724
5227 0.0518998
5226 0.0518332
5229 0.0521114
5228 0.0519507
5231 0.052856
5230 0.0526522
5233 0.0529931
5232 0.0528912
5235 0.0530911
5234 0.0530362
5237 0.0530989
5236 0.0530754
5239 0.053001
5238 0.053146
5241 0.052903
5240 0.0529814
5242 0.0529344
5243 0.0529344
5245 0.0522956
5244 0.051747
5246 0.052374
5247 0.0523113
5249 0.052131
5248 0.0521428
5250 0.0521937
5251 0.052566
5253 0.05266
5252 0.0525464
5255 0.0527149
5254 0.0526287
5256 0.0528246
5257 0.0533262
5259 0.0648944
5258 0.0568609
5260 0.0727985
5261 0.0766937
5262 0.0849348
5263 0.0919493
5265 0.0991246
5264 0.0937911
5267 0.104866
5266 0.103263
5269 0.108921
5268 0.107859
5271 0.111653
5270 0.110364
5272 0.11351
5273 0.114968
5275 0.11775
5274 0.116304
5277 0.119784
5276 0.118432
5278 0.120591
5279 0.121211
5281 0.122711
5280 0.122237
5282 0.123342
5283 0.124024
5284 0.124189
5285 0.124651
5287 0.126787
5286 0.125411
5289 0.131889
5288 0.12839
5291 0.142905
5290 0.139989
5292 0.151326
5293 0.15972
5295 0.168608
5294 0.159058
5297 0.183131
5296 0.177656
5299 0.196944
5298 0.191156
5301 0.202956
5300 0.199303
5302 0.209276
5303 0.210793
5305 0.218705
5304 0.214923
5307 0.224195
5306 0.220398
5308 0.225676
5309 0.225723
5311 0.229258
5310 0.227887
5313 0.230943
5312 0.230007
5314 0.232675
5315 0.232699
5316 0.231025
5317 0.232863
5319 0.230348
5318 0.231911
5321 0.228858
5320 0.229987
5323 0.226699
5322 0.227898
5325 0.226045
5324 0.226872
5327 0.224093
5326 0.224505
5329 0.225676
5328 0.222851
5331 0.230931
5330 0.227988
5332 0.234443
5333 0.236363
5334 0.237166
5335 0.244788
5337 0.253676
5336 0.246986
5338 0.259186
5339 0.259863
5340 0.261094
5341 0.258449
5343 0.260169
5342 0.25955
5345 0.262407
5344 0.260918
5347 0.266259
5346 0.264766
5349 0.268218
5348 0.267192
5351 0.27026
5350 0.269084
5352 0.274233
5353 0.278717
5355 0.290747
5354 0.281456
5357 0.301128
5356 0.298479
5358 0.307688
5359 0.313989
5361 0.326102
5360 0.318163
5362 0.328014
5363 0.329574
5365 0.336056
5364 0.333128
5367 0.335883
5366 0.337239
5368 0.337698
5369 0.331138
5371 0.334386
5370 0.332513
5373 0.334515
5372 0.334535
5375 0.336859
5374 0.336255
5376 0.338152
5377 0.340746
5379 0.342521
5378 0.340676
5380 0.343395
5381 0.344861
5383 0.348306
5382 0.347439
5384 0.349144
5385 0.351233
5386 0.353749
5387 0.354336
5389 0.362523
5388 0.357205
5391 0.369004
5390 0.364725
5393 0.372026
5392 0.371144
5395 0.376289
5394 0.373464
5397 0.378856
5396 0.377876
5399 0.3771
5398 0.376799
5401 0.38038
5400 0.378119
5402 0.381054
5403 0.379945
5405 0.381172
5404 0.380169
5406 0.384146
5407 0.38533
5409 0.387806
5408 0.386784
5411 0.390432
5410 0.39113
5413 0.39189
5412 0.391188
5415 0.393132
5414 0.392054
5417 0.396561
5416 0.394543
5419 0.405155
5418 0.399962
5421 0.414709
5420 0.408807
5423 0.422816
5422 0.419936
5425 0.429741
5424 0.424451
5427 0.434584
5426 0.431152
5429 0.435121
5428 0.437429
5431 0.444009
5430 0.440337
5433 0.454923
5432 0.448496
5434 0.455432
5435 0.45542
5437 0.468329
5436 0.46122
5438 0.470496
5439 0.473905
5441 0.482393
5440 0.480971
5442 0.490481
5443 0.49643
5445 0.497676
5444 0.490093
5446 0.504687
5447 0.510295
5449 0.516588
5448 0.515169
5451 0.519511
5450 0.517317
5453 0.526295
5452 0.526981
5455 0.527952
5454 0.522956
5457 0.522082
5456 0.528035
5458 0.522047
5459 0.5222
5461 0.533572
5460 0.522552
5463 0.532432
5462 0.534606
5464 0.532647
5465 0.538525
5467 0.552648
5466 0.53753
5469 0.541813
5468 0.536942
5471 0.529876
5470 0.540453
5473 0.52546
5472 0.527882
5474 0.525915
5475 0.52653
5477 0.551575
5476 0.525805
5478 0.551038
5479 0.553648
5481 0.555435
5480 0.556406
5482 0.561195
5483 0.561187
5485 0.567046
5484 0.565416
5487 0.579527
5486 0.575616
5489 0.582309
5488 0.583187
5490 0.585432
5491 0.588168
5493 0.587149
5492 0.58863
5494 0.591938
5495 0.59309
5497 0.59483
5496 0.594312
5499 0.611096
5498 0.599806
5501 0.616441
5500 0.616151
5503 0.62141
5502 0.619608
5505 0.626054
5504 0.622774
5507 0.63475
5506 0.633943
5508 0.638469
5509 0.640557
5511 0.654931
5510 0.65142
5513 0.655833
5512 0.655735
5515 0.654249
5514 0.655366
5517 0.644076
5516 0.644178
5519 0.662867
5518 0.65383
5521 0.670971
5520 0.664697
5523 0.675258
5522 0.672276
5525 0.6788
5524 0.677213
5527 0.700738
5526 0.679851
5529 0.701956
5528 0.695106
5531 0.710229
5530 0.706984
5533 0.69366
5532 0.692304
5535 0.698676
5534 0.696909
5537 0.706976
5536 0.704539
5539 0.718282
5538 0.713822
5541 0.722992
5540 0.714853
5543 0.722134
5542 0.72552
5545 0.735062
5544 0.741496
5547 0.747841
5546 0.737166
5549 0.753868
5548 0.749412
5551 0.780257
5550 0.75607
5552 0.780151
5553 0.779449
5555 0.781342
5554 0.779814
5557 0.779822
5556 0.780813
5559 0.77651
5558 0.779822
5561 0.778767
5560 0.778603
5563 0.792048
5562 0.77747
5565 0.793145
5564 0.792859
5567 0.793467
5566 0.793537
5568 0.79322
5569 0.799023
5571 0.8013
5570 0.799623
5572 0.800885
5573 0.800924
5575 0.809694
5574 0.809577
5577 0.798929
5576 0.80808
5578 0.795489
5579 0.796022
5580 0.795932
5581 0.793612
5582 0.792644
5583 0.790343
5585 0.788866
5584 0.789544
5586 0.793623
5587 0.793169
5589 0.794415
5588 0.794623
5590 0.794442
5591 0.77814
5593 0.795453
5592 0.77912
5594 0.785982
5595 0.786154
5597 0.783979
5596 0.78519
5599 0.783247
5598 0.784109
5601 0.782725
5600 0.782792
5603 0.782439
5602 0.782592
5605 0.782157
5604 0.781805
5606 0.782514
5607 0.785155
5608 0.786789
5609 0.787608
5610 0.785998
5611 0.785888
5613 0.785755
5612 0.785813
5615 0.785461
5614 0.785304
5617 0.786001
5616 0.785566
5619 0.785872
5618 0.785774
5621 0.78615
5620 0.785296
5623 0.784026
5622 0.785112
5624 0.778376
5625 0.784763
5627 0.78425
5626 0.784446
5629 0.784936
5628 0.784618
5631 0.785904
5630 0.785108
5633 0.786989
5632 0.786135
5634 0.788807
5635 0.789458
5637 0.788396
5636 0.789583
5639 0.789462
5638 0.789038
5640 0.788192
5641 0.788796
5643 0.79244
5642 0.792965
5644 0.834641
5645 0.83479
5647 0.840409
5646 0.836428
5649 0.84539
5648 0.839575
5651 0.844751
5650 0.846452
5652 0.856276
5653 0.858839
5655 0.91559
5654 0.862875
5656 0.915175
5657 0.914003
5658 0.912757
5659 0.912177
5661 0.911793
5660 0.911981
5662 0.911045
5663 0.911965
5665 0.889668
5664 0.911558
5667 0.906805
5666 0.911977
5669 0.892329
5668 0.911726
5671 0.88736
5670 0.888202
5673 0.88618
5672 0.885588
5675 0.884621
5674 0.884632
5677 0.890354
5676 0.888038
5678 0.882457
5679 0.895859
5681 0.896929
5680 0.897497
5683 0.892219
5682 0.893124
5684 0.891228
5685 0.889942
5686 0.890965
5687 0.891114
5689 0.89263
5688 0.898027
5690 0.898042
5691 0.894355
5692 0.898011
5693 0.897372
5695 0.91175
5694 0.911687
5696 0.910539
5697 0.907185
5698 0.910159
5699 0.909724
5701 0.912009
5700 0.912734
5703 0.912835
5702 0.912353
5704 0.912569
5705 0.912749
5707 0.912585
5706 0.912557
5709 0.911762
5708 0.912506
5710 0.911209
5711 0.911045
5712 0.910951
5713 0.910911
5715 0.910621
5714 0.911013
5717 0.910457
5716 0.910496
5719 0.910708
5718 0.910606
5721 0.910782
5720 0.910747
5722 0.910907
5723 0.910743
5725 0.910845
5724 0.911009
5727 0.911413
5726 0.910892
5729 0.911241
5728 0.911307
5731 0.910825
5730 0.91128
5733 0.910641
5732 0.910684
5735 0.910829
5734 0.910723

