15 0.125443
16 0.131689
21 0.14401
16 0.148301
22 0.152921
20 0.118369
19 0.116042
20 0.150942
18 0.118193
17 0.149151
18 0.148516
22 0.145209
18 0.136713
21 0.119392
23 0.145091
16 0.125988
17 0.131501
20 0.141517
22 0.1198
19 0.14999
17 0.120682
19 0.136047
23 0.152129
21 0.152952
26 0.154841
25 0.155257
30 0.165085
29 0.162914
27 0.159207
31 0.168279
24 0.1549
28 0.161679
36 0.172566
33 0.170105
37 0.17496
38 0.174862
35 0.171833
39 0.174901
34 0.17112
32 0.169356
40 0.176865
41 0.17746
46 0.179314
43 0.178867
47 0.179161
42 0.177895
45 0.177245
44 0.176398
48 0.178589
49 0.17951
55 0.185219
52 0.180505
50 0.180924
54 0.184679
51 0.179713
53 0.181779
56 0.185513
62 0.189232
58 0.189236
63 0.18973
59 0.189522
57 0.187136
61 0.189408
60 0.189052
64 0.188707
67 0.184177
69 0.180619
66 0.186074
70 0.182872
65 0.188476
71 0.184189
68 0.184169
74 0.188817
75 0.190329
79 0.194154
72 0.185874
77 0.191948
73 0.188076
78 0.191415
76 0.191176
80 0.195647
81 0.202591
87 0.21925
83 0.205373
85 0.212815
84 0.207803
82 0.203535
86 0.214896
88 0.223341
90 0.234074
89 0.228459
91 0.235932
95 0.235783
92 0.235532
94 0.234556
93 0.240336
96 0.23784
97 0.242041
98 0.242311
103 0.246434
102 0.247069
99 0.246105
100 0.246665
101 0.246375
104 0.246485
106 0.244
105 0.244357
108 0.242292
110 0.24674
107 0.242582
111 0.249643
109 0.244674
112 0.252829
119 0.261976
114 0.257179
118 0.262097
113 0.254311
116 0.261023
115 0.260463
117 0.260972
120 0.264648
121 0.266251
127 0.273477
126 0.268716
122 0.267654
124 0.267869
125 0.271541
123 0.268982
131 0.279398
129 0.275781
128 0.271283
130 0.27814
132 0.281146
133 0.283348
135 0.286452
134 0.284795
136 0.287095
140 0.294674
137 0.289336
143 0.296739
142 0.294932
141 0.294199
139 0.293106
138 0.291546
144 0.288913
145 0.288
149 0.287632
147 0.288666
151 0.282087
146 0.288631
150 0.28735
148 0.287785
152 0.283051
158 0.277419
159 0.274915
153 0.286025
155 0.280633
154 0.284132
157 0.278043
156 0.279085
162 0.273458
160 0.274998
161 0.274296
163 0.272545
164 0.272772
166 0.271616
165 0.275476
167 0.275299
169 0.268551
168 0.276922
173 0.266592
170 0.268277
174 0.267286
175 0.267227
172 0.267192
171 0.267987
178 0.267458
183 0.27133
176 0.269398
181 0.271972
180 0.272302
177 0.268167
182 0.271773
179 0.26765
184 0.270828
186 0.269986
191 0.271193
188 0.269845
190 0.270989
185 0.270883
189 0.269617
187 0.268324
192 0.271004
199 0.271408
195 0.268716
193 0.270785
198 0.269476
196 0.269355
197 0.269884
194 0.267188
203 0.270475
200 0.272133
206 0.268128
202 0.270585
207 0.268289
201 0.27111
205 0.268473
204 0.270287
211 0.268712
209 0.268156
208 0.268261
214 0.26792
210 0.268822
212 0.268724
213 0.26774
215 0.267944
216 0.267286
217 0.267262
219 218 0.2673480.267599

221 0.268324
220 0.268007
223 0.268951
222 0.268579
224 0.269002
225 0.269104
226 0.269127
229 0.269809
231 0.270597
227 0.269131
228 0.269014
230 0.270193
232 0.27142
233 0.271557
234 0.271761
235 0.271424
238 0.269782
236 0.271165
237 0.27037
239 0.2687
240 0.269104
241 0.272125
242 0.271753
246 0.269022
243 0.271847
245 0.267529
244 0.265898
247 0.268355
248 0.267466
249 0.26716
254 0.267529
253 0.267493
252 0.267979
255 0.268567
250 0.268551
251 0.268618
261 0.268355
256 0.268928
259 0.26939
263 0.2695
258 0.269233
260 0.269386
262 0.268861
257 0.268994
264 0.270291
265 0.269899
266 0.270182
269 0.265992
271 0.264891
268 0.270687
270 0.266521
267 0.269958
274 0.266208
279 0.266463
277 0.264789
273 0.266835
278 0.26495
276 0.264636
275 0.265847
272 0.265491
281 0.268743
283 0.273238
282 0.271377
285 0.277372
287 0.277717
284 0.274915
286 0.277925
280 0.267873
288 0.278967
295 0.271522
289 0.279179
292 0.277392
290 0.278999
293 0.276804
291 0.278532
294 0.272494
297 0.270264
296 0.271867
300 0.266533
299 0.268042
298 0.268348
302 0.263038
303 0.261933
301 0.264582
306 0.261631
308 0.262074
310 0.265064
304 0.262642
307 0.26227
305 0.26263
311 0.264997
309 0.262654
315 0.267266
312 0.265589
316 0.267246
318 0.267521
314 0.267462
319 0.264205
317 0.26736
313 0.266478
320 0.264076
321 0.26439
323 0.265162
327 0.26522
324 0.265471
326 0.265687
325 0.265761
322 0.264691
329 0.265491
328 0.26544
334 0.267658
332 0.26734
330 0.267317
331 0.26734
333 0.267748
335 0.267626
336 0.267713
338 0.267834
339 0.268257
337 0.267532
342 0.268692
340 0.268622
343 0.269092
341 0.268069
345 0.267995
344 0.266521
347 0.270722
348 0.271914
350 0.273877
349 0.274183
351 0.274124
346 0.269594
352 0.274888
357 0.274273
355 0.274661
358 0.274692
359 0.274884
353 0.27459
356 0.274759
354 0.274245
360 0.275005
361 0.274849
362 0.274759
363 0.274884
366 0.274692
364 0.274806
365 0.274692
367 0.274218
368 0.274014
369 0.271149
370 0.272192
371 0.272352
373 0.271596
375 0.27182
372 0.272403
374 0.27238
376 0.271526
377 0.271196
379 0.270824
378 0.270891
382 0.270718
381 0.271122
383 0.271416
380 0.271216
386 0.274904
384 0.27278
387 0.276385
389 0.278846
391 0.284175
388 0.276871
385 0.2741
390 0.280605
393 0.287636
392 0.285465
394 0.285108
395 0.28586
399 0.288913
398 0.28838
396 0.287283
397 0.288188
402 0.291586
400 0.29032
401 0.290684
407 0.296453
406 0.294627
404 0.291723
405 0.292902
403 0.292221
408 0.303126
411 0.317857
409 0.310682
414 0.324632
410 0.313107
415 0.327705
413 0.324997
412 0.319381
417 0.340296
416 0.330456
423 0.358463
422 0.351299
419 0.337666
418 0.344826
420 0.344857
421 0.348043
424 0.365658
426 0.378809
425 0.37444
427 0.387254
430 0.402948
428 0.390695
431 0.405817
429 0.396729
432 0.411699
434 0.416088
437 0.421852
433 0.414117
435 0.418275
439 0.424596
438 0.422801
436 0.421022
441 0.427613
442 0.416664
440 0.425407
446 0.432829
443 0.418059
445 0.432715
447 0.435043
444 0.415579
449 0.41916
450 0.421272
448 0.418185
452 0.446874
453 0.447109
455 0.42565
454 0.425415
451 0.445377
456 0.428024
458 0.431489
457 0.430074
463 459 0.4337030.439585

460 0.435752
461 0.435623
462 0.43884
466 0.443241
465 0.441838
468 0.444158
467 0.443543
469 0.445486
470 0.446039
471 0.446674
464 0.439792
472 0.447407
477 0.450914
476 0.450005
475 0.449503
473 0.447845
474 0.449973
479 0.453477
478 0.452274
482 0.45506
480 0.454911
483 0.455942
486 0.45745
484 0.456608
481 0.455895
487 0.457301
485 0.45687
489 0.457533
490 0.457811
488 0.457862
493 0.45939
491 0.458642
495 0.457235
494 0.456667
492 0.459327
497 0.457176
498 0.457466
500 0.458563
496 0.457399
499 0.457736
501 0.460805
502 503 0.46501
0.467682
504 0.472581
506 0.480786
507 0.485998
511 0.507097
505 0.477867
509 0.492707
508 0.490603
510 0.503186
514 0.50703
518 0.517047
513 0.504213
515 0.508519
516 5120.512172
 519 0.5427650.508966

517 0.515009
523 0.553793
527 0.559439
522 0.551202
524 0.555
520 0.545406
525 0.557304
521 0.548267
526 0.558562
534 0.580193
535 0.578951
528 0.560184
531 0.584747
532 0.583093
530 0.586573
533 0.58256
529 0.587145
540 0.574585
543 0.57319
539 0.576059
536 0.578277
537 0.576999
541 0.57426
542 0.574248
538 0.576725
544 0.567594
545 0.568268
551 0.564828
548 0.567594
546 0.56772
549 0.566673
550 0.56529
547 0.567916
552 0.564444
553 0.572414
555 0.572559
557 0.572121
559 0.571831
554 0.572077
558 0.571901
556 0.572285
560 0.569005
561 0.562958
564 0.561132
566 0.564792
567 0.559357
565 0.560211
562 0.562265
563 0.561638
568 0.559255
569 0.553283
572 0.553844
574 0.55741
571 0.553424
570 0.553385
575 0.558981
573 0.555599
577 0.562159
576 0.560462
581 0.569142
578 0.563272
580 0.567732
583 0.572383
582 0.569938
579 0.565447
586 0.578575
585 0.576
584 0.573849
590 0.584731
591 0.587251
588 0.591742
589 0.584496
587 0.590633
599 0.606268
592 0.587427
595 0.594532
596 0.597377
594 0.591244
597 0.601491
593 0.587862
598 0.603322
600 0.609995
601 0.614752
603 0.621493
605 0.634801
604 0.632077
607 0.646816
602 0.617872
606 0.64131
610 0.654959
608 0.648975
609 0.652251
611 0.656507
613 0.668957
614 0.670508
612 0.658995
615 0.673737
618 0.692336
616 0.691713
621 0.698363
617 0.691771
622 0.698563
619 0.696819
620 0.697681
623 0.698269
625 0.698288
626 0.698233
627 0.69761
624 0.698351
629 0.697748
628 0.697669
630 0.698073
631 0.699209
632 0.699076
633 0.699421
634 0.703112
635 0.703218
639 0.70254
636 0.703018
638 0.6962
637 0.696059
640 0.695819
641 0.696176
642 0.695714
643 0.694965
644 0.692822
645 0.6929
647 0.692873
646 0.692461
649 0.694875
650 0.695412
651 0.696294
653 0.697175
655 0.698994
652 0.697015
648 0.693519
654 0.697497
656 0.699393
663 0.696078
658 0.693746
657 0.699954
661 0.694793
660 0.694228
659 0.693837
662 0.695047
668 0.714563
664 0.696995
670 0.719026
666 0.71555
671 0.720076
667 0.714727
669 0.719841
665 0.71481
677 0.694687
672 0.70002
676 0.694581
673 0.700216
674 0.692837
679 0.695655
678 0.695008
675 0.693578
681 0.713728
680 0.696043
682 0.714386
684 0.715441
685 0.715813
686 0.715531
683 0.714853
687 0.715703
689 0.715903
695 0.717745
690 0.716142
693 0.716577
692 0.71633
694 0.717039
691 0.715793
688 0.715778
697 0.71798
696 0.717525
703 0.72008
700 0.719203
698 0.718556
699 0.719308
701 0.71916
702 0.719841
704 0.720308
708 0.720069
711 0.72099
709 0.720511
705 0.720555
710 0.720907
707 0.719755
706 0.720641
712 0.720958
715 0.722028
717 0.723227
713 0.72079
714 0.721609
719 0.734834
718 0.723306
716 0.72289
721 0.734454
720 0.734396
723 0.734646
725 0.735171
722 0.734466
726 0.73657
724 0.735391
727 0.737742
728 0.738408
731 0.739282
730 0.738855
735 0.745474
729 0.737919
734 0.742264
733 0.740811
732 0.739894
738 0.74913
737 0.74824
736 0.749518
740 0.750443
743 0.749945
742 0.750184
741 0.750388
739 0.749044
745 0.753492
744 0.750662
751 0.757308
748 0.756583
747 0.757935
750 0.757011
746 0.755561
749 0.756391
752 0.758927
754 0.760541
753 0.759589
755 0.760906
758 0.757418
757 0.757794
756 0.760204
759 0.75877
760 0.761545
761 0.763351
767 0.763426
766 0.762089
762 0.761956
764 0.761944
763 0.762834
765 0.760036
774 0.777725
775 0.777059
770 0.778779
769 0.778497
773 0.776064
771 0.7776
768 0.768857
772 0.775742
778 0.774324
779 0.773826
782 0.776436
780 0.773661
777 0.776898
781 0.776224
776 0.777306
783 0.777223
786 0.774237
784 0.776855
785 0.77555
787 0.774414
788 0.774057
791 0.776863
790 0.776538
789 0.775288
795 0.766902
793 0.774923
798 0.77004
796 0.76888
799 0.770346
797 0.768951
794 0.767536
792 0.776342
803 0.766137
801 0.767732
800 0.768395
804 0.76696
805 0.766843
807 0.767144
806 0.766905
802 0.766514
809 0.767744
808 0.767458
811 0.770424
812 0.77751
813 0.783348
815 0.791566
814 0.786288
810 0.768508
816 0.792714
817 0.795348
819 0.803358
818 0.796523
823 0.811959
821 0.803075
820 0.802829
822 0.8046
824 0.811818
825 0.813977
826 0.82053
828 0.82339
827 0.822301
831 0.824213
830 0.823402
829 0.826298
832 0.827407
838 0.828633
835 0.829112
834 0.8293
833 0.828606
839 0.828786
837 0.828418
836 0.829923
841 0.828829
840 0.82921
842 0.828512
843 0.828818
844 0.836161
846 0.83566
845 0.83564
847 0.834962
850 0.83383
849 0.834425
848 0.835005
855 0.833567
851 0.834461
854 0.834374
853 0.834563
852 0.834625
857 0.833457
858 0.832105
856 0.833696
861 0.832952
860 0.832423
859 0.833226
863 0.832039
862 0.831992
864 0.832474
867 0.832991
866 0.832568
871 0.834809
865 0.832141
870 0.835182
868 0.833261
869 0.834386
873 0.834308
874 0.834817
872 0.834739
875 0.83294
879 0.851468
878 0.82743
877 0.829355
876 0.82984
881 0.851331
882 0.850332
880 0.85099
883 0.850837
887 0.849853
886 0.849172
885 0.849395
884 0.849654
888 0.84934
889 0.848427
891 0.847518
890 0.849595
893 0.843415
892 0.846899
894 0.841373
895 0.839853
896 0.839394
897 0.839551
901 0.838857
899 0.838697
903 0.838838
902 0.839394
900 0.838748
898 0.8395
907 0.840868
904 0.841162
906 0.840903
905 0.834794
910 0.840601
909 0.840719
911 0.837741
908 0.840746
912 0.835413
914 0.835527
915 0.840754
916 0.84124
918 0.831933
919 0.834935
917 0.835597
913 0.835911
920 0.835417
925 0.839857
926 0.840143
922 0.834896
923 0.839759
927 0.840582
924 0.83497
921 0.840437
929 0.84019
928 0.841922
930 0.840499
933 0.841628
931 0.839912
932 0.84017
934 0.842365
935 0.843333
936 0.841996
937 0.842404
939 0.845762
940 0.844739
943 0.84724
941 0.845931
942 0.845253
938 0.845194
944 0.84731
947 0.846041
945 0.846883
949 0.846691
948 0.845433
946 0.846244
951 0.839292
950 0.840002
952 0.839551
955 0.853576
958 0.851511
959 0.850594
956 0.849223
957 0.84771
954 0.849865
953 0.839324
961 0.846656
963 0.842576
960 0.848788
964 0.841362
967 0.84153
965 0.842275
966 0.841385
962 0.842396
969 0.840323
968 0.841213
970 0.839916
972 0.837145
974 0.836761
971 0.837219
975 0.836373
973 0.837372
978 0.835366
977 0.836251
980 0.833054
983 0.830291
981 0.83004
982 0.829739
976 0.837505
979 0.832744
985 0.829468
984 0.829978
987 0.829198
986 0.829844
989 0.829543
988 0.829425
990 0.830479
991 0.830589
993 0.830985
994 0.831545
992 0.83082
996 0.830452
995 0.831024
999 0.830381
998 0.832924
997 0.830487
1002 0.83071
1000 0.830722
1001 0.830542
1004 0.835095
1003 0.830781
1005 0.834962
1006 0.83526
1007 0.83515
1008 0.833826
1013 0.829445
1010 0.827481
1014 0.829723
1015 0.827317
1009 0.831859
1011 0.826482
1012 0.827113
1016 0.826086
1019 0.826807
1020 0.827885
1018 0.827364
1017 0.826988
1022 0.8264
1021 0.826255
1023 0.826929
1024 0.82725
1025 0.827795
1028 0.827987
1029 0.827575
1030 0.827807
1031 0.827763
1026 0.828222
1027 0.82812
1032 0.827995
1033 0.827979
1034 0.827513
1039 0.830311
1036 0.829558
1038 1037 0.830671
1035 0.83015
0.830193
1041 0.829629
1046 0.829605
1040 0.829915
1047 0.829821
1042 0.829499
1043 0.829511
1044 0.829429
1045 0.829441
1049 0.829006
1048 0.829115
1053 0.829139
1051 0.829429
1050 0.829531
1052 0.829241
1054 0.829127
1055 0.829115
1056 0.828943
1057 0.831502
1061 0.830338
1062 0.830413
1063 0.829625
1060 0.830926
1058 0.831859
1059 0.831631
1064 0.829868
1065 0.829014
1067 0.828872
1069 0.827956
1068 0.828555
1070 0.82814
1071 0.826694
1066 0.828649
1072 0.826799
1073 0.825001
1078 0.825487
1076 0.824342
1077 0.825158
1074 0.824096
1079 0.825009
1075 0.823778
1080 0.825545
1081 0.826333
1082 0.827211
1083 0.827669
1087 0.833359
1086 0.835507
1084 0.829006
1085 0.835773
1089 0.830479
1088 0.832388
1092 0.836028
1094 0.838955
1095 0.835672
1091 0.83401
1093 0.837462
1090 0.830605
1098 0.836451
1097 0.837102
1096 0.836001
1100 0.834954
1099 0.836792
1103 0.83187
1102 0.831623
1101 0.832638
1107 0.833046
1111 0.841467
1104 0.832509
1108 0.832474
1106 0.833136
1109 0.831424
1105 0.832356
1110 0.839865
1113 0.84135
1112 0.841898
1118 0.838571
1115 0.839336
1117 0.839292
1114 0.839414
1119 0.83874
1116 0.839379
1121 0.836538
1122 0.836244
1120 0.838885
1123 0.836596
1125 0.837067
1127 0.837694
1126 0.837502
1124 0.836302
1128 0.839238
1129 0.836882
1132 0.840805
1133 0.842619
1131 0.838411
1134 0.843317
1130 0.840868
1135 0.847185
1137 0.84945
1141 0.850453
1140 0.853318
1143 0.845856
1142 0.849799
1136 0.849215
1138 0.848678
1139 0.849689
1144 0.846072
1145 0.847028
1150 0.833504
1146 0.840582
1147 0.839633
1148 0.840311
1151 0.831188
1149 0.834394
1152 0.829174
1157 0.82437
1158 0.825079
1154 0.824197
1155 0.825577
1159 0.825361
1156 0.824139
1153 0.82834
1162 0.816724
1161 0.819052
1160 0.8212
1167 0.818456
1165 0.813711
1163 0.816803
1166 0.819616
1164 0.814044
1168 0.820859
1170 0.820122
1171 0.820694
1173 0.820361
1169 0.81995
1174 0.819812
1172 0.820349
1175 0.817747
1176 0.817782
1181 0.819899
1177 0.817367
1178 0.818311
1182 0.824166
1180 0.819029
1179 0.818727
1183 0.827097
1190 0.843627
1185 0.841072
1187 0.847698
1186 0.848329
1184 0.82658
1188 0.848215
1191 0.841354
1189 0.845053
1193 0.842345
1194 0.843309
1196 0.847067
1195 0.842827
1199 0.852981
1192 0.84068
1197 0.848501
1198 0.85041
1200 0.851245
1201 0.85369
1202 0.855171
1203 0.860673
1207 0.843427
1206 0.842784
1204 0.857946
1205 0.847044
1209 0.847259
1208 0.841883
1210 0.841867
1211 0.841173
1212 0.845841
1215 0.84856
1214 0.843454
1213 0.844845
1216 0.848948
1218 0.850026
1223 0.853482
1217 0.847729
1221 0.851452
1219 0.849881
1220 0.846769
1222 0.851017
1224 0.853369
1226 0.856112
1227 0.848721
1229 0.847874
1225 0.852648
1231 0.846816
1228 0.848901
1230 0.847197
1238 0.840111
1232 0.844622
1233 1236 0.838967
0.842271
1239 0.838325
1234 0.845041
1237 0.841742
1235 0.839238
1240 0.839026
1241 0.838485
1242 0.84068
1243 0.838854
1244 0.842181
1246 0.846362
1247 0.84702
1245 0.841201
1249 0.842988
1248 0.843646
1255 0.842819
1251 0.840155
1253 0.843391
1250 0.839974
1254 0.845018
1252 0.840578
1259 0.840386
1256 0.842635
1257 0.841267
1261 0.847851
1263 0.852553
1262 0.850253
1260 0.848247
1258 0.839876
1264 0.851182
1267 0.847874
1265 0.853314
1266 0.847949
1269 0.846025
1268 0.849305
1270 0.846558
1271 0.849505
1273 0.846185
1277 0.84075
1272 0.846397
1279 0.838368
1276 0.842329
1274 0.842913
1275 0.841444
1278 0.837795
1287 0.840354
1281 0.838293
1284 0.831612
1283 0.831902
1285 0.840284
1280 0.837764
1286 0.839336
1282 0.837584
1288 0.839665
1289 0.839665
1290 0.839234
1293 0.838477
1294 0.838336
1292 0.836749
1295 0.837846
1291 0.837466
1298 0.832854
1297 0.831929
1303 0.837443
1301 0.835668
1296 0.832862
1302 0.838152
1300 0.834135
1299 0.833559
1305 0.839692
1304 0.838669
1308 0.834939
1309 0.834947
1310 0.833936
1307 0.835299
1306 0.837055
1311 0.83053
1312 0.82647
1313 0.827728
1319 0.824374
1316 0.824362
1314 0.827125
1318 0.823947
1315 0.825683
1317 0.824519
1320 0.824578
1321 0.824985
1322 0.823398
1323 0.822736
1326 0.820091
1327 0.819424
1325 0.819428
1324 0.822238
1328 0.820177
1332 0.81696
1329 0.82147
1330 0.818935
1331 0.817026
1333 0.817383
1335 0.821345
1334 0.816877
1336 0.818453
1337 0.817496
1341 0.816811
1339 0.818029
1340 0.817065
1342 0.816481
1338 0.81819
1343 0.815839
1344 0.816924
1351 0.813064
1345 0.810968
1350 0.812716
1349 0.812128
1348 0.811924
1346 0.811638
1347 0.811908
1354 0.812234
1353 0.812669
1352 0.812171
1358 0.812716
1356 0.812053
1357 0.813205
1359 0.81326
1355 0.811661
1360 0.815286
1361 0.8152
1362 0.815122
1363 0.815659
1366 0.815952
1367 0.81692
1364 0.81578
1365 0.815819
1369 0.817391
1370 0.817931
1372 0.819091
1375 0.821113
1368 0.817951
1374 0.820647
1373 0.820475
1371 0.819146
1379 0.819867
1377 0.819515
1381 1376 0.819918
0.819424
1378 0.819346
1383 0.820827
1382 0.820334
1380 0.819616
1387 0.818472
1385 0.818801
1389 0.820071
1384 0.821329
1386 0.81828
1388 0.819397
1390 0.820498
1391 0.821043
1393 0.822316
1397 1394 0.822681
1398 0.823324
0.823508
1392 0.82178
1399 0.824041
1395 0.823037
1396 0.82312
1400 0.819295
1402 0.826843
1405 0.827799
1406 0.827873
1401 0.819938
1404 0.827524
1403 0.827356
1407 0.828731
1408 0.829586
1415 0.832748
1409 0.82984
1414 0.832055
1411 0.832619
1412 0.832392
1413 0.832874
1410 0.833046
1417 0.833771
1416 0.832983
1420 0.837478
1421 0.837862
1422 0.838132
1423 0.838532
1419 0.836342
1418 0.833493
1425 0.838434
1431 0.840268
1424 0.838513
1429 0.838317
1430 0.839994
1427 0.837772
1428 0.838689
1426 0.836957
1432 0.840848
1435 0.847581
1433 0.842651
1434 0.843356
1438 0.849685
1436 0.848345
1439 0.851589
1437 0.848435
1440 0.85041
1444 0.852855
1442 0.852988
1443 0.853651
1441 0.852659
1446 0.856762
1447 0.858157
1445 0.855034
1449 0.86331
1453 0.871066
1454 0.873632
14501448  0.860266
0.864933
1451 0.867997
1452 0.868738
1455 0.875278
1456 0.876897
1457 0.868017
1458 0.87096
1459 0.883112
1461 0.880106
1462 0.881415
1460 0.877908
1463 0.884139
1464 0.885875
1466 0.891839
1471 0.904551
1470 0.904892
1465 0.888351
1467 0.894088
1469 0.899081
1468 0.89874
1472 0.907878
1478 0.921543
1473 0.914093
1476 0.92681
1479 0.92353
1474 0.914133
1475 0.917848
1477 0.920771
1480 0.921778
1481 0.922711
1484 0.927445
1486 0.943496
1482 0.923906
1483 0.924909
1485 0.943848
1487 0.946956
1488 0.941952
1489 0.934918
1495 0.943245
1494 0.938668
1493 0.94109
1491 0.937551
1490 0.937414
1492 0.937167
1497 0.949632
1496 0.945459
1498 0.950679
1503 0.950522
1502 0.94964
1499 0.953532
1501 0.950463
1500 0.94957
1504 0.948739
1505 0.945016
1510 0.938252
1509 0.935995
1508 0.941818
1506 0.943233
1511 0.959355
1507 0.942293
1512 0.946588
1514 0.940945
1515 0.938746
1513 0.945945
1516 0.94716
1519 0.941748
1518 0.947136
1517 0.950745
1521 0.93362
1522 0.946979
1520 0.933468
1525 0.946921
1523 0.955083
1526 0.943025
1527 0.947904
1524 0.948653
1528 0.947681
1531 0.951952
1529 0.947994
1535 0.907941
1533 0.925246
1532 0.928887
1534 0.92661
1530 0.953704
1543 0.904637
1542 0.885451
1536 0.896275
1541 0.901459
1537 0.904108
1540 0.892662
1539 0.893183
1538 0.898944
1549 0.876932
1545 0.869334
1546 0.863879
1548 0.882273
1550 0.855159
1544 0.873864
1547 0.894398
1551 0.856974
1553 0.850574
1552 0.846158
1554 0.848055
1556 0.853749
1559 0.849814
1557 0.854023
1558 0.849991
1555 0.84914
1561 0.845633
1560 0.843195
1564 0.847773
1565 0.850085
1562 0.852189
1567 0.851546
1563 0.847447
1566 0.850559
1571 0.858404
1574 0.869729
1575 0.879475
1570 0.855516
1568 0.854141
1573 0.864858
1569 0.855896
1572 0.860336
1578 0.905378
1576 0.874236
1577 0.877782
1583 0.901087
1581 0.895052
1579 0.883472
1582 0.899473
1580 0.892023
1584 0.901538
1585 0.89756
1589 0.888218
1587 0.891384
1586 0.901785
1588 0.893332
1590 0.877923
1591 0.87607
1593 0.88203
1594 0.882841
1592 0.880835
1598 0.885506
1595 0.884472
1599 0.883061
1597 0.887007
1596 0.88877
1600 0.887062
1605 0.907392
1604 0.902498
1601 0.888708
1603 0.893931
1607 0.913917
1606 0.905272
1602 0.890679
1609 0.897725
1608 0.899112
1612 0.906957
1611 0.905754
1615 0.897192
1610 0.892936
1613 0.90356
1614 0.898117
1617 0.897929
1616 0.898814
1619 0.898027
1623 0.89294
1618 0.897063
1621 0.897627
1622 0.892117
1620 0.897106
1624 0.889354
1626 0.855054
1625 0.856582
1627 0.856398
1628 0.855751
1629 0.853541
1631 0.862864
1630 0.85077
1634 0.902169
1633 0.877481
1635 0.86737
1637 0.89457
1638 0.897623
1632 0.869623
1639 0.901988
1636 0.888575
1640 0.902588
1643 0.902749
1641 0.90356
1642 0.900186
1646 0.915665
1647 0.87935
1644 0.9099
1645 0.913886
1649 0.872986
1648 0.875408
1652 0.86344
1654 0.864682
1651 0.843728
1653 0.876328
1655 0.862711
1650 0.844967
1657 0.873836
1656 0.871693
1660 0.869772
1658 0.874926
1661 0.873374
1663 0.867997
1659 0.867739
1662 0.887869
1665 0.888759
1664 0.880326
1667 0.891733
1668 0.891615
1666 0.892266
1671 0.900362
1670 0.896522
1669 0.89555
1673 0.88254
1677 0.899543
1675 0.891184
1672 0.892956
1676 0.894649
1678 0.892133
1674 0.890843
1679 0.897768
1680 0.898465
1681 0.905437
1683 0.899429
1682 0.893508
1684 0.878899
1686 0.884154
1687 0.901644
1685 0.843431
1689 0.830746
1688 0.838591
1691 0.813942
1695 0.830687
1692 0.81473
1693 0.814499
1694 0.827916
1690 0.818484
1696 0.825216
1697 0.826662
1702 0.831091
1698 0.832149
1699 0.830695
1700 0.831032
1703 0.831271
1701 0.82638
1704 0.802566
1705 0.8048
1711 0.825248
1708 0.797268
1706 0.806681
1710 0.83274
1707 0.798788
1709 0.785598
1713 0.826423
1714 0.836087
1717 0.817716
1719 0.823943
1715 0.820737
1716 0.814604
1718 0.820251
1712 0.836898
1720 0.825303
1723 0.818884
1721 0.823629
1726 0.815851
1727 0.809639
1725 0.811889
1722 0.819985
1724 0.817916
1728 0.810255
1732 0.788772
1729 0.813723
1733 0.767168
1731 0.77854
1730 0.792354
1735 0.762407
1734 0.779414
1739 0.737209
1737 0.766612
1738 0.735505
1741 0.72907
1736 0.772004
1743 0.706588
1740 0.728615
1742 0.72606
1746 0.692708
1744 0.702231
1745 0.699546
1747 0.672597
1748 0.682033
1749 0.659583
1751 0.663423
1750 0.658086
1752 0.655821
1759 0.584284
1757 0.583414
1753 0.656115
1758 0.584923
1755 0.590335
1754 0.653317
1756 0.590468
1760 0.566728
1765 1761 0.585425
0.572661
1762 0.57658
1766 0.589249
1763 0.588281
1767 0.590844
1764 0.58789
1770 0.599289
1768 0.593192
1769 0.597161
1771 0.605775
1774 0.6065
1773 0.607507
1775 0.612276
1772 0.608071
1776 0.605759
1782 0.575867
1779 0.59617
1781 0.584465
1783 0.571936
1777 0.603886
1778 0.59907
1780 0.591518
1784 0.562104
1785 0.551872
1787 0.539093
1791 0.523763
1786 0.545457
1789 0.52865
1788 0.533885
1790 0.52238
1792 0.521063
1793 0.515087
1799 0.476668
1797 0.482726
1795 0.491896
1796 0.498879
1798 0.479771
1794 0.498295
1805 0.476668
1801 0.470304
1800 0.4753
1804 0.474391
1802 0.470049
1803 0.472679
1806 0.47461
1807 0.476256
1808 0.477138
1815 0.467075
1809 0.480402
1811 0.465488
1814 0.471456
1810 0.468497
1813 1812 0.473741
0.471233
1817 0.452121
1816 0.465452
1821 0.435227
1819 0.443123
1823 0.430591
1822 0.430552
1820 0.436364
1818 0.440721
1824 0.42813
1831 0.433001
1825 0.426304
1827 0.454151
1826 0.450604
1830 0.433468
1828 0.453747
1829 0.440764
1834 0.429596
1832 0.430027
1833 0.429886
1838 0.422609
1835 0.425156
1839 0.383852
1836 0.424619
1837 0.426492
1845 0.344767
1841 0.369114
1840 0.375455
1844 0.355336
1843 0.363158
1847 0.334084
1842 0.365356
1846 0.340296
1849 0.325353
1851 0.313147
1850 0.318699
1853 0.305078
1852 0.309941
1848 0.327458
1854 0.295504
1855 0.291492
1860 0.274261
1857 0.28532
1856 0.28617
1862 0.272258
1863 0.261627
1859 0.284497
1858 0.285547
1861 0.271788
1865 0.25308
1867 0.243511
1870 0.247806
1871 0.25123
1866 0.245219
1864 0.259166
1868 0.244161
1869 0.246371
1872 0.247774
1876 0.264746
1878 0.274676
1874 0.256964
1877 0.267489
1875 0.265287
1879 0.283505
1873 0.248836
1885 0.309773
1882 1886 0.301716
0.31219
1880 0.291927
1881 0.29822
1884 0.311665
1883 0.302558
1887 0.324609
1888 0.334664
1891 0.361574
1889 0.341287
1890 0.350598
1892 0.370023
1893 0.378793
1894 0.391725
1895 0.388923
1901 0.423244
1897 0.394335
1899 0.400491
1903 0.452622
1902 0.443989
1900 0.422025
1898 0.405409
1896 0.394292
1906 0.492343
1904 0.467635
1905 0.486398
1907 0.50609
1910 0.517493
1909 0.525668
1911 0.519421
1908 0.519786
1914 0.510988
1913 0.513962
1915 0.506913
1918 0.49855
1917 0.497613
1916 0.501685
1919 0.49529
1912 0.518528
1921 0.490814
1920 0.493334
1922 0.490944
1923 0.490489
1926 0.466299
1925 0.469007
1927 0.46401
1924 0.473662
1931 0.447865
1930 0.452803
1928 0.457055
1929 0.456239
1933 0.434193
1934 0.425971
1935 0.416182
1932 0.434698
1936 0.413388
1942 0.371544
1937 0.402298
1939 0.385632
1941 0.372045
1940 0.390781
1943 0.366633
1938 0.386384
1951 0.316242
1944 0.362025
1949 0.328798
1947 0.342275
1948 0.339684
1950 0.319769
1946 0.347173
1945 0.359678
1953 0.295708
1955 0.268014
1956 0.259895
1952 0.305003
1958 0.241065
1954 0.291664
1959 0.216236
1957 0.251517
1960 0.223646
1964 0.168192
1961 0.214806
1963 0.180348
1966 0.156707
1967 0.143038
1965 0.154876
1962 0.179827
1970 0.123393
1972 0.108138
1971 0.112484
1975 0.0891318
1973 0.0999357
1968 0.139856
1974 0.0921805
1969 0.136619
1976 0.0808985
1977 0.0769288
1979 0.0715954
1982 0.0699613
1978 0.0753927
1983 0.0696831
1981 0.0690952
1980 0.0694793
1987 0.066211
1984 0.0694714
1986 0.066309
1985 0.0661915
1990 0.0657878
1988 0.0657996
1991 0.0661875
1989 0.0657721
1993 0.0668655
1999 0.067418
1994 0.0673749
1997 0.0660817
1992 0.0666304
1998 0.0671947
1996 0.0672574
1995 0.0674376
2001 0.0754945
2000 0.0676022
2007 0.154833
2006 0.136584
2005 0.119204
2002 0.080103
2004 0.110904
2003 0.0921923
2008 0.165069
2010 0.203849
2009 0.185411
2012 0.237084
2011 0.215801
2013 0.255333
2014 0.252645
2015 0.265828
2017 0.289952
2016 0.281029
2019 0.322375
2018 0.309682
2021 0.328473
2020 0.324346
2022 0.34059
2023 0.345754
2024 0.353431
2026 0.383457
2027 0.395899
2025 0.370717
2030 0.4369
2029 0.423479
2031 0.436994
2028 0.413157
2032 0.430141
2035 0.455879
2033 0.422546
2036 0.434976
2034 0.422722
2039 0.423118
2038 0.421888
2037 0.419607
2045 0.378919
2040 0.41628
2042 0.399183
2041 0.410037
2043 0.390314
2044 0.38627
2047 0.367562
2046 0.372237
2049 0.362629
2050 0.361312
2055 0.330009
2048 0.365207
2052 0.353137
2051 0.351006
2054 0.336283
2053 0.347204
2056 0.327767
2057 0.266858
2063 0.191329
2060 0.214626
2061 0.205742
2059 0.250991
2062 0.20399
2058 0.269794
2064 0.182555
2067 0.185666
2066 0.171468
2065 0.197207
2070 0.141862
2071 0.13714
2069 0.150221
2068 0.179482
2079 0.0968674
2074 0.122006
2077 0.109329
2078 0.103345
2072 0.132955
2073 0.128766
2075 0.11505
2076 0.111006
2085 0.0729748
2081 0.0877759
2080 0.0940145
2082 0.0823053
2083 0.080683
2084 0.0759844
2086 0.0733667
2087 0.0731159
2095 0.0731433
2091 0.0725398
2089 0.0727318
2094 0.0729317
2088 0.073159
2090 0.0724497
2093 0.0726613
2092 0.072771
2097 0.073112
2096 0.0737468
2100 0.0780456
2101 0.0838963
2098 0.0731982
2102 0.0911186
2099 0.07359
2103 0.099344
2104 0.0983526
2110 0.144245
2106 0.12067
2107 0.120975
2105 0.10612
2111 0.156213
2109 0.142297
2108 0.131509
2112 0.169176
2119 0.243146
2114 0.187331
2113 0.17467
2116 0.206729
2115 0.199758
2117 0.219716
2118 0.23237
2120 0.256196
2123 0.29041
2125 0.308895
2126 0.324052
2122 0.276052
2121 0.267415
2124 0.303992
2127 0.334676
2129 0.351064
2131 0.36603
2135 0.388316
2130 0.359991
2132 0.372394
2134 0.382375
2133 0.380471
2128 0.340868
2136 0.393967
2137 0.390138
2140 0.402968
2143 0.401773
2139 0.400186
2141 0.397956
2138 0.391561
2142 0.401726
2144 0.404673
2146 0.403207
2145 0.404939
2147 0.402925
2151 0.379173
2150 0.394241
2148 0.400542
2149 0.399143
2152 0.377955
2153 0.367002
2154 0.35994
2156 0.362648
2159 0.37623
2157 0.376669
2158 0.373695
2155 0.36277
2160 0.369196
2163 0.368526
2167 0.358823
2164 2162 0.3703050.367891

2161 0.369702
2165 0.365023
2166 0.359658
2168 0.35166
2169 0.351711
2170 0.353737
2171 0.348447
2174 0.333544
2173 0.341612
2175 0.319938
2172 0.343407
2177 0.297139
2176 0.309341
2178 0.277682
2183 0.228271
2181 0.243315
2180 0.25658
2179 0.267811
2182 0.238122
2185 0.201674
2187 0.18391
2186 0.191724
2189 0.168506
2190 0.159446
2188 0.179631
2191 0.154704
2184 0.215186
2192 0.144374
2198 0.102828
2193 0.134017
2196 0.113965
2199 0.0969692
2194 0.129467
2197 0.111947
2195 0.121348
2201 0.0905621
2203 0.0819213
2207 0.0736096
2202 0.0845821
2200 0.0954174
2206 0.0753652
2204 0.0769641
2205 0.0749694
2208 0.0722616
2209 0.07118
2212 0.0643301
2214 0.0593376
2213 0.0617437
2211 0.0655135
2210 0.0679902
2215 0.0578602
2217 0.0565435
2216 0.0570098
2222 0.0568727
2220 0.0565278
2223 0.0574879
2221 0.0567199
2218 0.0558225
2219 0.0565631
2225 0.0584049
2224 0.0589026
2226 0.0581032
2227 0.0584519
2230 0.0585303
2229 0.0587341
2228 0.0591887
2231 0.0590123
2233 0.0594355
2235 0.056759
2232 0.0591299
2239 0.0593728
2238 0.0583853
2236 0.0578759
2234 0.0600625
2237 0.0578445
2241 0.0587341
2240 0.0592474
2244 0.059702
2242 0.0592827
2243 0.0586087
2247 0.0596511
2246 0.0601292
2245 0.0600234
2254 0.0625509
2253 0.062018
2248 0.0592474
2249 0.0607287
2250 0.0605367
2251 0.0610266
2255 0.0638285
2252 0.0616575
2257 0.0638755
2256 0.0633935
2259 0.0647494
2258 0.0639813
2260 0.0616575
2263 0.0645965
2262 0.0641851
2261 0.0621081
2264 0.0648121
2270 0.0877132
2265 0.0648904
2269 0.0837317
2267 0.0704355
2271 0.0994498
2268 0.0779947
2266 0.0658192
2272 0.105512
2274 0.115564
2278 0.136623
2273 0.112758
2275 0.122081
2276 0.130102
2277 0.133927
2279 0.139249
2280 0.142407
2281 0.143297
2286 0.148591
2282 0.145158
2284 0.147372
2285 0.146385
2283 0.146416
2287 0.14986
2295 0.155782
2288 0.151404
2294 0.157091
2289 0.152839
2291 0.15682
2293 0.156879
2290 0.154101
2292 0.156879
2296 0.157232
2298 0.161844
2297 0.158015
2302 0.169501
2300 0.165257
2301 0.168157
2299 0.164368
2303 0.173122
2305 0.176136
2308 0.177754
2307 0.177045
2311 0.177111
2304 0.174725
2306 0.177205
2309 0.17851
2310 0.177288
2319 0.154026
2313 0.1715
2316 0.163404
2312 0.173369
2314 0.171108
2318 0.156064
2317 0.161315
2315 0.168204
2326 0.13156
2321 0.151628
2320 0.153011
2323 0.14198
2324 0.135796
2322 0.146361
2327 0.125674
2325 0.129166
2328 0.124393
2333 0.116022
2329 0.123197
2331 0.119408
2332 0.118154
2330 0.122935
2335 0.106888
2334 0.113197
2336 0.103592
2339 0.092737
2341 0.0907306
2342 0.088301
2340 0.091385
2343 0.0862554
2338 0.0960836
2337 0.0992539
2344 0.0860164
2349 0.0757062
2346 0.0835867
2347 0.0822073
2348 0.0792996
2351 0.074844
2345 0.0841236
2350 0.0755455
2352 0.0758159
2355 0.0737076
2354 0.075667
2357 0.0722302
2359 0.070455
2358 0.0711095
2353 0.0760471
2356 0.0726809
2361 0.0671359
2367 0.0676414
2360 0.0663364
2362 0.0673122
2363 0.0654195
2366 0.0670144
2365 0.065972
2364 0.0658309
2368 0.067708
2370 0.0698555
2369 0.0697653
2371 0.0702669
2372 0.0712976
2375 0.0708979
2373 0.0721558
2374 0.0718344
2377 0.0703101
2376 0.0704629
2380 0.0688484
2382 0.0678334
2378 0.070941
2383 0.068672
2379 0.0693696
2381 0.0685701
2384 0.0770033
2391 0.123358
2386 0.0901506
2389 0.11228
2388 0.110191
2385 0.0843117
2387 0.100085
2390 0.119929
2393 0.127296
2399 0.130169
2392 0.125039
2396 0.131004
2397 0.130949
2395 23980.131787
 0.130286
2394 0.130404
2402 0.134205
2406 0.140796
2401 0.132222
2405 0.139468
2407 0.141502
2403 0.135612
2400 0.13192
2404 0.13736
2412 0.152384
2409 0.146455
2408 0.144214
2414 0.147262
2413 0.150817
2410 0.147113
2415 0.14044
2411 0.149539
2417 0.12
2423 0.0959033
2419 0.117049
2416 0.137352
2420 0.111668
2421 0.105786
2422 0.102781
2418 0.117331
2424 0.0904759
2425 0.0876426
2426 0.0809886
2430 0.0609521
2428 0.0714739
2429 0.0658466
2431 0.0587027
2427 0.0748205
2432 0.0554619
2433 0.0602036
2435 0.0701455
2434 0.063993
2436 0.0751693
2438 0.085409
2437 0.0806712
2439 0.0881442
2441 0.0917456
2445 0.0971848
2440 0.0898254
2443 0.0944965
2444 0.0965617
2442 0.0933052
2446 0.0982546
2447 0.0995399
2449 0.100578
2454 0.104191
2448 0.101029
2452 0.104689
2450 0.103682
2451 0.104062
2455 0.105814
2453 0.102996
2456 0.102867
2458 0.106108
2459 0.10929
2457 0.103459
2460 0.11313
2461 0.115744
2462 0.118115
2463 0.11699
2470 0.0887125
2465 0.107844
2464 0.113224
2466 0.100653
2467 0.0987719
2471 0.0852365
2469 0.0896451
2468 0.0943554
2472 0.0799854
2475 0.0722773
2477 0.0692794
2473 0.0778732
2479 0.0691579
2474 0.0743777
2478 0.0686603
2476 0.0714191
2480 0.0678569
2481 0.0660034
2487 0.0670301
2483 0.0657643
2484 0.0665285
2485 0.0651452
2482 0.0650825
2486 0.065972
2488 0.0674572
2489 0.0683115
2492 0.0699691
2493 0.0707254
2491 0.0695028
2495 0.0712427
2490 0.0692246
2494 0.0703884
2496 0.0716816
2498 0.0726535
2497 0.072195
2499 0.0734686
2500 0.074025
2502 0.0744639
2503 0.0752751
2501 0.0745501
2511 0.0908247
2504 0.0755259
2505 0.0754005
2507 0.0756121
2510 0.0846997
2509 0.0807848
2506 0.0757767
2508 0.0780065
2512 0.0952646
2513 0.103839
2517 0.122374
2515 0.11431
2518 0.123331
2514 0.111633
2516 0.120207
2519 0.125188
2520 0.125462
2522 0.128017
2523 0.128656
2521 0.125839
2524 0.129028
2526 0.132598
2527 0.133449
2525 0.130373
2529 0.137254
2531 0.139691
2528 0.135377
2533 0.141619
2532 0.141177
2530 0.138136
2534 0.142967
2535 0.143011
2538 0.147725
2536 0.144006
2537 0.145566
2543 0.151483
2539 0.14843
2540 2542 0.148038
0.149759
2541 0.149175
2544 0.154426
2545 0.155237
2546 0.155864
2548 0.159987
2549 0.158968
2551 0.154375
2550 0.15586
2547 0.158603
2553 0.147035
2552 2557 0.150295
0.129021
2555 0.135424
2556 0.131901
2559 0.114674
2558 0.12174
2554 0.141188
2562 0.0955311
2566 0.0746207
2561 0.103278
2563 0.0915418
2564 0.0847193
2565 0.0785198
2560 0.11036
2567 0.0690325
2569 0.0614615
2571 0.0548702
2570 0.0576643
2573 0.0538239
2568 0.0639695
2572 0.0547801
2574 0.0526757
2575 0.0526561
2577 0.052711
2581 0.0525973
2580 0.0527933
2579 0.0526953
2578 0.0527031
2582 0.0525229
2583 0.0525582
2576 0.0527227
2585 0.0505518
2584 0.0525386
2590 0.0519468
2586 0.0512415
2587 0.05141
2591 0.0521114
2589 0.0514727
2588 0.0516568
2592 0.0521232
2595 0.0528325
2594 0.0527698
2593 0.0525386
2596 0.0528873
2597 0.0531146
2599 0.0529304
2598 0.0528481
2600 0.0529344
2601 0.0529461
2604 0.0529971
2602 0.0530402
2607 0.0532831
2605 0.0530441
2603 0.0530049
2606 0.0532165
2608 0.0533223
2614 0.0520683
2609 0.0533733
2611 0.0518645
2612 0.0521388
2613 0.0519939
2615 0.051794
2610 0.0519468
2623 0.0523152
2616 0.0518018
2618 0.0519625
2621 0.0522329
2619 0.051939
2620 0.0520605
2617 0.0520252
2622 0.0522486
2626 0.0593807
2631 0.0832419
2624 0.0522055
2627 0.066117
2629 0.0759687
2630 0.0778301
2628 0.0726182
2625 0.0562731
2633 0.0875917
2638 0.0930035
2634 0.089218
2632 0.0848603
2636 0.0870979
2635 0.087
2637 0.0899194
2639 0.102467
2640 0.11152
2645 0.160927
2641 0.116191
2643 0.139158
2644 0.146965
2642 0.125529
2647 0.178773
2646 0.173095
2648 0.192916
2655 0.228032
2652 0.22222
2649 0.20321
2651 0.214802
2650 0.206232
2654 0.225402
2653 0.223027
2659 0.250274
2658 0.246955
2656 0.232193
2661 0.262391
2660 0.259679
2657 0.241818
2663 0.26236
2662 0.25841
2664 0.263085
2666 0.257191
2668 0.248899
2667 0.252124
2665 0.26024
2671 0.24491
2670 0.252249
2669 0.25002
2678 0.263202
2673 0.242174
2672 0.238992
2676 0.260306
2674 0.255192
2679 0.262599
2677 0.261219
2675 0.253045
2680 0.259769
2686 0.233048
2683 0.242288
2687 0.230116
2684 0.239533
2682 0.245329
2685 0.234121
2681 0.249988
2689 0.223972
2688 0.226589
2694 0.194985
2690 0.214543
2695 0.192598
2691 0.212627
2692 0.200471
2693 0.192653
2696 0.186399
2697 0.179878
2702 0.154136
2703 0.147157
2701 0.160253
2698 0.176398
2699 0.170602
2700 0.163972
2705 0.137689
2711 0.111527
2710 0.113408
2708 0.121849
2709 0.116532
2706 0.131368
2707 0.127955
2704 0.14379
2713 0.113103
2712 0.112707
2716 0.114075
2718 0.114059
2714 0.113479
2715 0.114318
2717 0.114392
2719 0.113604
2720 0.113973
2721 0.11458
2723 0.115783
2722 0.115066
2724 0.116101
2727 0.117848
2726 0.116974
2725 0.116218
2729 0.122617
2728 0.118573
2735 0.145087
2731 0.131219
2733 0.142705
2730 0.127743
2732 0.137368
2734 0.144327
2736 0.15055
2740 0.159779
2737 0.150472
2738 0.15537
2743 0.163329
2741 0.158729
2739 0.158497
2742 0.16233
2745 0.163866
2748 0.167413
2749 0.167659
2751 0.17228
2747 0.164325
2744 0.163948
2746 0.163341
2750 0.169932
2753 0.174067
2752 0.172816
2755 0.176034
2757 0.177891
2759 0.179698
2754 0.176085
2758 0.178718
2756 0.177734
2760 0.176245
2762 0.178824
2761 0.177155
2767 0.183405
2763 0.179847
2766 0.182206
2765 0.181163
2764 0.180909
2769 0.186924
2768 0.18663
2770 0.187328
2773 0.18768
2772 0.187292
2775 0.189691
2771 0.186266
2774 0.188601
2776 0.189557
2778 0.192297
2777 0.191117
2782 0.197073
2783 0.19839
2781 0.196098
2780 0.194573
2779 0.192971
2784 0.199887
2785 0.19723
2786 0.198743
2790 0.202297
2791 0.202873
2787 0.198727
2789 0.202234
2788 0.200683
2792 0.203673
2793 0.204127
2795 0.205358
2797 0.204907
2799 0.205095
2798 0.204503
2796 0.204182
2794 0.204703
2800 0.205742
2805 0.206694
2801 0.205115
2806 0.205416
2802 0.20546
2804 0.205228
2807 0.207105
2803 0.205448
2808 2809 0.206988
0.207
2811 0.207062
2810 0.205902
2812 0.207807
2814 0.209331
2815 0.20999
2813 0.209026
2816 0.210221
2817 0.211534
2819 0.211753
2820 0.213838
2821 0.213705
2822 0.212803
2818 0.211369
2823 0.212458
2825 0.212451
2824 0.213019
2827 0.211812
2826 0.211965
2830 0.210429
2831 0.210644
2828 0.210464
2829 0.210844
2833 0.210001
2835 0.205303
2839 0.207019
2832 0.210358
2834 0.210429
2836 0.205632
2837 0.207129
2838 0.206933
2840 0.207446
2845 0.208544
2844 0.208649
2843 0.208438
2842 0.209077
2847 0.209394
2846 0.209135
2841 0.208689
2848 0.209265
2855 0.215856
2849 0.209739
2851 0.211138
2854 0.216021
2852 0.212984
2853 0.214778
2850 0.210918
2856 0.216416
2857 0.216554
2862 0.207039
2861 0.207231
2859 0.212799
2863 0.20725
2860 0.207501
2858 0.214488
2865 0.209402
2866 0.209476
2871 0.217706
2869 0.213458
2867 0.210954
2868 0.211812
2870 0.215119
2864 0.208242
2878 0.211502
2877 0.212278
2874 0.21548
2873 0.215378
2879 0.212415
2875 0.214375
2876 0.212572
2872 0.217106
2883 0.221428
2887 0.229199
2882 0.218344
2880 0.214453
2881 0.215958
2884 0.223353
2885 0.22445
2886 0.227675
2893 0.229862
2891 0.231739
2888 0.229501
2892 0.230677
2890 0.231515
2895 0.227224
2894 0.226954
2889 0.230163
2896 0.228525
2897 0.228886
2899 0.231069
2902 0.231135
2900 0.231037
2901 0.231359
2898 0.230026
2903 0.230363
2905 0.230085
2909 0.231602
2906 0.23081
2904 0.229787
2907 0.231582
2908 0.232005
2910 0.226519
2911 0.227017
2913 0.228584
2912 0.227169
2915 0.2284
2919 0.227753
2914 0.228502
2917 0.228008
2918 0.227381
2916 0.228353
2920 0.227918
2927 0.229266
2926 0.228286
2922 0.229168
2921 0.228874
2924 0.229525
2923 0.229321
2925 0.229011
2929 0.230485
2928 0.230018
2931 0.233961
2930 0.233228
2933 0.237041
2934 0.237315
2935 0.234917
2932 0.234462
2937 0.233624
2936 0.233091
2938 0.233631
2939 0.239917
2941 0.240705
2940 0.239945
2942 0.240842
2943 0.240615
2945 0.2452
2944 0.242206
2947 0.255443
2946 0.25152
2949 0.264233
2950 0.266639
2951 0.272215
2948 0.259797
2958 0.298185
2956 0.286468
2959 0.303738
2952 0.273317
2954 0.281228
2955 0.283611
2953 0.274719
2957 0.291856
2961 0.31123
2960 0.305544
2967 0.344305
2966 0.338325
2963 0.321376
2964 0.327615
2962 0.314495
2965 0.330922
2970 0.362131
2969 0.356895
2968 0.349744
2973 0.376548
2971 0.365411
2975 0.384652
2974 0.379056
2972 0.370689
2977 0.395229
2976 0.392952
2978 0.400174
2983 0.418745
2980 0.405664
2982 0.415414
2981 0.410061
2979 0.404884
2984 0.422707
2986 0.437606
2985 0.43578
2987 0.441121
2989 0.450616
2988 0.444946
2991 0.461342
2990 0.457446
2992 0.469508
2993 0.475288
2995 0.491692
2994 0.48996
2997 0.50511
2996 0.495341
2999 0.519249
2998 0.511764
3001 0.528501
3002 0.53702
3007 0.564655
3006 0.562316
3003 0.544779
3000 0.526898
3005 0.555333
3004 0.54998
3013 0.61043
3015 0.641874
3011 0.624679
3008 0.571897
3009 0.584935
3012 0.63125
3014 0.627622
3010 0.593133
3023 0.690768
3016 0.670238
3018 0.665959
3021 0.682065
3022 0.684067
3020 0.674282
3019 0.668882
3017 0.658094
3024 0.694413
3028 0.751007
3029 0.755075
3026 0.701051
3027 0.70506
3030 0.739255
3031 0.740971
3025 0.697563
3033 0.749596
3032 0.746755
3034 0.771424
3036 0.760604
3035 0.779912
3038 0.763723
3037 0.782533
3039 0.740332
3046 0.732001
3041 0.73523
3040 0.739098
3043 0.734791
3045 0.732538
3047 0.732009
3042 0.734196
3044 0.732542
3048 0.732158
3051 0.730418
3054 0.728071
3050 0.750067
3053 0.729176
3049 0.750686
3052 0.729403
3055 0.727009
3063 0.754742
3056 0.723862
3057 0.725516
3060 0.729591
3058 0.726382
3061 0.751897
3062 0.752477
3059 0.729924
3064 0.755165
3065 0.758147
3070 0.758566
3068 0.756736
3069 0.757814
3067 0.757085
3071 0.760157
3066 0.758261
3072 0.761074
3078 0.762846
3073 0.761709
3076 0.765691
3075 0.765749
3079 0.762806
3074 0.764746
3077 0.764076
3082 0.765342
3080 0.759472
3084 0.771044
3083 0.769707
3081 0.760682
3085 0.780711
3087 0.786025
3086 0.777106
3088 0.78539
3095 0.786186
3089 0.781671
3091 0.786436
3092 0.786758
3093 0.787753
3094 0.78742
3090 0.785253
3097 0.785206
3096 0.785512
3099 0.785704
3101 0.787788
3102 0.787851
3100 0.786362
3103 0.787228
3098 0.785167
3106 0.788274
3105 0.788361
3104 0.788333
3107 0.788588
3109 0.78791
3110 0.788071
3111 0.787397
3108 0.788678
3112 0.788286
3116 0.788749
3113 0.78878
3118 0.786162
3115 0.790006
3119 0.788306
3114 0.788576
3117 0.786977
3126 3120 0.789383
0.79034
3121 0.791331
3125 0.790649
3122 0.79063
3124 0.790818
3127 0.790308
3123 0.790857
3129 0.789019
3135 0.774465
3131 0.790022
3130 0.78849
3134 0.789767
3132 0.792044
3133 0.790661
3128 0.790477
3137 0.773489
3136 0.773399
3140 0.771953
3139 0.793141
3143 0.771773
3138 0.793569
3142 0.772815
3141 0.772686
3144 0.769809
3147 0.797421
3145 0.768908
3146 0.777314
3149 0.797303
3150 0.786785
3148 0.787357
3151 0.78715
3153 0.795849
3152 0.796041
3155 0.794658
3154 0.795559
3158 0.790449
3159 0.790191
3156 0.793094
3157 0.791758
3161 0.770464
3160 0.768003
3164 0.771161
3165 0.77131
3166 0.771012
3162 0.771079
3167 0.771118
3163 0.770017
3170 0.771118
3169 0.771149
3168 0.771592
3175 0.769441
3174 0.769394
3172 0.769488
3173 0.769805
3171 0.770918
3177 0.77178
3176 0.769954
3179 0.770472
3181 0.770068
3183 0.772627
3178 0.770781
3182 0.77104
3180 0.770914
3184 0.773936
3185 0.802064
3186 0.802919
3187 0.801473
3188 0.801449
3190 0.810384
3189 0.812241
3191 0.803205
3193 0.813789
3192 0.802887
3196 0.815259
3194 0.818308
3195 0.815447
3198 0.810944
3197 0.813405
3199 0.811716
3200 0.810125
3201 0.811297
3206 0.810215
3203 0.809855
3207 0.809753
3205 0.809937
3202 0.809984
3204 0.80991
3208 0.810858
3210 0.787455
3212 0.788118
3211 0.787765
3214 0.809659
3213 0.808867
3215 0.789748
3209 0.810474
3216 0.809518
3217 0.809604
3223 0.808166
3218 0.809639
3220 0.808323
3222 0.808295
3219 0.809114
3221 0.808652
3224 0.807888
3230 0.811477
3225 3227 0.809369
0.808613
3228 0.811058
3226 0.808601
3231 0.81116
3229 0.811297
3232 0.811136
3239 0.80989
3236 0.810921
3233 0.811301
3235 0.789497
3237 0.810819
3234 0.811164
3238 0.80998
3241 0.809741
3247 0.810298
3242 0.809181
3245 0.809816
3240 0.809149
3244 0.809408
3246 0.809812
3243 0.809483
3249 0.809216
3250 0.809557
3251 0.809921
3253 0.809647
3248 0.809847
3252 0.809471
3254 0.808436
3255 0.80739
3258 0.80862
3257 0.807245
3262 0.806018
3256 0.80728
3263 0.807856
3261 0.805387
3260 0.80556
3259 0.808965
3264 0.80795
3270 0.806649
3265 0.806434
3271 0.807464
3267 0.805074
3268 0.805164
3269 0.806218
3266 0.805227
3272 0.807041
3274 0.807939
3273 0.807649
3275 0.808299
3279 0.811755
3278 0.811313
3276 0.811113
3277 0.810901
3283 0.814365
3282 0.813872
3281 0.812128
3280 0.811736
3284 0.815145
3286 0.822516
3287 0.822081
3285 0.82205
3288 0.820855
3289 0.819162
3290 0.818927
3292 0.820047
3293 0.822187
3295 0.821196
3294 0.822136
3291 0.819471
3303 0.819291
3299 0.820102
3296 0.820541
3300 0.819503
3301 0.818617
3298 0.820612
3302 0.819142
3297 0.820949
3304 0.818915
3307 0.818982
3306 0.818974
3305 0.819409
3308 0.817994
3309 0.818261
3311 0.822383
3310 0.799764
3312 0.800838
3318 0.795661
3314 0.799039
3313 0.800407
3319 0.796135
3315 0.79757
3316 0.797272
3317 0.796355
3321 0.7936
3322 0.79525
3325 0.79494
3324 0.79396
3323 0.794924
3326 0.795003
3327 0.795524
3320 0.796876
3335 0.809874
3328 0.795277
3332 0.794117
3331 0.794509
3329 0.79476
3330 0.794203
3334 0.79416
3333 0.794423
3337 0.809577
3343 0.80904
3336 0.809541
3341 0.809334
3340 0.808699
3338 0.809244
3342 0.809091
3339 0.808695
3350 0.806736
3345 0.807958
3346 0.808205
3351 0.806771
3348 0.806771
3347 0.80712
3349 0.806814
3344 0.80891
3353 0.806481
3357 0.810023
3354 0.806732
3356 0.809612
3352 0.806551
3358 0.807323
3355 0.809741
3359 0.809628
3360 0.811716
3361 0.810952
3366 0.808374
3362 0.81103
3363 0.81078
3367 0.808103
3365 0.809796
3364 0.810717
3368 0.807233
3374 0.804263
3373 0.804819
3372 0.805282
3369 0.806238
3375 0.803808
3370 0.805944
3371 0.805662
3378 0.803726
3376 0.803863
3379 0.803459
3382 0.80306
3381 0.803264
3377 0.803358
3380 0.803334
3383 0.803859
3384 0.803722
3385 0.778928
3387 0.777776
3389 0.777412
3390 0.77709
3386 0.778054
3391 0.777126
3388 0.777349
3392 0.776495
3396 0.7774
3397 0.77785
3394 0.777137
3398 0.77789
3395 0.77729
3399 0.779026
3393 0.776267
3400 0.779986
3402 0.780347
3403 0.780993
3401 0.780123
3406 0.781413
3405 0.781021
3407 0.781107
3404 0.781319
3411 0.800603
3412 0.800799
3409 0.780261
3410 0.800857
3415 0.798894
3408 0.780891
3414 0.798922
3413 0.800038
3416 0.798592
3419 0.7986
3417 0.798545
3421 0.797828
3420 0.798189
3418 0.798369
3423 0.797805
3422 0.79811
3424 0.798565
3430 0.798491
3427 0.798259
3426 0.798596
3431 0.798569
3428 0.79853
3429 0.798475
3425 0.799372
3432 0.799925
3433 0.800179
3437 0.816274
3439 0.794442
3436 0.815698
3435 0.816728
3434 0.804659
3438 0.794866
3440 0.794889
3441 0.796633
3444 0.797186
3442 0.796884
3443 0.797366
3445 0.796978
3447 0.798295
3446 0.797828
3448 0.798306
3450 0.799862
3452 0.801531
3451 0.80112
3454 0.802155
3453 0.80219
3449 0.798878
3455 0.801524
3456 0.801512
3457 0.801755
3463 0.831349
3458 0.801625
3459 0.801528
3460 0.832309
3461 0.831663
3462 0.831306
3465 0.830793
3464 0.831145
3471 0.830342
3469 0.830691
3468 0.83004
3466 0.830538
3467 0.830722
3470 0.830107
3472 0.829942
3473 0.829778
3478 0.828916
3475 0.829558
3477 0.8291
3476 0.829852
3474 0.829586
3479 0.828955
3480 0.828743
3481 0.828461
3486 0.841652
3482 0.828896
3483 0.828845
3487 0.818362
3484 0.828771
3485 0.842553
3490 0.818613
3488 0.818492
3494 0.826149
3492 0.821748
3491 0.820479
3495 0.845029
3489 0.818257
3493 0.824127
3501 0.855967
3496 0.842666
3497 0.828265
3498 0.825875
3500 0.853149
3499 0.826384
3502 0.85525
3503 0.856488
3506 0.850469
3504 0.855504
3507 0.857311
3505 0.855457
3509 0.825835
3508 0.826709
3511 0.848878
3510 0.849736
3515 0.843787
3512 0.849246
3517 0.83816
3519 0.83845
3513 0.84691
3518 0.838505
3516 0.839606
3514 0.843615
3520 0.836498
3526 0.837529
3521 0.836134
3525 0.836169
3523 0.836984
3524 0.836075
3527 0.838454
3522 0.837411
3528 0.838932
3535 0.811755
3529 0.839563
3530 0.839759
3532 0.815572
3534 0.815694
3531 0.815717
3533 0.816066
3536 0.811199
3539 0.812269
3537 0.812116
3540 0.811379
3543 0.811003
3541 0.811136
3538 0.812089
3542 0.810964
3544 0.809871
3545 0.809396
3548 0.809486
3547 0.809537
3550 0.809165
3546 0.809349
3549 0.809334
3551 0.8322
3552 0.832274
3553 0.833195
3554 0.833109
3557 0.833273
3556 0.83283
3558 0.833105
3555 0.832944
3559 0.832501
3563 0.829903
3560 0.830126
3561 0.829648
3566 0.830174
3565 0.830083
3562 0.829864
3564 0.830025
3567 0.831263
3569 0.828806
3568 0.829476
3574 0.829684
3572 0.830013
3573 0.830542
3575 0.829613
3571 0.828955
3570 0.828504
3576 0.829378
3577 0.829609
3580 0.830699
3581 0.831
3578 0.829954
3579 0.831639
3583 0.830514
3582 0.830957
3584 0.830503
3586 0.830828
3585 0.830467
3587 0.830334
3590 0.828978
3591 0.828735
3589 0.828982
3588 0.830209
3592 0.829127
3594 0.823249
3595 0.822458
3599 0.821787
3593 0.829609
3596 0.822896
3598 0.821478
3597 0.821756
3600 0.821666
3601 0.821086
3603 0.821721
3602 0.821529
3604 0.822054
3606 0.82214
3605 0.822168
3607 0.822697
3609 0.822744
3608 0.823892
3612 0.823935
3613 0.825056
3614 0.824542
3610 0.823731
3615 0.824836
3611 0.824358
3618 0.825075
3616 3617 0.825263
0.824852
3620 0.828712
3621 0.830177
3619 0.829719
3623 0.830044
3622 0.829731
3624 0.827481
3625 0.827329
3626 0.82678
3631 0.831192
3628 3627 0.8282340.82687

3630 0.830757
3629 0.829562
3632 0.830891
3634 0.831134
3635 0.831761
3633 0.830898
3638 0.835856
3639 0.836608
3636 0.831118
3637 0.832736
3640 0.837486
3646 0.822791
3647 0.821106
3645 0.822144
3641 0.837345
3642 0.837039
3643 0.837176
3644 0.822767
3652 0.821921
3651 0.821055
3650 0.82138
3655 0.844822
3648 0.821129
3649 0.821388
3654 0.82174
3653 0.822152
3660 0.846428
3656 0.845688
3662 0.846961
3661 0.846824
3657 0.8455
3663 0.8482
3659 0.845911
3658 0.845178
3664 0.849093
3665 0.849505
3667 0.850418
3666 0.850226
3670 0.826807
3668 0.850657
3671 0.826776
3669 0.826647
3672 0.823621
3677 0.820165
3679 0.819714
3675 0.819891
3673 0.841275
3674 0.821153
3678 0.820189
3676 0.819852
3680 0.839786
3682 0.840782
3684 0.840245
3687 0.839727
3685 0.839328
3681 0.840127
3686 0.839516
3683 0.840245
3691 0.839124
3688 0.839888
3689 0.839238
3690 0.817042
3694 0.816137
3692 0.838665
3693 0.838258
3695 0.815255
3696 0.816223
3700 0.815784
3697 0.817512
3699 0.816117
3698 0.816724
3701 0.816168
3703 0.815157
3702 0.816007
3709 0.813037
3711 0.811575
3707 0.814385
3705 0.814252
3708 0.813617
3710 0.812049
3704 0.814573
3706 0.814205
3712 0.812002
3716 0.815294
3715 0.815004
3718 0.81522
3714 0.815118
3713 0.814992
3719 0.809439
3717 0.815388
3720 0.809294
3727 0.80837
3722 0.80895
3721 0.809079
3723 0.809255
3724 0.80951
3725 0.80864
3726 0.808707
3728 0.808142
3730 0.808021
3729 0.808667
3731 0.809279
3732 0.808593
3735 0.809796
3733 0.808867
3734 0.809271
3737 0.809271
3738 0.810423
3736 0.809581
3739 0.810521
3742 0.810317
3741 0.810384
3743 0.810125
3740 0.810427
3744 0.80748
3746 0.807649
3745 0.808087
3747 0.807786
3750 0.80721
3749 0.807073
3751 0.806661
3748 0.80757
3758 0.804776
3752 0.806563
3755 0.805952
3759 0.805047
3754 0.827603
3757 0.805627
3753 0.806587
3756 0.827838
3763 0.805278
3760 0.804
3764 0.803887
3761 0.803228
3766 0.797738
3765 0.802256
3767 0.795391
3762 0.805772
3769 0.788709
3768 0.794137
3774 0.788984
3770 0.7886
3771 0.788145
3772 0.788247
3775 0.789238
3773 0.788803
3777 0.813064
3780 0.813194
3778 0.812927
3782 0.810858
3776 0.789446
3779 0.812857
3783 0.810768
3781 0.810929
3789 0.810791
3784 0.810686
3785 0.810599
3787 0.810623
3790 0.810678
3786 0.810862
3791 0.810447
3788 0.810721
3793 0.810129
3795 0.8121
3792 0.810415
3794 0.812437
3796 0.811908
3799 0.811626
3798 0.811861
3797 0.812441
3801 0.810744
3802 0.81045
3805 0.809773
3807 0.809016
3800 0.810799
3804 0.810031
3806 0.809271
3803 0.80991
3810 0.828371
3809 0.824691
3811 0.838285
3808 0.814687
3812 0.844305
3814 0.848235
3815 0.888069
3813 0.847937
3816 0.902796
3822 0.948692
3823 0.951372
3819 0.948132
3821 0.94832
3818 0.938123
3820 0.948163
3817 0.930027
3824 0.95216
3826 0.953304
3827 0.962553
3825 0.952501
3828 0.964081
3829 0.964508
3831 0.964998
3830 0.964865
3832 0.96526
3839 0.972177
3834 0.972067
3833 0.971785
3836 0.97202
3838 0.972408
3835 0.972059
3837 0.972157
3843 0.972028
3841 0.97215
3842 0.972102
3840 0.9722
3847 0.968533
3845 0.968548
3846 0.96838
3844 0.968548
3849 0.968525
3848 0.968548
3855 0.969065
3851 0.968721
3852 0.968846
3853 0.968881
3854 0.968881
3850 0.968501
3859 0.964841
3856 0.969179
3857 0.96528
3863 0.963979
3858 0.964982
3861 0.964379
3862 0.964916
3860 0.964508
3864 0.964006
3865 0.964222
3866 0.964136
3867 0.96392
3868 0.964049
3870 0.966197
3869 0.966389
3871 0.96586
3872 0.970896
3875 0.969763
3874 0.969837
3876 0.969677
3877 0.9697
3878 0.969708
3879 0.96972
3873 0.969755
3880 0.9697
3885 0.968591
3881 0.970108
3884 0.968971
3883 0.969034
3887 0.964351
3882 0.969077
3886 0.969187
3895 0.963356
3888 0.964136
3892 0.963826
3894 0.963662
3890 3889 0.963779
0.96403
3891 0.963763
3893 0.963677
3898 0.963227
3899 0.963297
3896 0.963493
3900 0.963607
3897 0.963481
3902 0.963665
3901 0.963908
3903 0.963912
3904 0.963732
3905 0.962165
3908 0.961628
3910 0.960785
3906 0.962125
3909 0.962255
3907 0.962118
3911 0.957921
3913 0.955887
3912 0.95825
3915 0.951698
3914 0.952136
3916 0.949068
3918 0.948614
3919 0.947728
3917 0.948688
3920 0.94725
3921 0.947861
3924 0.950667
3923 0.948214
3927 0.949456
3925 0.950667
3922 0.948614
3926 0.950032
3928 0.949993
3934 0.957725
3935 0.961886
3931 0.951529
3929 0.950126
3933 0.9516
3932 0.954656
3930 0.950381
3936 0.964128
3941 0.964449
3938 0.96432
3942 0.964434
3937 0.964339
3939 0.964328
3943 0.964394
3940 0.965347
3944 0.965088
3945 0.965131
3947 0.965315
3948 0.964994
3946 0.96537
3949 0.964743
3951 0.964959
3950 0.964974
3952 0.964829
3955 0.965358
3954 0.96497
3956 0.965358
3953 0.965013
3958 0.965464
3957 0.965237
3959 0.965476
3961 0.964814
3967 0.96568
3962 0.964512
3963 0.960546
3964 0.965068
3966 0.965519
3965 0.965586
3960 0.965695
3975 0.964727
3969 0.964857
3968 0.965797
3970 0.964708
3974 0.964884
3971 0.964908
3973 0.964963
3972 0.965084
3977 0.964731
3976 0.964437
3981 0.964422
3982 0.962674
3980 0.963693
3978 0.96439
3979 0.964528
3983 0.963152
3984 0.96236
3987 0.962741
3988 0.96307
3990 0.962991
3986 0.962795
3985 0.962372
3989 0.962807
3991 0.962956
3994 0.964622
3995 0.964814
3992 0.963195
3998 0.96499
3999 0.96296
3996 0.963085
3997 0.965151
3993 0.963254
4000 0.958383
4001 0.957278
4003 0.960456
4002 0.956431
4004 0.961087
4007 0.967161
4005 0.964547
4006 0.964994
4008 0.967063
4014 0.967102
4009 0.967032
4010 0.967098
4015 0.967051
4011 0.966926
4013 0.966863
4012 0.965017
4016 0.967157
4019 0.967204
4017 0.967275
4018 0.96711
4020 0.96702
4023 0.967173
4022 0.967196
4021 0.967114
4025 0.966926
4029 0.964747
4026 0.966922
4024 0.966934
4030 0.964371
4031 0.965064
4028 0.965045
4027 0.966961
4033 4039 0.964861
0.964857
4035 0.964735
4037 0.964626
4036 0.964818
4034 0.964606
4038 0.964763
4032 0.965147
4044 0.950154
4045 0.947712
4042 0.956804
4041 0.964653
4040 0.964763
4043 0.952999
4047 0.948919
4046 0.948633
4052 0.965691
4049 0.964896
4048 0.953982
4054 0.965868
4051 0.965543
4050 0.965405
4053 0.965868
4055 0.96539
4057 0.965417
4058 0.965484
4059 0.965511
4056 0.965448
4061 0.965445
4060 0.965225
4062 0.965429
4063 0.965237
4064 0.96537
4067 0.96588
4066 4068 40710.965813 0.965715

0.963861
4069 0.963952
4065 0.965484
4070 0.964089
4073 0.963748
4074 0.963603
4072 0.96392
4077 0.962952
4079 0.964814
4075 0.962917
4076 0.963038
4078 0.964524
4080 0.965002
4083 0.964147
4084 0.964861
4085 0.964818
4082 0.964249
4087 0.964841
4081 0.964116
4086 0.963834
4094 0.96439
4088 0.964959
4089 0.96481
4090 0.96468
4091 0.96472
4092 0.964837
4093 0.964825
4095 0.964434
4096 0.96392
4103 0.961357
4097 0.963716
4099 0.96374
4100 0.963779
4098 0.963697
4101 0.963744
4102 0.96372
4105 0.96414
4106 0.964026
4110 0.964108
4107 0.9641
4104 0.960899
4109 0.964167
4111 0.963897
4108 0.964002
4117 0.963595
4112 0.963908
4116 0.963767
4113 0.963787
4119 0.962176
4114 0.963771
4118 0.96354
4115 0.96394
4120 0.962513
4121 0.96269
4122 0.962509
4126 0.961831
4124 0.962737
4127 0.961267
4123 0.962572
4125 0.962631
4130 0.959821
4135 0.959997
4129 0.961275
4134 0.959739
4131 0.95966
4132 0.960064
4133 0.960041
4128 0.9616
4139 0.960589
4143 0.961122
4138 0.960534
4137 0.960182
4141 0.961228
4140 0.961099
4142 0.961012
4136 0.95979
4145 0.960182
4151 0.957462
4147 0.959445
4150 0.957196
4144 0.960558
4148 0.958998
4149 0.958579
4146 0.9597
4157 0.95611
4155 0.957521
4154 0.956721
4153 0.956898
4159 0.956635
4156 0.956243
4158 0.956196
4152 0.957047
4161 0.958442
4166 0.958818
4160 0.956718
4164 0.958849
4162 0.958399
4167 0.957768
4163 0.958399
4165 0.958971
4169 0.955377
4168 0.957776
4170 0.95562
4172 0.955393
4175 0.954104
4171 0.958156
4174 0.95448
4173 0.954911
4176 0.953167
4178 0.954296
4179 0.954327
4181 0.954974
4177 0.953825
4182 0.956004
4183 0.95707
4180 0.954601
4185 0.95812
4188 0.959081
4184 0.957247
4189 0.958932
4190 0.959414
4191 0.959386
4187 0.959084
4186 0.958947
4194 0.958669
4195 0.958959
4192 0.959418
4193 0.959304
4198 0.959151
4197 0.959809
4199 0.958967
4196 0.95903
4201 0.9599
4200 0.958986
4203 0.959437
4207 0.95526
4206 0.958238
4205 0.958301
4204 0.957983
4202 0.9593
4209 0.956083
4214 0.933836
4208 0.955319
4211 0.956106
4215 0.934659
4212 0.939945
4213 0.940717
4210 0.956102
4216 0.934663
4219 0.949037
4220 0.949683
4217 0.934792
4218 0.948778
4223 0.946631
4221 0.939706
4222 0.940106
4225 0.933969
4228 0.937339
4224 0.950769
4231 0.941505
4230 0.939847
4226 0.947591
4227 0.949417
4229 0.938186
4232 0.942587
4239 0.958524
4237 0.9562
4238 0.956898
4233 0.946736
4236 0.954848
4234 0.950107
4235 0.951937
4240 0.959688
4246 0.948014
4247 0.947904
4241 0.959323
4244 0.947356
4243 0.956608
4242 0.957842
4245 0.947281
4248 0.934306
4249 0.931614
4250 0.931234
4251 0.928945
4254 0.906197
4252 0.924317
4253 0.925285
4255 0.898505
4259 0.89662
4256 0.895456
4260 0.867006
4261 0.86779
4258 0.900021
4263 0.868781
4257 0.898975
4262 0.868409
4264 0.857507
4265 0.855892
4268 0.847796
4269 0.851801
4270 0.859113
4267 0.846021
4271 0.866206
4266 0.856249
4272 0.917898
4273 0.920171
4275 0.927664
4279 0.927856
4277 0.927233
4278 0.926747
4274 0.92594
4276 0.92195
4281 0.943155
4280 0.93866
4285 0.914454
4284 0.926547
4283 0.927895
4282 0.936199
4287 0.918937
4286 0.912248
4295 0.893038
4288 0.924694
4289 0.922699
4291 0.92913
4292 0.910245
4294 0.89089
4290 0.926786
4293 0.908345
4299 0.892391
4296 0.894182
4300 0.893543
4297 0.893602
4301 0.891486
4298 0.892771
4302 0.894727
4303 0.893383
4306 0.895264
4305 0.891329
4311 0.923733
4307 0.89564
4309 0.898736
4308 0.895793
4310 0.893853
4304 0.896122
4318 0.881838
4315 0.917424
4313 0.922095
4317 0.904453
4312 0.922671
4314 0.924831
4316 0.918541
4319 0.8825
4321 0.858902
4320 0.878319
4325 0.818253
4327 0.779779
4323 0.818276
4326 0.815255
4324 0.812853
4322 0.849532
4328 0.77624
4334 0.777913
4330 0.796233
4331 0.786675
4329 0.800328
4333 0.786291
4332 0.785374
4335 0.789089
4336 0.780582
4338 0.78037
4337 0.780935
4342 0.774375
4343 0.774226
4340 0.781538
4341 0.777819
4339 0.78287
4344 0.776706
4351 0.780272
4350 0.778007
4347 0.776824
4345 0.779971
4348 0.776941
4349 0.777882
4346 0.780382
4359 0.775503
4352 0.781769
4357 0.781797
4355 0.790602
4358 0.780805
4356 0.785798
4353 0.789395
4354 0.791217
4360 0.773575
4361 0.772784
4366 0.750243
4365 0.758449
4363 0.773023
4364 0.768931
4362 0.770993
4367 0.750176
4369 0.745881
4370 0.742543
4372 0.739651
4373 0.733812
4375 0.73112
4368 0.747661
4371 0.750874
4374 0.736237
4378 0.705624
4377 0.717804
4379 0.701317
4380 0.699056
4381 0.718023
4383 0.718967
4376 0.718203
4382 0.719191
4384 0.728122
4390 0.769903
4391 0.738036
4385 0.727996
4386 0.740713
4388 0.740948
4387 0.737029
4389 0.737056
4393 0.758574
4396 0.733353
4395 0.701611
4392 0.767756
4394 0.747915
4397 0.729666
4399 0.717141
4398 0.690067
4400 0.716005
4406 0.673851
4407 0.676622
4401 0.707219
4405 0.683483
4402 0.713466
4403 0.708779
4404 0.698954
4408 0.667405
4412 0.666288
4409 0.669799
4414 0.655272
4413 0.668831
4411 0.668827
4410 0.668036
4415 0.655617
4416 0.659571
4419 0.67083
4418 0.670677
4423 0.715158
4422 0.683436
4420 0.67891
4417 0.667663
4421 0.68047
4425 0.717455
4430 0.701862
4427 0.716702
4428 0.713156
4426 0.716134
4429 0.709711
4431 0.694099
4424 0.717357
4432 0.695733
4437 0.652952
4433 0.704253
4434 0.673157
4436 0.67286
4435 0.672844
4439 0.647674
4438 0.651467
4440 0.643853
4446 0.64341
4443 0.63647
4441 0.63261
4442 0.632011
4447 0.651017
4444 0.628527
4445 0.632148
4449 0.650495
4448 0.657945
4454 0.667385
4455 0.656134
4451 0.661464
4450 0.657138
4453 0.661656
4452 0.674603
4457 0.653043
4456 0.651111
4460 0.652067
4461 0.641851
4458 0.653607
4463 0.630553
4459 0.654383
4462 0.637614
4465 0.632849
4468 0.659971
4466 0.637763
4464 0.62946
4467 0.664258
4471 0.664513
4470 0.657467
4469 0.644907
4472 0.661754
4473 0.661946
4479 0.643904
4477 0.679231
4475 0.670457
4474 0.672303
4478 0.670602
4476 0.675689
4481 0.66985
4482 0.619334
4480 0.64903
4483 0.618158
4486 0.606872
4485 0.638876
4487 0.606903
4484 0.619753
4495 0.59771
4489 0.60175
4488 0.603122
4491 0.614173
4492 0.610552
4490 0.601233
4494 0.57734
4493 0.587243
4498 0.607573
4496 0.600402
4497 0.604928
4501 0.613863
4500 0.604442
4499 0.612668
4503 0.635071
4502 0.618032
4507 0.67768
4505 0.649704
4504 0.647208
4506 0.667295
4509 0.719685
4508 0.682061
4510 0.739153
4511 0.743499
4513 0.758821
4512 0.755761
4514 0.763837
4517 0.791311
4518 0.792699
4519 0.841463
4515 0.777337
4516 0.792475
4521 0.843787
4522 0.79878
4520 0.843329
4526 0.86199
4527 0.863502
4523 0.843744
4525 0.869522
4524 0.822121
4529 0.882403
4528 0.876434
4531 0.918835
4532 0.91784
4534 0.911382
4533 4530 0.910904
0.906334
4535 0.909983
4538 0.903842
4536 0.903321
4537 0.903552
4542 0.90278
4543 0.893931
4539 0.889731
4540 0.888974
4541 0.885624
4544 0.882504
4546 0.875219
4547 0.884272
4548 0.882834
4545 0.870893
4551 0.864306
4549 0.874671
4550 0.868577
4552 0.869134
4553 0.871622
4559 0.814718
4557 0.817971
4556 0.865979
4554 0.870247
4558 0.800473
4555 0.866986
4560 0.791194
4567 0.793572
4562 0.822524
4564 0.754644
4565 0.757242
4561 0.821627
4563 0.792205
4566 0.766306
4569 0.742217
4568 0.752982
4570 0.720363
4573 0.728137
4574 0.731735
4572 0.724379
4571 0.722647
4575 0.736837
4576 4582 0.67063
4578 0.728357
4579 0.722295
0.734572
4580 0.718148
4581 0.712251
4583 0.662545
4577 0.730234
4585 0.654896
4584 0.655978
4591 0.688742
4590 0.644641
4587 0.645311
4589 0.639621
4586 0.644888
4588 0.63542
4592 0.693762
4596 0.712427
4593 0.689792
4598 0.70776
4595 0.713893
4599 0.711444
4597 0.710025
4594 0.685607
4602 0.694452
4601 0.708759
4603 0.688597
4600 0.710268
4606 0.700463
4604 0.691779
4607 0.66271
4605 0.702195
4609 0.64807
4615 0.657443
4608 0.6466
4612 0.662714
4614 0.66028
4610 0.657451
4613 0.662769
4611 0.669243
4616 0.656099
4617 0.641384
4620 0.615568
4623 0.556156
4619 0.621916
4618 0.632638
4622 0.589218
4621 0.594332
4624 0.548079
4630 0.508547
4625 0.543855
4627 0.537773
4628 0.535962
4626 0.542561
4631 0.533113
4629 0.531487
4632 0.533678
4634 0.492711
4639 0.576486
4638 0.565831
4635 0.503868
4637 0.506051
4636 0.506826
4633 0.491391
4644 0.549368
4641 0.587682
4640 0.585519
4643 0.585045
4642 0.590817
4645 0.580996
4646 0.58238
4647 0.589955
4649 0.579456
4648 0.586953
4655 0.6057
4653 0.604536
4654 0.60014
4651 0.590108
4652 0.603086
4650 0.601111
4656 0.608941
4663 0.564506
4659 0.581102
4662 0.563538
4661 0.581326
4660 0.569961
4658 0.601554
4657 0.605685
4671 0.546852
4664 0.572399
4666 0.567136
4665 0.565419
4669 0.530453
4670 0.532365
4668 0.572058
4667 0.56752
4672 0.549372
4673 0.547115
4677 0.467937
4678 0.463089
4674 0.538588
4675 0.485281
4679 0.449672
4676 0.473674
4681 0.430078
4680 0.441238
4686 0.397807
4687 0.400248
4684 0.413901
4685 0.392979
4682 0.42813
4683 0.427425
4688 0.397866
4692 0.401644
4694 0.364541
4689 0.397082
4693 0.391741
4690 0.397403
4691 0.397325
4695 0.365391
4697 0.377955
4696 0.379236
4699 0.390565
4700 0.391474
4698 0.385259
4702 0.392685
4703 0.389319
4701 0.382418
4705 0.390812
4704 0.414027
4706 0.392611
4711 0.439126
4710 0.433205
4709 0.425348
4707 0.393293
4708 0.409438
4712 0.443088
4714 0.464516
4715 0.455538
4713 0.464861
4718 0.494224
4716 0.488142
4717 0.496767
4719 0.515992
4720 0.51542
4725 0.538118
4723 0.530954
4721 0.527165
4722 0.519942
4726 0.5523
4727 0.549823
4724 0.53646
4729 0.536001
4730 0.533991
4733 0.539932
4728 0.552644
4732 0.541974
4735 0.522349
4734 0.533247
4731 0.533184
4737 0.518101
4738 0.514413
4741 0.534136
4742 0.504224
4739 0.51464
4740 0.512736
4736 0.521577
4743 0.495454
4744 0.485787
4749 0.446874
4746 0.477804
4747 0.459931
4745 0.481441
4748 0.457564
4750 0.445208
4751 0.438088
4753 0.410288
4752 0.43058
4754 0.410269
4757 0.399175
4755 0.421982
4756 0.405143
4759 0.367515
4758 0.383014
4760 0.364576
4766 0.311728
4762 0.342929
4761 0.35135
4763 0.339645
4764 0.327571
4765 0.316278
4767 0.299541
4768 0.290245
4769 0.260878
4770 0.269739
4772 0.252567
4774 0.235113
4771 0.256015
4775 0.233224
4773 0.244545
4777 0.20189
4778 0.196701
4782 0.161558
4779 0.192391
4776 0.213309
4783 0.15537
4781 0.178632
4780 0.182958
4785 0.14457
4784 0.151902
4789 0.114545
4786 0.136192
4791 0.10126
4790 0.109544
4788 0.122708
4787 0.131858
4793 0.0895942
4795 0.0713093
4792 0.093701
4799 0.0589104
4796 0.0686759
4797 0.0640949
4794 0.0771287
4798 0.0605289
4800 0.0551759
4806 0.0509162
4801 0.0521741
4807 0.0510808
4803 0.0501873
4805 0.0508104
4804 0.0504734
4802 0.0503284
4808 0.0511709
4814 0.0508809
4809 0.0512023
4812 0.050783
4811 0.0512336
4815 0.0508692
4813 0.0507399
4810 0.0512179
4816 0.0510377
4817 0.0510494
4821 0.0507751
4818 0.0510573
4823 0.0510808
4820 0.0508653
4819 0.0504773
4822 0.050924
4830 0.0512023
4824 0.0509789
4825 0.0510965
4828 0.0510769
4831 0.0514374
4826 0.0511905
4827 0.0510573
4829 0.0512336
4833 0.0523191
4835 0.0528991
4839 0.0534869
4836 0.0525072
4832 0.0515001
4834 0.0526052
4837 0.0529892
4838 0.0532047
4843 0.0538553
4840 0.0536045
4844 0.0540081
4842 0.0535535
4841 0.0534987
4847 0.0541257
4846 0.0540042
4845 0.0541452
4849 0.0544979
4851 0.0543451
4850 0.0545214
4853 0.0545567
4848 0.0543333
4852 0.0544235
4854 0.0551406
4855 0.0552425
4859 0.0527031
4856 0.0553091
4861 0.0531146
4860 0.0529892
4858 0.0529148
4862 0.0533027
4857 0.0551955
4863 0.0535614
4864 0.0534947
4865 0.0529069
4871 0.0527894
4869 0.0530441
4866 0.0528873
4870 0.0526796
4868 0.052613
4867 0.0528795
4874 0.0519116
4872 0.0522251
4873 0.0521036
4876 0.0520801
4878 0.0523505
4879 0.0523622
4877 0.0521859
4875 0.0520252
4880 0.0523309
4881 0.0524053
4886 0.0511984
4882 0.0522956
4887 0.0513708
4884 0.0511631
4885 0.0511592
4883 0.0509319
4888 0.0512297
4889 0.0512493
4891 0.0512767
4893 0.0513904
4894 0.0517195
4890 0.0513982
4895 0.0516177
4892 0.05141
4896 0.0512062
4899 0.0515667
4898 0.0511278
4903 0.0523465
4900 0.0518489
4897 0.0509123
4901 0.0519351
4902 0.052084
4904 0.0532792
4909 0.0541727
4907 0.0536241
4910 0.0537259
4908 0.0540355
4905 0.0537847
4906 0.0541217
4911 0.0528756
4912 0.0526091
4915 0.0513786
4914 0.051504
4916 0.0529187
4913 0.0519899
4917 0.0604035
4918 0.0642125
4919 0.0721401
4920 0.0771678
4922 0.0860751
4924 0.0893238
4925 0.0922785
4923 0.0874193
4927 0.1036
4926 0.0984349
4921 0.0814824
4929 0.124252
4930 0.129679
4931 0.139256
4932 0.147247
4928 0.113906
4934 0.151436
4935 0.154297
4933 0.147627
4936 0.156914
4937 0.159367
4939 0.1628
4941 0.164658
4942 0.165998
4938 0.161723
4940 0.163925
4943 0.169489
4944 0.17302
4945 0.173585
4947 0.184142
4948 0.187065
4946 0.179478
4950 0.183428
4951 0.182719
4949 0.186814
4953 0.174302
4952 0.179278
4959 0.158368
4956 0.164489
4954 0.17295
4958 49550.16041
 0.168847
4957 0.164383
4961 0.153862
4960 0.157098
4967 0.134158
4963 0.151056
4962 0.151918
4966 0.135385
4964 0.146063
4965 0.138194
4971 0.1362
4975 0.150292
4973 0.142407
4969 0.133249
4972 0.138014
4968 0.133519
4974 0.14689
4970 0.134342
4982 0.162205
4976 0.156734
4977 0.161056
4980 0.163737
4983 0.157471
4979 0.163694
4981 0.16347
4978 0.161946
4986 0.162248
4984 0.158153
4985 0.158881
4987 0.163137
4988 0.164744
4989 0.1661
4991 0.170602
4990 0.167538
4992 0.172601
4993 0.173871
4994 0.175042
4999 0.184639
4998 0.1825
4996 0.178232
4995 0.177131
4997 0.181649
5000 0.185921
5005 0.175842
5001 0.185913
5003 0.181622
5004 0.177456
5007 0.165841
5006 0.168294
5002 0.18507
5008 0.16231
5009 0.163016
5015 0.1327
5011 0.159195
5014 0.144539
5013 0.14758
5010 0.161597
5012 0.152913
5021 0.098137
5016 0.124295
5020 0.10282
5023 0.0920356
5018 0.112683
5017 0.121371
5019 0.106018
5022 0.0931916
5026 0.0833046
5024 0.0888888
5030 0.0726339
5027 0.0801187
5029 0.0753143
5028 0.0770229
5025 0.085358
5031 0.0702003
5033 0.0660465
5035 0.0676845
5032 0.0689267
5037 0.0689659
5038 0.0695968
5034 0.0674572
5036 0.0683272
5039 0.0704119
5041 0.0710272
5040 0.0708743
5042 0.0716777
5045 0.0729787
5044 0.0721127
5047 0.0765487
5046 0.0754044
5043 0.0722106
5048 0.0828657
5049 0.0938695
5050 0.0966205
5055 0.132085
5052 0.109015
5051 0.102914
5053 0.114216
5054 0.12315
5056 0.13696
5057 0.145675
5058 0.150358
5062 0.197524
5061 0.181935
5060 0.171041
5059 0.160825
5063 0.211451
5065 0.222428
5064 0.223149
5067 0.23313
5069 0.24226
5070 0.250141
5071 0.256258
5068 0.233722
5066 0.234717
5072 0.26785
5077 0.319178
5074 0.297146
5079 0.327807
5076 0.312163
5073 0.287134
5078 0.325859
5075 0.303836
5083 0.328061
5080 0.328747
5081 0.332039
5082 0.344689
5086 0.339316
5084 0.343105
5087 0.337937
5085 0.338626
5088 0.331138
5091 0.310588
5089 0.330891
5092 0.306845
5094 0.299208
5093 0.303307
5095 0.297311
5090 0.326482
5098 0.287953
5099 0.275613
5097 0.294493
5101 0.261474
5100 0.266827
5096 0.298232
5102 0.246579
5103 0.233028
5104 0.230685
5110 0.189036
5105 0.22146
5111 0.179925
5106 0.217925
5108 0.199123
5109 0.175105
5107 0.210495
5113 0.159113
5112 0.159877
5114 0.151926
5118 0.124502
5116 0.146204
5117 0.13522
5119 0.120936
5115 0.149206
5126 0.0745227
5120 0.112143
5122 0.102894
5127 0.0687465
5124 0.084876
5123 0.0950373
5125 0.0817136
5121 0.105634
5129 0.0595178
5132 0.0529187
5128 0.0654273
5130 0.0535574
5135 0.0525817
5134 0.0523152
5131 0.0529657
5133 0.0520918
5136 0.05295
5140 0.0530206
5137 0.0527737
5141 0.0531852
5138 0.0530206
5143 0.0532047
5142 0.0530989
5139 0.0531068
5148 0.0533733
5146 0.0533811
5144 0.0532596
5145 0.0532831
5151 0.0533811
5147 0.0533654
5149 0.0533733
5150 0.0534124
5153 0.0534908
5152 0.0535418
5155 0.0536476
5159 0.0518332
5156 0.0537808
5154 0.0535809
5158 0.0514296
5157 0.0537495
5163 0.0524328
5160 0.0518763
5161 0.0521467
5164 0.0524092
5167 0.0525973
5165 0.0525346
5162 0.0523779
5166 0.0525542
5168 0.0526796
5169 0.0528207
5170 0.0531342
5175 0.0533615
5171 0.0532204
5173 0.0532204
5174 0.0532283
5172 0.0532243
5177 5178 0.0534477
5179 0.0536241
0.0535026
5176 0.053287
5180 0.0535574
5183 0.0508496
5182 0.0534007
5181 0.0533968
5184 0.0512258
5191 0.0518998
5186 0.0511121
5189 0.0514766
5190 0.0517117
5185 0.0511905
5187 0.0513629
5188 0.0514452
5193 0.0519233
5192 0.0519194
51955194  0.05200560.0514687

5197 0.0521937
5199 0.0525425
5198 0.0522015
5196 0.0521114
5200 0.05266
5202 0.0527031
5203 0.0527737
5201 0.0526091
5206 0.0528521
5204 0.0526718
5207 0.0527776
5205 0.0526287
5208 0.0529148
5210 0.0530519
5212 0.0530558
5211 0.0530166
5209 0.0528638
5213 0.0531029
5215 0.0533693
5214 0.0533106
5216 0.0532243
5220 0.0515393
5217 0.0532439
5219 0.0514766
5222 0.0515902
5223 0.0516843
5221 0.0517039
5218 0.0532753
5225 0.0518724
5230 0.0526522
5226 0.0520056
5229 0.0521114
5231 0.052856
5227 0.0520722
5224 0.0518606
5228 0.0519507
5232 0.0528912
5234 0.0530362
5237 0.0530989
5235 0.0530911
5238 0.053146
5239 0.053001
5236 0.0530754
5233 0.0529931
5241 0.052903
5240 0.0529814
5247 0.0523583
5244 0.051747
5246 0.052421
5243 0.0529344
5242 0.0529344
5245 0.0522956
5248 0.0521898
5254 0.0526287
5251 0.052566
5250 0.0521937
5249 0.052178
5252 0.0525464
5255 0.0527149
5253 0.05266
5258 0.0568609
5256 0.0528246
5257 0.0533262
5260 0.0727985
5259 0.0648944
5263 0.0919493
5261 0.0766937
5262 0.0849348
5264 0.0937911
5267 0.104866
5268 0.107859
5269 0.108953
5271 0.11168
5265 0.0991246
5270 0.110391
5266 0.103263
5272 0.113538
5273 0.114968
5274 0.116304
5275 0.11775
5278 0.120591
5277 0.119784
5276 0.118432
5279 0.121211
5280 0.122237
5285 0.124651
5281 0.122711
5287 0.126791
5282 0.123342
5286 0.125411
5284 0.124189
5283 0.124024
5289 0.131889
5294 0.159058
5290 0.139989
5291 0.142905
5292 0.151326
5293 0.15972
5295 0.168612
5288 0.12839
5296 0.177656
5298 0.19116
5299 0.196944
5301 0.202956
5303 0.210793
5302 0.209273
5300 0.199303
5297 0.183131
5304 0.214916
5308 0.225661
5305 0.218705
5309 0.225719
5310 0.227887
5306 0.220406
5307 0.224164
5311 0.229231
5313 0.230939
5319 0.230442
5314 0.232566
5318 0.231809
5316 0.230912
5317 0.232765
5315 0.232601
5312 0.229975
5321 0.228949
5322 0.228165
5323 0.226699
5320 0.230081
5326 0.224481
5327 0.223952
5324 0.226872
5325 0.226045
5328 0.222698
5332 0.234439
5334 0.237162
5331 0.230888
5335 0.244784
5333 0.236363
5329 0.225649
5330 0.227757
5337 0.253637
5336 0.247002
5343 0.260185
5339 0.25986
5338 0.25915
5342 0.25955
5341 0.258449
5340 0.261067
5345 0.262407
5344 0.260918
5346 0.264762
5347 0.266259
5349 0.268218
5350 0.269108
5348 0.267192
5351 0.270283
5352 0.274257
5354 0.28146
5353 0.27872
5359 0.313989
5358 0.307688
5356 0.298479
5355 0.290747
5357 0.301128
5361 0.326094
5362 0.327995
5367 0.335867
5363 0.329547
5366 0.337196
5360 0.318163
5365 0.335993
5364 0.333069
5369 0.330765
5370 0.332184
5368 0.337737
5371 0.333967
5372 0.334151
5373 0.334265
5375 0.336788
5374 0.336079
5377 0.34066
5379 0.342443
5383 0.348204
5381 0.344759
5378 0.340605
5380 0.343293
5376 0.338093
5382 0.347334
5386 0.353757
5384 0.34914
5385 0.351237
5389 0.362534
5391 0.368902
5390 0.364655
5388 0.357185
5387 0.354368
5394 0.373456
5392 0.371046
5395 0.37627
5393 0.372026
5396 0.377876
5399 0.377108
5397 0.378864
5398 0.376936
5403 0.379942
5400 0.378119
5402 0.381054
5401 0.38038
5407 0.38533
5405 0.381176
5406 0.384142
5404 0.380169
5409 0.387803
5408 0.386776
5411 0.390432
5412 0.391188
5413 0.391894
5410 0.39113
5414 0.392058
5415 0.393132
5417 0.396549
5418 0.399986
5416 0.394539
5419 0.40521
5423 0.422777
5420 0.408866
5421 0.414709
5422 0.419897
5425 0.429741
5424 0.424415
5426 0.431124
5427 0.434557
5430 0.440263
5428 0.437375
5431 0.443986
5429 0.435059
5434 0.455432
5433 0.454884
5435 0.45542
5437 5436 0.468325
0.46122
5439 0.473901
5432 0.448441
5438 0.470492
5442 0.49047
5444 0.49009
5441 0.482381
5440 0.480959
5445 0.497672
5443 0.496418
5446 0.504687
5447 0.510295
5451 0.51948
5449 0.516584
5448 0.515166
5455 0.527925
5453 0.526236
5452 0.52693
5450 0.517286
5454 0.522932
5457 0.522055
5458 0.522019
5459 0.522172
5456 0.528007
5461 0.533544
5462 0.534579
5460 0.522521
5463 0.532404
5466 0.537502
5465 0.538498
5464 0.53262
5471 0.529853
5470 0.540422
5468 0.536883
5469 0.541789
5467 0.552621
5475 0.52671
5472 0.527858
5476 0.525821
5479 0.553679
5478 0.551065
5477 0.551571
5474 0.525926
5473 0.525484
5480 0.55641
5482 0.561199
5484 0.565404
5481 0.555438
5483 0.561187
5485 0.567034
5487 0.579531
5486 0.575616
5488 0.583277
5490 0.585432
5491 0.588168
5492 0.58863
5493 0.587149
5495 0.59309
5494 0.591938
5489 0.582309
5497 0.594834
5498 0.599806
5496 0.594312
5499 0.611096
5500 0.616151
5503 0.62141
5502 0.619608
5501 0.616445
5506 0.633943
5504 0.622774
5511 5505 0.62605
0.654931
5510 0.65142
5507 0.63475
5509 0.640557
5508 0.638469
5512 0.655735
5513 0.655833
5514 0.655366
5515 0.654249
5518 0.65383
5517 0.644076
5516 0.644178
5519 0.662867
5520 0.664697
5521 0.670971
5522 0.672276
5523 0.675258
5524 0.677213
5527 0.700738
5525 0.6788
5526 0.679855
5530 0.706953
5528 0.695102
5529 0.701956
5532 0.6923
5531 0.710201
5533 0.693519
5534 0.696878
5535 0.698649
5537 0.706953
5536 0.704511
5542 0.725504
5541 0.722969
5538 0.713799
5543 0.72213
5539 0.718278
5540 0.714829
5547 0.747813
5546 0.737147
5545 0.735042
5550 0.756047
5544 0.741473
5551 0.780233
5549 0.75384
5548 0.749397
5552 0.780127
5557 0.779798
5554 0.77979
5556 0.78079
5553 0.779426
5558 0.779771
5559 0.776459
5555 0.781319
5561 0.778717
5564 0.792808
5560 0.778552
5562 0.777419
5567 0.793439
5563 0.791997
5565 0.793094
5566 0.79351
5569 0.799125
5573 0.801018
5568 0.793192
5571 0.801398
5570 0.799717
5574 0.809675
5575 0.809792
5572 0.800979
5576 0.80808
5579 0.795896
5577 0.798585
5581 0.793149
5580 0.795845
5582 0.792181
5578 0.795371
5583 0.790316
5584 0.789615
5587 0.793138
5586 0.793533
5585 0.788995
5589 0.794344
5588 0.794576
5591 0.778129
5590 0.794356
5592 0.779081
5593 0.795422
5594 0.785958
5596 0.78519
5595 0.786131
5597 0.783979
5598 0.784105
5599 0.783243
5600 0.782788
5603 0.782435
5601 0.782721
5605 0.782157
5602 0.782588
5606 0.782514
5607 0.785155
5604 0.781801
5610 0.785998
5608 0.786789
5609 0.787608
5611 0.785888
5613 0.785755
5614 0.785304
5612 0.785813
5615 0.785461
5618 0.785747
5622 0.785116
5623 0.78403
5620 0.7853
5616 0.785539
5621 0.786154
5619 0.785872
5617 0.785974
5629 0.784936
5624 0.77838
5625 0.784767
5628 0.784618
5626 0.78445
5627 0.78425
5630 0.785108
5631 0.785904
5633 0.786989
5639 0.789462
5637 0.788478
5634 0.788921
5632 0.786135
5636 0.789665
5635 0.78954
5638 0.789074
5640 0.788192
5642 0.792965
5643 0.79244
5647 0.840413
5645 0.83479
5641 0.788796
5646 0.836428
5644 0.834641
5648 0.839575
5654 0.862875
5651 0.844751
5655 0.91559
5649 0.845394
5650 0.846456
5653 0.858839
5652 0.856276
5656 0.915175
5657 0.914003
5658 0.912757
5659 0.912177
5663 0.911965
5661 0.911793
5660 0.911981
5662 0.911045
5666 0.911977
5664 0.911558
5665 0.889695
5669 0.892329
5670 0.888202
5668 0.911726
5671 0.88736
5667 0.906805
5672 0.885588
5674 0.884632
5676 0.888034
5675 0.884621
5673 0.88618
5677 0.89035
5678 0.882453
5679 0.895856
5681 0.896925
5680 0.897494
5686 0.890961
5683 0.892215
5682 0.89312
5684 0.891224
5685 0.889938
5687 0.89111
5688 0.898023
5690 0.898038
5689 0.892626
5691 0.894351
5693 0.897368
5694 0.911683
5695 0.911746
5692 0.898007
5696 0.910535
5697 0.907181
5699 0.909724
5698 0.910159
5700 0.912734
5703 0.912835
5702 0.912353
5701 0.912009
5705 0.912749
5706 0.912557
5707 0.912585
5704 0.912569
5711 0.911045
5710 0.911209
5709 0.911762
5708 0.912506
5719 0.910766
5712 0.910951
5713 0.910911
5718 0.910606
5714 0.911013
5715 0.910621
5716 0.910496
5717 0.910457
5720 0.910806
5721 0.910841
5722 0.910966
5723 0.910786
5725 0.910888
5726 0.910931
5724 0.911052
5727 0.911452
5728 0.911346
5729 0.91128
5733 0.91068
5732 0.910723
5734 0.910762
5735 0.910829
5731 0.910864
5730 0.911319

