8 0.123805
11 0.134589
8 0.129448
9 0.132853
7 0.124553
9 0.126846
13 0.136897
10 0.131254
7 0.127896
10 0.136933
11 0.138904
12 0.142924
12 0.142493
13 0.144598
15 0.144743
18 0.148544
16 0.146189
20 0.148799
14 0.146353
19 0.147693
17 0.148994
22 0.153701
27 0.158721
23 0.154665
24 0.154818
21 0.153007
25 0.155257
26 0.154935
28 0.161632
30 0.165151
31 0.16833
33 0.170136
29 0.163153
32 0.169102
34 0.170563
35 0.171457
36 0.172421
38 0.17485
41 0.177296
40 0.176645
37 0.175422
39 0.174964
44 0.176367
42 0.177895
45 0.177186
43 0.178867
48 0.178569
46 0.179353
47 0.17913
50 0.180815
49 0.179459
51 0.179553
55 0.185219
52 0.180435
53 0.181657
54 0.184577
59 0.189522
57 0.187104
58 0.18913
56 0.185474
60 0.189052
62 0.189232
61 0.189322
64 0.188664
66 0.186023
63 0.189628
65 0.188331
69 0.180505
67 0.184165
68 0.184153
70 0.182739
73 0.187978
75 0.190227
72 0.185784
74 0.188742
71 0.184079
76 0.191058
77 0.19192
78 0.191411
82 0.203508
81 0.202587
79 0.194142
83 0.205342
80 0.195643
84 0.20776
85 0.212815
87 0.21921
88 0.223337
89 0.228439
86 0.214857
90 0.234031
91 0.235908
93 0.240309
97 0.242041
96 0.23784
92 0.235532
95 0.235763
94 0.234407
99 0.246105
101 0.246375
98 0.242311
103 0.246434
104 0.246485
102 0.247069
100 0.246665
108 0.242292
106 0.244
107 0.242582
105 0.244357
110 0.246751
111 0.249659
109 0.244686
114 0.257187
112 0.252837
113 0.254318
115 0.260455
117 0.260996
118 0.262097
116 0.261035
119 0.261972
120 0.264656
125 0.271565
123 0.269006
121 0.266247
122 0.267677
124 0.267889
127 0.273473
126 0.268712
128 0.271298
131 0.279398
129 0.275797
130 0.27814
132 0.281146
136 0.287091
137 0.289336
133 0.283348
138 0.291558
134 0.284795
135 0.286448
139 0.293122
140 0.294674
142 0.294932
143 0.296739
146 0.288631
144 0.288917
141 0.294219
145 0.288
147 0.288662
150 0.287342
148 0.287781
151 0.282083
149 0.287628
152 0.283043
153 0.286009
154 0.284128
156 0.279081
157 0.278039
159 0.274908
155 0.280629
160 0.275037
158 0.277392
161 0.274288
163 0.272541
167 0.275272
162 0.273446
164 0.272615
166 0.271631
165 0.275472
171 0.268011
168 0.276898
169 0.268571
174 0.267301
172 0.267207
173 0.266584
170 0.268289
175 0.267242
176 0.269402
177 0.268175
178 0.26747
179 0.267681
180 0.272329
181 0.272019
187 0.268316
184 0.270828
182 0.271773
185 0.270883
188 0.269837
183 0.27133
186 0.26997
189 0.269602
195 0.268747
190 0.270973
192 0.270997
194 0.267195
193 0.270769
191 0.271177
196 0.269386
199 0.271416
200 0.272137
202 0.270585
197 0.269911
201 0.27111
198 0.269515
203 0.270491
209 0.268163
207 0.268297
205 0.268391
208 0.268265
204 0.270303
206 0.268136
211 0.268708
212 0.268724
215 0.26794
210 0.268818
216 0.267262
214 0.267916
213 0.267756
217 0.267227
222 0.268591
220 0.268007
223 0.268963
218 0.267579
221 0.268336
219 0.267344
226 0.269143
229 0.269809
224 0.269018
225 0.26912
227 0.269147
230 0.270197
228 0.269014
231 0.270597
235 0.271424
233 0.271557
237 0.270366
232 0.27142
236 0.271161
234 0.271757
238 0.269778
241 0.272125
240 0.269104
242 0.271757
243 0.271851
239 0.268696
244 0.265906
245 0.26754
247 0.268355
248 0.267478
249 0.267172
251 0.268634
246 0.269037
250 0.268567
253 0.267509
258 0.269237
254 0.267544
256 0.268931
252 0.268014
257 0.268998
255 0.268583
259 0.26939
260 0.269382
265 0.269895
262 0.268857
263 0.2695
261 0.268351
264 0.270287
266 0.270189
268 0.270683
270 0.266529
267 0.269954
269 0.266
272 0.265491
271 0.264899
273 0.266835
275 0.265847
279 0.266463
278 0.26495
277 0.264801
274 0.26622
276 0.264636
280 0.267885
281 0.268755
283 0.27325
284 0.274927
285 0.277388
282 0.271388
286 0.277933
288 0.278858
287 0.277533
290 0.278991
289 0.279057
292 0.277388
291 0.278525
293 0.276796
295 0.271522
294 0.272494
296 0.271878
297 0.270264
300 0.266545
298 0.268348
299 0.268042
304 0.262642
303 0.261944
302 0.263026
301 0.264593
305 0.262626
306 0.261631
307 0.26227
309 0.262654
313 0.266478
314 0.267462
308 0.26207
311 0.264997
312 0.265589
310 0.265064
316 0.267246
317 0.26736
320 0.264072
318 0.267521
315 0.267266
321 0.264382
319 0.264205
324 0.265471
322 0.264691
326 0.265683
323 0.265142
327 0.26522
325 0.265742
328 0.26544
329 0.265471
331 0.267337
330 0.267317
332 0.26734
334 0.267658
335 0.267626
333 0.267748
339 0.268257
338 0.267834
336 0.267713
341 0.268069
340 0.268622
337 0.267532
342 0.268692
343 0.269092
344 0.266533
348 0.271921
345 0.268007
346 0.269605
347 0.27073
349 0.274183
351 0.274132
352 0.274896
350 0.273885
356 0.274755
355 0.274657
353 0.274602
354 0.274245
360 0.274998
359 0.274876
357 0.274269
358 0.274688
361 0.274841
362 0.274755
363 0.274892
365 0.274684
364 0.274813
366 0.274684
370 0.272192
368 0.274006
367 0.27421
369 0.271146
374 0.27238
373 0.271596
372 0.272403
371 0.272352
376 0.27153
375 0.271823
377 0.2712
379 0.270828
381 0.271126
378 0.270895
382 0.270722
380 0.27122
384 0.272791
383 0.271428
385 0.274116
387 0.276385
388 0.276871
389 0.278846
391 0.284175
386 0.274904
390 0.280605
394 0.285128
395 0.28586
392 0.285465
393 0.287636
398 0.288376
397 0.288188
396 0.287283
399 0.288917
405 0.292902
401 0.290684
400 0.290324
402 0.29159
404 0.291723
403 0.292224
406 0.294623
407 0.296449
409 0.310678
408 0.303122
411 0.317849
410 0.3131
412 0.319373
414 0.324625
418 0.344818
413 0.324989
415 0.327697
417 0.340288
416 0.330448
419 0.337666
420 0.344857
421 0.348066
422 0.351303
423 0.358463
424 0.365658
425 0.374436
426 0.378731
427 0.38725
428 0.390691
430 0.402945
431 0.405797
432 0.411679
429 0.396726
433 0.414097
434 0.415876
436 0.421022
437 0.421852
435 0.418063
438 0.422793
439 0.424592
440 0.425407
441 0.427613
442 0.416676
443 0.418059
444 0.415594
446 0.432833
445 0.432719
447 0.435043
448 0.418185
449 0.41916
454 0.425422
453 0.450056
452 0.446874
451 0.445377
450 0.421237
455 0.425661
456 0.428024
459 0.433703
458 0.431489
461 0.435623
460 0.435752
457 0.430074
463 0.439585
462 0.43884
465 0.441838
467 0.443554
466 0.443241
468 0.44417
464 0.439792
472 0.447407
469 0.445486
470 0.446039
474 0.449966
471 0.446674
473 0.447842
475 0.449491
479 0.453477
477 0.450922
476 0.449993
478 0.452274
482 0.455064
481 0.455898
480 0.454915
483 0.455942
484 0.456612
485 0.456874
487 0.457309
488 0.45787
486 0.457454
489 0.45754
490 0.457819
492 0.459339
496 0.457399
491 0.458646
494 0.456667
495 0.457235
493 0.459402
503 0.467682
497 0.457176
500 0.458563
501 0.460805
499 0.457736
502 0.46501
498 0.457466
505 0.477867
504 0.472581
508 0.490603
510 0.503186
506 0.480786
509 0.492707
507 0.485998
511 0.507097
513 0.504213
514 0.50703
517 0.515009
512 0.508982
516 0.512172
515 0.508519
518 0.517047
520 0.545406
519 0.542761
522 0.551202
523 0.553789
524 0.554996
521 0.548267
525 0.5573
526 0.558558
527 0.559436
529 0.587141
530 0.586569
528 0.56018
531 0.584743
532 0.583089
533 0.582556
537 0.576999
536 0.578277
534 0.580189
538 0.576725
535 0.578951
541 0.57426
540 0.574585
542 0.574248
539 0.576059
544 0.567481
545 0.568147
543 0.57319
547 0.567892
548 0.567594
546 0.56772
549 0.56667
551 0.564828
552 0.564444
550 0.56529
555 0.572559
557 0.572121
553 0.572414
554 0.572077
558 0.571901
556 0.572297
559 0.571831
560 0.569005
562 0.562265
563 0.561638
561 0.562958
566 0.564792
564 0.561132
565 0.560211
568 0.559255
569 0.553205
567 0.559357
573 0.555599
572 0.553844
570 0.553291
571 0.553424
577 0.562159
574 0.55741
575 0.558981
576 0.560462
579 0.565447
580 0.567732
578 0.563272
581 0.569142
582 0.56993
587 0.590633
586 0.578575
584 0.573849
585 0.576
583 0.572383
588 0.591742
591 0.587251
589 0.584496
593 0.587862
594 0.59124
592 0.587427
590 0.584731
596 0.597298
600 0.609936
595 0.594449
598 0.603263
599 0.60621
601 0.614709
597 0.601433
604 0.632073
602 0.617837
603 0.621457
605 0.634852
606 0.641228
607 0.646729
608 0.648975
609 0.652169
612 0.658905
613 0.668651
611 0.65642
610 0.654873
614 0.670191
615 0.67344
619 0.696819
617 0.69167
618 0.69225
616 0.691626
620 0.697681
622 0.698563
621 0.698363
623 0.698269
629 0.697748
628 0.697669
625 0.698288
627 0.69761
624 0.698351
626 0.698233
632 0.699072
633 0.699417
630 0.698069
631 0.699205
634 0.703108
635 0.703214
636 0.703018
639 0.702536
637 0.696055
638 0.696196
642 0.69571
640 0.695816
641 0.696172
643 0.694961
644 0.692743
650 0.695392
649 0.694852
648 0.693441
646 0.692383
647 0.692794
645 0.692822
655 0.698966
651 0.696274
654 0.697477
652 0.696995
657 0.699934
656 0.699374
653 0.697156
659 0.693809
661 0.694765
658 0.693719
660 0.694201
664 0.696909
663 0.695988
662 0.69502
665 0.714723
666 0.715464
667 0.714641
669 0.719837
668 0.714477
670 0.719022
671 0.720073
673 0.700185
672 0.699993
676 0.694565
674 0.692794
675 0.693562
678 0.694997
677 0.694671
681 0.713716
683 0.714829
679 0.695643
680 0.696027
684 0.715401
682 0.714375
685 0.71577
689 0.715895
686 0.715519
687 0.715691
690 0.716134
688 0.71577
692 0.716322
691 0.715785
694 0.717008
693 0.716569
696 0.717494
698 0.718489
695 0.717713
699 0.719257
697 0.717949
705 0.720527
700 0.719152
701 0.719148
706 0.72059
703 0.720069
704 0.72028
702 0.71983
707 0.719716
708 0.720029
709 0.720441
711 0.720939
712 0.720923
710 0.720872
713 0.720637
717 0.723196
718 0.723298
716 0.722859
714 0.721577
719 0.734831
715 0.721997
720 0.734372
722 0.734443
721 0.734431
725 0.735156
723 0.734623
727 0.737727
726 0.736555
724 0.735375
728 0.738393
730 0.738839
729 0.737903
732 0.739858
731 0.739267
733 0.740795
734 0.742264
735 0.745474
736 0.749518
738 0.74913
741 0.750388
740 0.750443
739 0.749044
737 0.74824
742 0.750184
743 0.749945
744 0.750662
746 0.755561
747 0.757935
745 0.753492
748 0.756583
752 0.758888
749 0.756391
750 0.756971
755 0.760867
753 0.75955
754 0.760502
751 0.757269
756 0.760177
758 0.757391
757 0.757767
761 0.763339
762 0.761944
760 0.761517
759 0.758743
766 0.762085
765 0.760032
763 0.762822
767 0.763422
764 0.761933
769 0.778458
768 0.768853
770 0.77874
771 0.777537
772 0.77568
773 0.776001
775 0.777
776 0.777223
774 0.777666
777 0.776836
778 0.774261
780 0.773599
779 0.773763
781 0.776162
782 0.776393
783 0.77718
784 0.776812
786 0.774194
785 0.775507
790 0.776495
789 0.775245
787 0.774371
788 0.774014
792 0.776307
797 0.768986
796 0.768896
791 0.776828
794 0.767556
795 0.766921
793 0.774888
798 0.77015
801 0.767732
799 0.770362
800 0.768395
803 0.766137
802 0.766514
804 0.76696
806 0.766905
807 0.767144
808 0.767458
810 0.768508
811 0.770424
805 0.766839
809 0.767744
813 0.783345
812 0.777537
815 0.791566
814 0.786268
818 0.796519
816 0.792714
817 0.795348
820 0.802778
819 0.803307
822 0.804576
825 0.813973
821 0.80304
823 0.811947
824 0.811814
826 0.820522
829 0.826263
831 0.824201
828 0.823367
830 0.823371
832 0.827395
827 0.822277
836 0.829931
833 0.828626
834 0.829319
837 0.828422
835 0.829131
838 0.828637
839 0.82879
840 0.829213
841 0.828833
845 0.835613
846 0.835632
843 0.828822
844 0.83615
842 0.828516
847 0.834931
848 0.834958
853 0.834555
849 0.834402
852 0.834617
851 0.834425
850 0.833794
855 0.833634
856 0.833783
857 0.833544
859 0.833316
858 0.832196
854 0.834441
860 0.832513
867 0.833085
865 0.832235
861 0.833042
862 0.832086
863 0.832133
864 0.832595
866 0.832662
869 0.834367
873 0.834308
868 0.833356
870 0.835182
874 0.834817
872 0.834739
871 0.834809
879 0.851464
880 0.851056
878 0.82743
876 0.82984
877 0.829355
875 0.83294
881 0.851397
884 0.84965
888 0.84932
882 0.850398
883 0.850904
887 0.84985
885 0.849391
886 0.849168
889 0.848423
890 0.849563
891 0.847487
893 0.843411
894 0.841369
895 0.839849
892 0.846867
896 0.83939
899 0.838697
897 0.839547
898 0.839477
902 0.839371
900 0.838748
901 0.838857
903 0.838814
908 0.840699
904 0.841162
905 0.834841
907 0.840821
909 0.840672
906 0.840876
911 0.837694
910 0.840554
916 0.841154
915 0.840684
912 0.835393
913 0.835871
914 0.835511
918 0.831843
917 0.835511
922 0.834829
921 0.84037
919 0.834849
923 0.839692
920 0.83535
924 0.834903
925 0.839771
926 0.840057
928 0.841836
929 0.840182
927 0.840495
930 0.840492
931 0.839904
933 0.841652
932 0.840162
936 0.841957
934 0.842376
935 0.843344
937 0.842365
939 0.845723
940 0.8447
938 0.845155
942 0.845214
941 0.845868
944 0.847271
943 0.84722
946 0.846252
945 0.846875
947 0.846048
948 0.845472
950 0.839994
951 0.839285
949 0.846683
953 0.839343
956 0.849187
955 0.853541
952 0.839567
954 0.849853
958 0.851499
957 0.847671
959 0.850535
963 0.842576
961 0.846664
960 0.848795
965 0.842239
962 0.842326
964 0.841283
967 0.841471
966 0.841326
970 0.839912
968 0.841154
972 0.837086
971 0.837168
969 0.840323
973 0.837372
975 0.836314
974 0.836698
976 0.837505
979 0.832776
978 0.835307
977 0.836193
980 0.833034
982 0.829805
981 0.829982
986 0.829844
983 0.830322
985 0.829449
984 0.829958
987 0.829198
989 0.829543
992 0.830785
988 0.829425
990 0.830444
993 0.830969
991 0.830554
994 0.83151
995 0.830989
997 0.830452
996 0.830416
998 0.832889
999 0.830346
1000 0.830683
1007 0.83515
1001 0.830503
1006 0.83526
1003 0.830742
1002 0.830671
1005 0.834962
1004 0.835095
1009 0.831859
1011 0.826482
1008 0.833826
1013 0.829413
1014 0.829692
1010 0.827454
1012 0.827082
1016 0.826082
1019 0.826788
1015 0.827285
1017 0.826964
1018 0.82734
1020 0.827873
1021 0.826247
1025 0.827787
1023 0.82696
1022 0.826392
1026 0.828202
1024 0.827297
1027 0.828108
1028 0.827979
1029 0.827552
1030 0.82776
1031 0.827732
1032 0.827932
1035 0.830189
1033 0.82794
1034 0.827474
1038 0.830699
1036 0.829554
1037 0.830146
1042 0.829496
1039 0.830334
1041 0.829652
1040 0.829938
1043 0.829507
1044 0.829425
1047 1046 0.8298170.829601
1045 
0.829437
1048 0.829112
1049 0.829002
1051 0.829398
1050 0.829527
1053 0.829108
1054 0.829119
1052 0.82921
1055 0.829104
1056 0.828935
1057 0.831459
1060 0.830922
1059 0.831588
1058 0.831815
1062 0.830362
1061 0.830334
1063 0.829594
1065 0.828982
1067 0.828841
1064 0.829837
1068 0.82852
1069 0.827897
1066 0.828618
1070 0.828104
1072 0.826803
1071 0.826702
1073 0.825009
1077 0.825165
1074 0.824103
1075 0.823794
1076 0.82435
1078 0.825495
1079 0.825016
1081 0.826329
1080 0.825553
1083 0.827658
1082 0.827199
1084 0.828994
1085 0.835817
1090 0.830691
1091 0.83401
1086 0.83555
1088 0.832431
1089 0.830507
1087 0.833403
1096 0.836032
1093 0.837462
1092 0.836028
1094 0.838979
1095 0.835695
1097 0.837125
1098 0.836451
1100 0.834974
1101 0.832638
1099 0.836796
1104 0.832533
1105 0.83238
1103 0.831913
1102 0.831667
1106 0.83316
1107 0.833069
1109 0.831447
1110 0.839865
1111 0.841463
1108 0.832497
1112 0.841891
1114 0.839441
1115 0.839363
1113 0.841342
1116 0.839379
1119 0.838638
1117 0.839292
1118 0.838571
1120 0.838783
1121 0.836455
1126 0.837584
1122 0.836161
1124 0.836228
1125 0.837118
1123 0.836522
1128 0.839269
1127 0.837764
1129 0.836816
1130 0.840809
1132 0.840746
1131 0.838352
1133 0.842561
1134 0.843258
1136 0.849215
1137 0.84945
1138 0.848678
1140 0.853318
1139 0.849689
1135 0.847185
1142 0.849799
1141 0.850453
1144 0.846072
1147 0.839633
1143 0.845856
1145 0.847028
1146 0.840578
1148 0.840311
1150 0.833504
1149 0.834394
1152 0.829174
1154 0.824197
1151 0.831188
1153 0.82834
1155 0.825577
1156 0.824135
1157 0.824327
1158 0.825036
1161 0.818848
1160 0.821031
1159 0.825318
1162 0.816521
1163 0.816748
1166 0.819577
1165 0.813656
1168 0.820851
1164 0.813989
1167 0.818449
1169 0.819965
1171 0.82071
1170 0.820138
1173 0.820377
1172 0.820365
1174 0.819828
1175 0.817739
1178 0.818323
1177 0.817379
1180 0.819044
1179 0.818739
1182 0.824131
1181 0.819887
1176 0.817775
1183 0.827062
1184 0.826545
1189 0.845069
1185 0.841064
1186 0.848325
1188 0.848231
1187 0.847694
1190 0.843642
1191 0.841318
1193 0.842318
1194 0.843282
1195 0.842772
1196 0.84704
1192 0.840672
1197 0.848447
1198 0.850382
1199 0.852977
1200 0.851241
1203 0.860708
1201 0.853666
1202 0.855203
1204 0.857965
1205 0.84702
1209 0.847259
1207 0.843435
1206 0.842792
1208 0.841891
1210 0.841832
1211 0.841166
1216 0.848897
1213 0.84479
1215 0.848521
1212 0.845825
1217 0.847667
1214 0.843395
1220 1219 0.849834
1221 0.851413
0.846687
1222 0.850947
1218 0.849991
1224 1223 0.8532980.853412

1225 0.852561
1228 0.848815
1229 0.847773
1227 0.848615
1226 0.856041
1231 0.846785
1230 0.847165
1233 0.842239
1235 0.839253
1232 0.844583
1234 1236 0.838967
0.84501
1237 0.841616
1238 0.840155
1244 0.8422
1239 0.838325
1241 0.838485
1242 0.84068
1245 0.84122
1243 0.838873
1240 0.839026
1246 0.84626
1248 0.843529
1247 0.84693
1249 0.842886
1250 0.839861
1251 0.840068
1252 0.84048
1253 0.843305
1259 0.84039
1257 0.841271
1256 0.842639
1255 0.842823
1258 0.83988
1254 0.844904
1260 0.848184
1262 0.85021
1261 0.847769
1263 0.852491
1264 0.8511
1265 0.853231
1266 0.847867
1267 0.847792
1268 0.849223
1270 0.846456
1269 0.845923
1272 0.846358
1271 0.849387
1273 0.846119
1274 0.842847
1275 0.841377
1276 0.842263
1280 0.837705
1279 0.838309
1278 0.837729
1277 0.840684
1282 0.837525
1283 0.831823
1281 0.838234
1285 0.840253
1287 0.8403
1284 0.831533
1286 0.839394
1288 0.839543
1289 0.839586
1292 0.836741
1290 0.839163
1294 0.838328
1293 0.838477
1291 0.837396
1295 0.837839
1297 0.831929
1301 0.835672
1299 0.833559
1298 0.832854
1300 0.834139
1296 0.832862
1302 0.83818
1303 0.837451
1307 0.835307
1306 0.836984
1305 0.8397
1308 0.834974
1304 0.838677
1309 0.834986
1313 0.827697
1310 0.833904
1312 0.826439
1315 0.825632
1314 0.827093
1311 0.830499
1316 0.824311
1319 0.824331
1317 0.824476
1320 0.824515
1318 0.823904
1321 0.824922
1322 0.823335
1326 0.820008
1324 0.822156
1323 0.822673
1328 0.82013
1325 0.819366
1329 0.821423
1327 0.819358
1330 0.818888
1332 0.816913
1331 0.816979
1334 0.81683
1336 0.818382
1333 0.817336
1335 0.821286
1337 0.817489
1343 0.815768
1338 0.818182
1341 0.816779
1340 0.817034
1339 0.817998
1342 0.81645
1345 0.810862
1344 0.816893
1346 0.811532
1348 0.811889
1347 0.811802
1350 0.812692
1349 0.812092
1351 0.813041
1352 0.812147
1357 0.813217
1355 0.811657
1353 0.812645
1356 0.812049
1354 0.81223
1358 0.812712
1359 0.813237
1364 0.815811
1363 1362 0.81569
0.815153
1360 0.815318
1361 0.815231
1369 0.817418
1365 0.815851
1366 1368 0.817982
0.815984
1371 0.819174
1367 0.816952
1370 0.817959
1372 0.819119
1375 0.821141
1378 0.81937
1373 0.820502
1376 0.819448
1374 0.820671
1377 0.819538
1379 0.819891
1385 0.818848
1383 0.820851
1381 0.819942
1382 0.820357
1384 0.821352
1380 0.81964
1386 0.81828
1387 0.8185
1390 0.820526
1388 0.819424
1392 0.821807
1391 0.82107
1389 0.820098
1393 0.822316
1394 0.822681
1399 0.824013
1398 0.823292
1396 0.823088
1395 0.82301
1397 0.823476
1403 0.827325
1405 0.827775
1400 0.819264
1401 0.819906
1406 0.82785
1402 0.826815
1404 0.827501
1408 0.82957
1413 0.832983
1407 0.828716
1410 0.833026
1411 0.832729
1412 0.832501
1409 0.829825
1414 0.832164
1415 0.832858
1416 14170.833144
 0.833896
1418 0.833618
1420 0.837603
1419 0.836467
1423 0.838658
1421 0.837987
1427 0.83789
1425 0.838556
1424 0.838634
1422 0.838258
1426 0.837168
1428 0.838771
1429 0.838493
1431 0.840382
1434 0.843509
1430 0.840108
1432 0.840934
1433 0.842831
1435 0.8476
1436 0.848341
1441 0.852499
1438 0.849524
1437 0.848411
1439 0.851429
1440 0.850288
1445 0.85485
1443 0.85349
1444 0.852695
1442 0.852855
1448 0.860105
1447 0.857977
1446 0.85659
1452 0.868558
1449 0.86315
1450 0.864752
1455 0.875223
1453 0.870885
1454 0.873577
1451 0.867817
1456 0.876842
1457 0.867989
1461 0.880106
1459 0.883041
1458 0.870913
1460 0.877912
1462 0.881407
1469 0.899065
1468 0.898716
1465 0.888332
1466 0.891815
1464 0.885871
1463 0.884131
1467 0.894065
1475 1472 0.90787
1470 1476 0.904888
0.926778
0.91782
1473 0.914086
1474 0.914105
1471 0.904473
1477 0.920732
1480 0.921754
1479 0.923526
1483 0.92487
1478 0.921465
1481 0.922472
1482 0.923867
1486 0.943347
1484 0.927421
1488 0.94192
1490 0.937296
1485 0.943821
1489 0.934702
1487 0.946932
1493 0.94109
1491 0.937406
1496 0.9454
1497 0.949632
1494 0.938664
1495 0.943245
1492 0.937167
1499 0.953477
1498 0.950679
1501 0.95042
1502 0.94957
1504 0.948692
1503 0.950498
1500 0.949527
1506 0.943202
1505 0.944969
1507 0.942265
1511 0.959339
1510 0.938186
1508 0.941818
1509 0.935995
1513 0.945914
1514 0.940925
1518 0.947081
1515 0.938687
1517 0.950714
1512 0.946576
1516 0.947144
1522 0.946964
1521 0.933577
1519 0.941489
1525 0.946944
1520 0.933444
1524 0.948668
1523 0.955064
1528 0.947681
1526 0.943025
1530 0.953775
1532 0.9288
1527 0.947904
1529 0.948069
1531 0.951948
1533 0.925234
1534 0.926602
1535 0.907992
1539 0.893218
1537 0.904175
1536 0.896302
1538 0.898963
1541 0.901467
1543 0.904649
1540 0.892536
1542 0.885522
1544 0.873903
1546 0.863945
1545 0.869349
1552 0.846229
1548 0.882281
1549 0.876936
1551 0.856978
1550 0.855159
1547 0.894476
1553 0.850574
1554 0.848094
1555 0.849172
1556 0.85445
1560 0.843195
1558 0.849995
1557 0.854023
1559 0.849814
1561 0.845633
1565 0.850089
1564 0.847792
1567 0.85157
1566 0.850578
1563 0.847451
1562 0.852189
1569 0.8559
1568 0.854164
1573 0.864858
1574 0.869729
1570 0.855516
1571 0.858412
1572 0.860332
1575 0.879495
1578 0.905378
1579 0.883472
1576 0.874244
1581 0.895052
1580 0.89205
1577 0.877782
1583 0.901087
1585 0.89756
1582 15840.899461
 0.901534
1587 0.891384
1588 0.893332
1586 0.901781
1593 0.882054
1591 0.87607
1589 0.888218
1595 0.884472
1594 0.882865
1590 0.877923
1592 0.880847
1599 0.883061
1597 0.887007
1602 0.890679
1600 0.887062
1596 0.88877
1598 0.885506
1601 0.888708
1603 0.893931
1606 0.905272
1609 0.897725
1605 0.907392
1604 0.90251
1607 0.913917
1608 0.899112
1610 0.892936
1611 0.905754
1612 0.906957
1615 0.897192
1614 0.898117
1616 0.898814
1613 0.90356
1619 0.89805
1618 0.897063
1617 0.897952
1622 0.892117
1620 0.897106
1621 0.897627
1623 0.89294
1626 0.855058
1624 0.889354
1628 0.855771
1625 0.856605
1630 0.850786
1629 0.853561
1627 0.856445
1631 0.862879
1632 0.869647
1633 0.877516
1634 0.9022
1637 0.894617
1636 0.888622
1635 0.867417
1641 0.903615
1638 0.897662
1639 0.902063
1640 0.902643
1642 0.900233
1644 0.9099
1643 0.902768
1647 0.879362
1645 1651 0.843732
0.913886
1648 0.875408
1646 0.915665
1650 0.844939
1649 0.872986
1652 0.863424
1653 0.876328
1658 0.874926
1654 0.864678
1657 0.873836
1656 0.871693
1655 0.86266
1662 0.887869
1661 0.873393
1659 0.867872
1660 0.869784
1665 0.888759
1663 0.867997
1664 0.880326
1667 0.891737
1666 0.892266
1668 0.891639
1669 0.895577
1672 0.892956
1671 0.900393
1670 0.896549
1675 0.891165
1674 0.890824
1673 0.882551
1678 0.892113
1676 0.894629
1677 0.8995
1679 0.897768
1680 0.898324
1682 0.893508
1681 0.905437
1683 0.899429
1685 0.843431
1684 0.878895
1686 0.884154
1688 0.838591
1689 0.830746
1690 0.818484
1693 0.814479
1692 0.814698
1691 0.813942
1687 0.901644
1696 0.825216
1694 0.827897
1695 0.830691
1698 0.83218
1697 0.826662
1700 0.831032
1699 0.830703
1701 0.82638
1703 0.831294
1702 0.831106
1705 0.804811
1704 0.802578
1706 0.806696
1707 0.798804
1710 0.83265
1708 0.797284
1711 0.825291
1709 0.785637
1713 0.826423
1712 0.836914
1714 0.836118
1716 0.814628
1715 0.820772
1717 0.817712
1721 0.823629
1719 0.823943
1718 0.820314
1720 0.825303
1724 0.817943
1722 0.819969
1728 0.810266
1723 0.818864
1726 0.81589
1727 0.809647
1725 0.81183
1729 0.81386
1730 0.792358
1735 0.762387
1731 0.778532
1734 0.779492
1732 0.788784
1733 0.767195
1739 0.737213
1738 0.735505
1737 0.766615
1742 0.726053
1736 0.772031
1741 0.729062
1740 0.728604
1744 0.702246
1745 0.699484
1746 0.692708
1748 0.682033
1749 0.659579
1747 0.672593
1743 0.706635
1750 0.658082
1751 0.663423
1752 0.655825
1753 0.656123
1754 0.653317
1755 0.59035
1756 0.590511
1757 0.583422
1762 0.57658
1758 0.584935
1760 0.566732
1761 0.572665
1759 0.584398
1763 0.588289
1765 0.585464
1764 0.587905
1769 0.597189
1766 0.589269
1767 0.59084
1768 0.593188
1770 0.599309
1771 0.605755
1774 0.606484
1772 0.608048
1773 0.607503
1776 0.605735
1777 0.603909
1775 0.612393
1779 0.596303
1780 0.59153
1782 0.575816
1784 0.562049
1781 0.584414
1778 0.599324
1783 0.571874
1786 0.545485
1789 0.52867
1787 0.539074
1790 0.52238
1785 0.55188
1788 0.533885
1791 0.523716
1792 0.521091
1795 0.49201
1794 0.498331
1793 0.515087
1797 0.482609
1798 0.47965
1796 0.498965
1800 0.475304
1801 0.470296
1805 0.47666
1804 0.474379
1802 0.470037
1803 0.472667
1799 0.476664
1807 0.476245
1808 0.47713
1806 0.474599
1809 0.480391
1810 0.468497
1811 0.465488
1812 0.471205
1814 0.471456
1813 0.473741
1815 0.467075
1819 0.443163
1816 0.465452
1817 0.452105
1818 0.440768
1820 0.436387
1822 0.430654
1824 0.428154
1821 0.435247
1825 0.426339
1823 0.43058
1826 0.450671
1827 0.453332
1830 0.433452
1832 0.430015
1828 0.453743
1831 0.432993
1829 0.440753
1833 0.429894
1834 0.429592
1835 0.425168
1836 0.424627
1837 0.426492
1840 0.375458
1838 0.422609
1839 0.383852
1845 0.344767
1841 0.369126
1847 0.334112
1846 0.340315
1842 0.365329
1843 0.363126
1844 0.355195
1849 0.325342
1848 0.327454
1850 0.318696
1851 0.313147
1853 0.305078
1852 0.309945
1854 0.295501
1858 0.285547
1857 0.285324
1855 0.291511
1856 0.28617
1861 0.271902
1859 0.284501
1860 0.274288
1864 0.259186
1862 0.272286
1863 0.261646
1867 0.243514
1866 0.24525
1865 0.25308
1868 0.244161
1871 0.25123
1872 0.247778
1870 0.247809
1869 0.246371
1873 0.248836
1875 0.265287
1874 0.256964
1877 0.267489
1879 0.283505
1880 0.291927
1878 0.274672
1882 0.301716
1876 0.264746
1881 0.298224
1883 0.30255
1886 0.31219
1884 0.311669
1889 0.341299
1885 0.309773
1887 0.324609
1888 0.334657
1891 0.361625
1890 0.350598
1893 0.378727
1895 0.388876
1896 0.394268
1892 0.370035
1894 0.391729
1898 0.40539
1899 0.400491
1897 0.394347
1901 0.423255
1902 0.44397
1903 0.452579
1900 0.421899
1904 0.467647
1908 0.519833
1906 0.492311
1910 0.517482
1907 0.506094
1909 0.525668
1905 0.486418
1912 0.518685
1911 0.519429
1917 0.497625
1915 0.506956
1913 0.513974
1914 0.511063
1916 0.501677
1921 0.490822
1920 0.493342
1922 0.490944
1919 0.495352
1924 0.473662
1923 0.490387
1918 0.49855
1928 0.457055
1925 0.468987
1927 0.46401
1926 0.466299
1929 0.456196
1931 0.447865
1930 0.452709
1933 0.434197
1932 0.434698
1935 0.41619
1937 0.402318
1936 0.413427
1938 0.386404
1934 0.426022
1940 0.390648
1939 0.385651
1945 0.359678
1942 0.371544
1944 0.362025
1941 0.372037
1943 0.36663
1946 0.347173
1947 0.342173
1949 0.328759
1951 0.316246
1950 0.31971
1948 0.33959
1952 0.305007
1953 0.295736
1955 0.268003
1956 0.259914
1957 0.25154
1958 0.241065
1959 0.216236
1954 0.291684
1962 0.179768
1960 0.223533
1961 0.214739
1964 0.16813
1965 0.154876
1966 0.156707
1963 0.180329
1967 0.143038
1968 0.139856
1970 0.123393
1973 0.0999318
1969 0.136619
1971 0.112484
1972 0.108138
1974 0.0921805
1976 0.0808985
1977 0.0769288
1980 0.0694793
1978 0.0753927
1979 0.0715954
1975 0.0891318
1983 0.0696831
1981 0.0690952
1982 0.0699613
1984 0.0694714
1985 0.0661915
1987 0.0661993
1986 0.066309
1989 0.0657643
1990 0.0657878
1992 0.0666304
1991 0.0661875
1988 0.0657917
1993 0.0668655
1994 0.0673749
1995 0.0674376
1996 0.0672534
1997 0.0660817
1998 0.0671947
2000 0.0676022
2001 0.0754945
1999 0.067418
2003 0.0921923
2004 0.110904
2002 0.080103
2005 0.119204
2006 0.136584
2008 0.165069
2007 0.154833
2009 0.185411
2015 0.265828
2012 0.237084
2011 0.215801
2010 0.203849
2014 0.252645
2013 0.255333
2016 0.281056
2022 2017 0.34059
0.289975
2019 0.322403
2020 0.324374
2021 0.328473
2018 0.309706
2029 0.423494
2028 0.413196
2023 0.345754
2027 0.395903
2024 0.353435
2025 0.370721
2026 0.383457
2031 0.437042
2030 0.436885
2032 0.430133
2035 0.455734
2036 0.434972
2033 0.422523
2034 0.42815
2038 0.421884
2040 0.41628
2041 0.410045
2037 0.419603
2039 0.423118
2043 0.390311
2042 0.399183
2044 0.385381
2045 0.378978
2047 0.367566
2048 0.365199
2049 0.362605
2050 0.36119
2046 0.368546
2051 0.351013
2054 0.336302
2053 0.347165
2052 0.35313
2055 0.330044
2057 0.266725
2056 0.327783
2061 0.205726
2058 0.269641
2059 0.250948
2063 0.191325
2060 0.214626
2064 0.182558
2062 0.203994
2065 0.197195
2066 0.17148
2068 0.179459
2067 0.185654
2069 0.150221
2070 0.141851
2071 0.137152
2076 0.111006
2072 0.132955
2073 0.128766
2078 0.103345
2075 0.115046
2077 0.109329
2074 0.122006
2079 0.0968674
2080 0.0940145
2081 0.0877759
2082 0.0823053
2085 0.0729748
2084 0.0759844
2083 0.080683
2087 0.0729944
2091 0.0725398
2089 0.0727318
2088 0.073159
2092 0.072771
2086 0.0733667
2090 0.0724497
2093 0.0726613
2099 0.07359
2096 0.0737468
2094 0.0729317
2095 0.0731433
2098 0.0731982
2097 0.0731159
2101 0.0838963
2103 0.099344
2105 0.10612
2104 0.0983526
2100 0.0780456
2102 0.0911186
2106 0.12067
2107 0.120975
2108 0.131505
2110 0.144339
2111 0.156326
2109 0.142297
2113 0.17467
2112 0.169176
2114 0.187331
2115 0.199758
2117 0.219716
2116 0.206729
2120 0.256196
2118 0.23237
2119 0.243146
2123 0.29039
2121 0.267415
2122 0.276052
2124 0.303992
2126 0.324052
2125 0.308895
2127 0.334657
2128 0.340864
2130 0.359991
2129 0.351064
2133 0.380471
2132 0.372402
2134 0.382383
2131 0.36603
2136 0.393951
2135 0.388437
2139 0.400174
2137 0.390142
2140 0.402968
2138 0.391592
2141 0.39794
2142 0.40171
2144 0.404657
2145 0.40492
2143 0.401761
2147 0.402968
2148 0.400523
2146 0.403188
2149 0.399179
2151 0.379173
2152 0.377955
2153 0.367002
2150 0.394276
2155 0.36277
2154 0.35994
2156 0.362648
2157 0.376693
2161 0.369702
2162 0.367891
2159 0.376227
2160 0.369181
2158 0.373668
2163 0.368511
2165 0.36505
2169 0.351691
2164 0.370333
2167 0.358816
2168 0.351648
2166 0.359705
2172 0.343407
2170 0.35376
2175 0.319914
2171 0.348611
2174 0.333544
2176 0.309341
2173 0.341612
2178 0.277682
2182 0.238107
2183 0.228247
2180 0.256576
2179 0.267811
2177 0.297139
2181 0.243303
2186 0.191717
2184 2187 2185 0.18391
0.215205
0.201666
2189 0.168506
2188 0.179631
2190 0.159446
2197 0.111943
2191 0.154704
2196 0.113969
2195 0.121328
2194 0.129467
2193 0.134037
2192 0.14437
2198 0.102824
2199 0.0969653
2200 0.0954096
2201 0.0905582
2203 0.0817841
2202 0.0845743
2204 0.0768269
2205 0.0749616
2211 0.0655174
2206 0.0753613
2208 0.0722577
2209 0.0711761
2210 0.0679941
2207 0.0736057
2212 0.064334
2215 0.0578602
2213 0.0617476
2214 0.0592474
2216 0.0570098
2217 0.0565435
2218 0.0558225
2219 0.0565631
2221 0.0567199
2220 0.0565278
2222 0.0568727
2224 0.0589026
2223 0.0574879
2225 0.0584049
2226 0.0581032
2229 0.0587341
2227 0.0584519
2232 0.0591299
2231 0.0590123
2228 0.0591887
2230 0.0585303
2234 0.0600625
2233 0.0594355
2238 0.0583853
2235 0.056759
2237 0.0578445
2236 0.0578485
2239 0.05922
2240 0.0590946
2241 0.0585813
2242 0.0591299
2243 0.0584559
2246 0.0600978
2244 0.0595492
2245 0.0598431
2247 0.0596197
2249 0.0606974
2250 0.0605093
2248 0.0592161
2251 0.0609991
2253 0.0619827
2252 0.0616222
2255 0.0637932
2254 0.0625157
2256 0.0633582
2257 0.0638402
2260 0.0615321
2259 0.0647141
2258 0.063946
2263 0.0645965
2261 0.0621081
2262 0.0641851
2267 0.0704355
2266 0.0658388
2264 0.0648121
2265 0.0648904
2268 0.0779947
2270 0.0877132
2271 0.0994224
2273 0.112754
2269 0.0837317
2274 0.11556
2272 0.105508
2275 0.122081
2280 0.142427
2276 0.130098
2277 0.133923
2279 0.139245
2281 0.143293
2278 0.136533
2282 0.145154
2283 0.146447
2285 0.146385
2287 0.149841
2284 0.147368
2286 0.148591
2288 0.151404
2289 0.152831
2292 0.156871
2291 0.156816
2293 0.156871
2290 0.154101
2295 0.155625
2294 0.157083
2298 0.161844
2297 0.158015
2302 0.16947
2299 0.16434
2296 0.157224
2301 0.16813
2300 0.16523
2303 0.173095
2309 0.178444
2308 0.177687
2305 0.176096
2306 0.177139
2307 0.176978
2304 0.174694
2310 0.177284
2316 0.163404
2313 0.1715
2314 0.171104
2315 0.168173
2311 0.177111
2312 0.173369
2317 0.161284
2319 0.154026
2318 2322 0.156036
2321 0.151616
0.146377
2320 0.153011
2323 0.141976
2324 0.135777
2326 0.131548
2330 0.122907
2325 0.129154
2328 0.124365
2329 0.12317
2327 0.125662
2335 0.10675
2337 0.0992539
2331 0.119381
2334 0.113271
2336 0.103592
2333 0.11612
2332 0.118154
2340 0.091385
2338 0.0960836
2339 0.0927096
2344 0.0860164
2342 0.088301
2343 0.0862554
2341 0.0907306
2347 0.0821878
2345 0.0841236
2346 0.0835828
2348 0.0793075
2351 0.074844
2350 0.0755455
2349 0.0757062
2352 0.0758159
2353 0.0760471
2357 0.0722302
2356 0.0726809
2358 0.0711095
2354 0.075667
2355 0.0737076
2359 0.0704746
2363 0.0654195
2361 0.0671359
2365 0.065972
2364 0.0658309
2362 0.0673122
2360 0.0663364
2367 0.0676414
2368 0.067708
2370 0.0698555
2369 0.0697653
2371 0.0702669
2366 0.0670144
2372 0.0712976
2373 0.0721558
2374 0.0718344
2376 0.0704629
2378 0.070941
2377 0.0703101
2375 0.0708979
2379 0.0693696
2380 0.0688484
2383 0.0686759
2381 0.0685349
2386 0.0901506
2382 0.0678569
2384 0.0770072
2385 0.0843117
2389 0.112103
2391 0.123182
2387 0.0998887
2390 0.119753
2388 0.109995
2393 0.127285
2392 0.125027
2396 0.131004
2394 0.130404
2399 0.130122
2398 0.130239
2395 0.131787
2397 0.130949
2400 0.13192
2401 0.132222
2406 0.1408
2403 0.135604
2404 0.137371
2407 0.141502
2402 0.134201
2405 0.139468
2412 0.152388
2409 0.146439
2410 0.147117
2413 0.150821
2411 0.149543
2408 0.144214
2414 0.147274
2415 0.140459
2417 0.119996
2418 0.117331
2419 0.117049
2416 0.137348
2421 0.105786
2420 0.111668
2423 0.0959033
2424 2422 0.090472
0.102781
2425 0.0876387
2426 0.0809847
2427 0.0748166
2428 0.07147
2434 0.0639891
2429 0.0658427
2435 0.0701455
2430 0.0609482
2432 0.055458
2431 0.0586988
2433 0.0601997
2436 0.0749812
2437 0.0804831
2439 0.0881403
2438 0.0852209
2440 0.0898254
2442 0.0933052
2441 0.0917456
2444 0.0965617
2445 0.0971848
2443 0.0944965
2446 0.0982546
2449 0.100578
2447 0.0995399
2448 0.101029
2451 0.104062
2450 0.103682
2452 0.104689
2453 0.102996
2456 0.102867
2454 0.104191
2455 0.105814
2457 0.103463
2459 0.10929
2462 0.118115
2458 0.106108
2460 0.113111
2461 0.115724
2463 0.117002
2467 0.0987405
2464 0.113048
2465 0.107667
2466 0.100622
2468 0.0941791
2469 0.0896138
2470 0.0886811
2471 0.0851973
2472 0.0799462
2473 0.077834
2475 0.0722459
2477 0.0692716
2474 0.0743385
2476 0.0714191
2479 0.0691501
2478 0.0686524
2480 0.0678491
2484 0.0665206
2481 0.0659955
2483 0.0657565
2482 0.0650746
2485 0.0651452
2487 0.0670301
2489 0.0683115
2488 0.0674572
2491 0.0695028
2486 0.065972
2490 0.0692246
2492 0.0699691
2493 0.0707254
2494 0.0703884
2495 0.0712427
2497 0.072195
2496 0.0716816
2498 0.0726535
2499 0.0734686
2503 0.0752751
2502 0.07446
2500 0.074025
2505 0.0754005
2504 0.0755259
2501 0.0745501
2506 0.0757885
2507 0.0756121
2509 0.0807731
2508 0.0780065
2511 0.0908247
2510 0.0846997
2512 0.0952646
2519 0.125188
2513 0.103796
2514 0.11159
2515 0.114267
2516 0.120164
2517 0.122374
2518 0.123331
2520 0.125466
2524 0.129028
2521 0.125839
2526 0.132598
2522 0.128017
2523 0.128656
2525 0.130373
2532 0.141173
2528 2529 0.135381
0.137262
2533 0.141615
2530 0.138136
2531 0.139691
2527 0.133449
2535 0.143011
2538 0.147725
2536 0.144006
25372539  0.145566
0.14845
2534 0.142956
2540 0.148003
2541 0.149175
2544 0.154453
2547 0.158603
2543 0.151487
2545 0.155237
2546 0.155868
2542 0.149763
2548 0.159987
2549 0.158972
2550 0.155844
2552 0.150295
2554 0.141188
2551 0.154375
2553 0.147035
2561 0.103278
2559 0.114674
2557 0.129021
2555 0.135424
2556 0.131901
2560 0.110356
2558 0.12174
2563 0.0915418
2562 0.0955311
2564 0.0847193
2567 0.0690286
2565 0.0785198
2566 0.0746207
2568 0.0639695
2569 0.0614615
2574 0.0526757
2575 0.0525738
2573 0.0538239
2570 0.0576643
2571 0.0548702
2572 0.0547801
2576 0.0526404
2580 0.052711
2578 0.0526209
2582 0.0524406
2579 0.052613
2581 0.052515
2577 0.0526287
2583 0.0525582
2588 0.0516568
2589 0.0514727
2584 0.0524563
2585 0.0505518
2586 0.0512375
2587 0.05141
2596 0.0528873
2591 0.0521114
2590 0.0519468
2595 0.0528325
2593 0.0525386
2592 0.0521232
2594 0.0527698
2597 0.0531146
2598 0.0528481
2603 0.0530049
2599 0.0529304
2602 0.0530402
2600 0.0529344
2601 0.0529461
2604 0.0529971
2607 0.0532831
2605 0.0530441
2610 0.0519468
2608 0.0533223
2606 0.0532165
2609 0.0533733
2611 0.0518645
2613 0.0519939
2612 0.0521388
2614 0.0520683
2616 0.0518018
2617 0.0520252
2615 0.051794
2619 0.051939
2620 0.0520605
2624 0.0522055
2622 0.0522486
2618 0.0519625
2623 0.0523152
2621 0.0522329
2625 0.0562731
2626 0.0593807
2627 0.066117
2629 0.0759687
2630 0.0778301
2628 0.0726182
2631 0.0832419
2632 0.0848603
2633 0.0875917
2636 0.0870979
2635 0.087
2638 0.0930035
2637 0.0899194
2634 0.089218
2641 0.116195
2639 0.102467
2642 0.125533
2640 0.11152
2644 0.146988
2643 0.139162
2645 0.160931
2647 0.178773
2646 0.173099
2648 0.192916
2652 0.22222
2651 0.214802
2650 0.206251
2649 0.20321
2653 0.223047
2658 0.24703
2657 0.241892
2655 0.228032
2659 0.250278
2656 0.232193
2654 0.225422
2663 0.262356
2660 0.259679
2665 0.26024
2662 0.258406
2661 0.262391
2664 0.263089
2666 0.257191
2667 0.252124
2668 0.248899
2673 0.241955
2669 0.249988
2670 0.252253
2672 0.238773
2671 0.244878
2675 0.252825
2674 0.254973
2678 0.262983
2680 0.259773
2679 0.262379
2676 0.260087
2677 0.261004
2681 0.249769
2682 0.245105
2683 0.242065
2684 0.239314
2685 0.234094
2687 0.230108
2686 0.233044
2688 0.226582
2690 0.214535
2692 0.200463
2691 0.212619
2689 0.223964
2694 0.194985
2693 0.192653
2695 0.192598
2697 0.179878
2696 0.186403
2699 0.170602
2698 0.176398
2701 0.160253
2700 0.163995
2702 0.154136
2705 0.137689
2706 0.131368
2707 0.127955
2704 0.14379
2703 0.147157
2708 0.121853
2709 0.116532
2712 0.112707
2710 0.113408
2713 0.113103
2715 0.114318
2711 0.111527
2714 0.113479
2719 0.113604
2716 0.114075
2717 0.114392
2720 0.113973
2718 0.114059
2721 0.11458
2722 0.115066
2725 0.116218
2727 0.117848
2724 0.116073
2728 0.118573
2723 0.115783
2729 0.122617
2726 0.116974
2730 0.127743
2734 0.144331
2735 0.145087
2732 0.137368
2731 0.131219
2733 0.142705
2736 0.15055
2739 0.158505
2737 0.150472
2741 0.158736
2738 0.15537
2743 0.163341
2742 0.162342
2740 0.159783
2747 0.164332
2744 0.163956
2748 0.167416
2745 0.16387
2750 0.169936
2746 0.163345
2749 0.167667
2751 0.172287
2752 0.17282
2754 0.176085
2755 0.176053
2756 0.177734
2753 0.174074
2757 0.177891
2758 0.178722
2762 0.178679
2763 0.17971
2759 0.179702
2760 0.176104
2764 0.180811
2761 0.177013
2768 0.186556
2765 0.181062
2766 0.182206
2767 0.18335
2770 0.187398
2771 0.186336
2769 0.186849
2773 0.18768
2774 0.188601
2772 0.187359
2776 0.189538
2775 0.189667
2777 0.191113
2778 0.192289
2781 0.196098
2779 0.192967
2780 0.194593
2783 0.19839
2782 0.19707
2784 0.19993
2785 0.197211
2787 0.198727
2786 0.198723
2789 0.202223
2790 0.202301
2788 0.200683
2791 0.20285
2792 0.203673
2793 0.204119
2795 0.205358
2794 0.204703
2796 0.204186
2799 0.205107
2798 0.204492
2797 0.204923
2800 0.205753
2801 0.20513
2802 0.205471
2804 0.205252
2806 0.205444
2803 0.205475
2805 0.206721
2810 0.205902
2807 0.207129
2809 0.207
2811 0.207086
2808 0.207027
2813 0.20903
2812 0.20783
2815 0.209994
2818 0.211377
2814 0.209335
2817 0.211538
2819 0.211777
2816 0.210229
2820 0.213838
2823 0.21247
2822 0.212811
2824 0.213027
2821 0.213712
2825 0.212478
2826 0.211969
2827 0.21182
2828 0.210487
2831 0.210707
2833 0.210056
2829 0.21086
2830 0.210468
2832 0.210436
2834 0.210456
2836 0.205683
2835 0.205358
2838 0.206937
2837 0.20718
2839 0.207055
2840 0.207446
2841 0.208775
2844 0.208532
2843 0.208375
2842 0.209112
2845 0.208356
2847 0.209406
2846 0.209139
2848 0.209276
2850 0.210946
2849 0.209755
2852 0.212991
2851 0.211169
2853 0.214806
2855 0.21586
2854 0.216025
2858 0.214351
2857 0.21655
2856 0.216307
2861 0.207235
2859 0.212694
2862 0.207043
2860 0.207501
2864 0.208242
2863 0.207254
2865 0.209402
2866 0.209476
2867 0.210958
2869 0.213458
2868 0.211812
2870 0.215123
2876 0.212572
2872 0.217106
2873 0.215378
2871 0.21771
2874 0.21548
2875 0.214379
2882 0.218364
2877 0.212282
2878 0.211506
2880 0.214457
2879 0.212415
2881 0.215974
2883 0.22146
2886 0.227659
2884 0.22338
2885 0.224458
2890 0.231507
2889 0.230155
2888 0.229493
2887 0.229184
2894 0.226962
2892 0.230685
2891 0.231735
2895 0.227228
2893 0.229877
2896 0.228525
2897 0.228886
2899 0.231069
2898 0.230054
2901 0.231206
2900 0.231018
2903 0.230363
2902 0.231135
2904 0.229783
2905 0.230081
2906 0.23079
2909 0.231605
2907 0.231586
2908 0.232017
2910 0.226542
2911 0.22704
2912 0.227189
2916 0.228376
2914 0.228521
2915 0.228423
2913 0.228604
2918 0.227377
2917 0.228004
2919 0.227745
2923 0.229333
2924 0.229536
2920 0.227922
2922 0.22918
2925 0.229027
2921 0.228886
2929 0.230348
2927 0.229274
2926 0.228294
2928 0.230026
2930 0.233228
2931 0.233961
2932 0.234462
2933 0.237064
2939 0.239929
2934 0.237319
2935 0.234929
2937 0.233639
2938 0.233647
2936 0.233098
2940 0.239948
2942 0.240846
2946 0.251524
2943 0.240615
2944 0.24221
2945 0.245207
2941 0.240709
2949 0.264237
2948 0.259805
2951 0.272219
2950 0.266635
2947 0.255447
2952 0.273336
2953 0.274743
2954 0.281252
2956 0.286472
2955 0.283615
2958 0.298189
2957 0.29186
2959 0.303761
2960 0.30556
2961 0.311242
2963 0.321599
2967 0.344497
2962 0.314612
2964 0.327861
2965 0.331134
2966 0.338571
2968 0.349971
2971 0.365646
2970 0.362366
2969 0.357087
2973 0.376779
2972 0.370917
2974 0.379079
2975 0.384671
2980 0.405688
2977 0.395229
2978 0.400174
2976 0.392975
2981 0.410084
2979 0.404876
2982 0.415445
2984 0.422707
2985 0.435878
2983 0.418745
2988 0.44495
2987 0.441246
2986 0.437606
2991 0.461346
2989 0.45071
2992 0.469508
2990 2994 0.489964
0.45745
2993 0.475288
2995 0.491692
2996 0.495341
2999 0.519151
3001 0.52847
2998 0.511666
3000 0.52689
3002 0.536985
2997 0.505102
3004 0.549929
3003 0.544776
3006 0.562312
3007 0.564655
3005 0.555246
3009 0.584962
3008 0.571932
3010 0.593086
3011 0.624659
3015 0.641608
3016 0.67025
3012 0.631231
3013 0.610387
3014 0.627622
3020 0.674298
3017 0.658109
3018 0.665974
3019 0.668859
3022 0.684063
3023 0.690764
3021 0.682076
3025 0.697575
3024 0.694424
3026 0.701043
3029 0.755098
3030 0.739278
3027 0.705091
3028 0.751031
3037 0.782541
3032 0.746787
3034 0.771447
3033 0.749624
3031 0.741003
3035 0.779916
3036 0.76062
3038 0.763845
3044 0.732577
3041 0.735242
3040 0.739188
3043 0.734846
3042 0.734247
3039 0.740454
3047 0.732048
3050 0.750078
3046 0.732036
3048 0.732193
3049 0.750725
3045 0.732577
3051 0.730445
3052 0.729415
3055 0.727021
3056 0.723874
3053 0.729203
3054 0.728082
3057 0.725543
3058 0.726409
3059 0.729963
3061 0.751979
3062 0.752492
3060 0.72967
3063 0.754761
3064 0.755184
3065 0.758167
3066 0.75828
3067 0.757109
3072 0.76109
3068 0.75676
3070 0.758586
3069 0.75783
3071 0.760165
3073 0.761717
3076 0.765698
3077 0.764084
3078 0.762842
3075 0.765757
3079 0.762803
3074 0.764754
3080 0.759468
3081 0.760679
3082 0.765338
3086 0.777102
3083 0.769703
3085 0.780731
3084 0.771044
3087 0.786029
3090 0.785257
3089 0.781663
3093 0.787785
3091 0.78644
3092 0.786762
3088 0.78541
3095 0.786182
3096 0.785508
3097 0.785237
3099 0.785711
3100 0.786338
3094 0.787428
3098 0.785175
3106 0.78829
3103 0.787232
3101 0.787765
3104 0.788333
3107 0.788611
3105 0.78838
3102 0.787832
3109 0.787902
3110 0.788125
3114 0.788568
3108 0.788666
3111 0.787389
3113 0.788772
3112 0.788282
3116 0.788737
3115 0.789955
3117 0.786962
3118 0.786158
3119 0.788298
3121 0.791323
3120 0.789376
3124 0.790818
3122 0.790626
3128 0.790477
3126 0.790359
3123 0.790853
3127 0.790316
3125 0.790653
3131 0.789912
3130 0.788408
3135 0.774461
3129 0.788937
3132 0.791934
3134 0.78976
3133 0.790653
3136 0.773391
3140 0.771929
3139 0.793138
3141 0.772674
3137 0.773481
3138 0.793561
3142 0.772811
3143 0.771769
3145 0.768904
3149 0.797299
3146 0.77731
3144 0.769801
3148 0.787353
3147 0.797417
3152 0.796037
3150 0.786781
3153 0.795845
3156 0.79309
3155 0.794654
3154 0.795551
3151 0.787142
3157 0.791754
3163 0.770021
3160 0.768007
3161 0.770464
3158 0.790445
3162 0.771083
3159 0.790187
3165 0.771322
3164 0.771165
3166 0.77102
3170 0.771126
3167 0.771126
3169 0.771157
3168 0.7716
3171 0.770926
3172 0.769496
3176 0.769962
3173 0.769813
3175 0.769449
3174 0.769402
3177 0.7718
3178 0.770789
3181 0.77008
3184 0.77394
3179 0.770479
3180 0.770926
3182 0.771048
3183 0.772631
3185 0.802104
3189 0.812273
3190 0.810415
3188 0.801477
3191 0.803256
3186 0.802958
3187 0.801496
3194 0.818315
3192 0.802919
3195 0.815404
3198 0.810917
3193 0.813817
3197 0.813386
3196 0.815239
3200 0.810168
3203 0.809878
3201 0.811324
3199 0.811669
3202 0.810012
3204 0.809914
3205 0.809941
3208 3206 0.810262
3207 0.809796
0.810882
3209 0.810517
3212 0.788133
3211 0.787781
3210 0.787471
3214 0.80969
3213 0.808883
3217 0.809596
32183215  0.809624
0.78976
3216 0.80953
3219 0.809099
3220 0.808319
3221 0.808664
3222 0.808303
3224 0.807899
3226 0.808605
3223 0.808174
3225 0.808624
3228 0.811062
3227 0.809373
3233 0.811305
3232 0.81114
3231 0.811164
3230 0.811481
3229 0.811301
3236 0.810956
3235 0.789513
3237 0.810854
3240 0.809185
3239 0.809929
3234 0.811168
3238 0.810019
3242 0.809216
3246 0.809843
3243 0.809518
3247 0.810309
3241 0.80978
3245 0.809847
3244 0.809439
3248 0.809867
3250 0.809506
3251 0.809882
3249 0.809232
3253 0.809616
3254 0.808401
3252 0.80949
3255 0.807331
3257 0.807194
3259 0.808973
3258 0.808628
3260 0.805564
3261 0.805391
3256 0.807229
3264 0.80795
3262 0.806011
3263 0.80786
3266 0.805227
3265 0.806434
3268 0.805172
3267 0.805082
3270 0.806661
3269 0.806226
3275 0.808315
3273 0.80766
3272 0.807053
3271 0.807476
3274 0.807954
3277 0.810838
3276 0.811128
3282 0.813872
3280 0.81174
3279 0.811759
3278 0.811293
3281 0.812132
3284 0.815169
3288 0.820867
3283 0.814365
3286 0.822528
3285 0.822066
3289 0.819174
3287 0.822089
3290 0.81897
3292 0.820051
3293 0.822187
3294 0.822136
3296 0.820545
3291 0.819475
3295 0.8212
3298 0.820612
3297 0.820953
3299 0.820106
3300 0.819503
3301 0.818617
3303 0.819299
3302 0.81915
3304 0.818919
3305 0.819413
3309 0.818268
3310 0.799764
3306 0.818982
3308 0.818002
3307 0.818989
3311 0.822383
3312 0.800838
3314 0.799063
3313 0.800411
3315 0.797593
3316 0.797287
3317 0.796374
3318 0.795681
3320 0.796884
3323 0.794905
3319 0.796143
3321 0.79358
3324 0.793945
3322 0.795234
3328 0.795218
3331 0.794497
3326 0.794987
3325 0.794874
3327 0.795504
3329 0.79474
3330 0.794192
3333 0.794435
3334 0.794172
3332 0.794129
3336 0.809561
3338 0.809271
3337 0.809596
3335 0.809882
3339 0.808703
3341 0.809349
3344 0.808922
3345 0.80797
3343 0.809059
3340 0.808726
3342 0.809106
3346 0.808217
3348 0.806775
3349 0.806818
3347 0.807127
3351 0.806779
3350 0.806739
3352 0.806555
3353 0.806485
3355 0.809745
3356 0.809616
3354 0.806736
3359 0.809631
3358 0.807327
3357 0.810027
3361 0.81098
3360 0.811744
3363 0.810807
3362 0.811058
3364 0.810717
3366 0.808374
3365 0.809796
3367 0.808103
3372 0.80534
3369 0.806238
3368 0.807233
3371 0.805705
3370 0.805967
3373 0.804878
3375 0.803828
3374 0.804322
3376 0.803883
3378 0.803726
3377 0.803377
3380 0.803334
3379 0.803459
3383 0.803859
3384 0.803722
3382 0.80306
3381 0.803264
3386 0.77809
3385 0.778967
3387 0.777819
3389 0.777455
3388 0.777368
3391 0.777153
3392 0.776522
3390 0.777133
3394 0.777165
3393 0.776295
3395 0.777321
3399 0.779077
3397 0.777882
3398 0.777945
3401 0.780174
3396 0.777431
3400 0.780041
3402 0.780417
3403 0.781064
3405 0.781083
3404 0.781389
3407 0.78117
3406 0.781475
3408 0.780954
3410 0.800893
3412 0.800842
3409 0.780323
3411 0.80063
3414 0.798914
3413 0.800078
3415 0.798886
3416 0.798581
3418 0.798361
3420 0.798185
3422 0.798118
3421 0.797836
3419 0.798592
3417 0.798538
3424 0.798573
3423 0.797813
3429 0.798479
3428 0.798534
3425 0.79938
3427 0.798263
3426 0.798604
3430 0.798494
3434 0.804663
3432 0.799929
3431 0.798573
3433 0.800187
3435 0.816732
3436 0.815702
3437 0.816278
3442 0.796982
3439 0.79447
3441 0.796657
3438 0.794889
3440 0.794913
3443 0.797464
3444 0.797284
3445 0.797005
3446 0.797852
3447 0.798318
3450 0.799886
3449 0.798902
3448 0.79833
3451 0.80114
3453 0.802209
3454 0.802174
3452 0.801551
3455 0.801543
3457 0.801876
3456 0.801531
3458 0.801747
3459 0.801649
3461 0.831659
3464 0.831141
3460 0.832309
3463 0.831345
3462 0.831302
3465 0.830789
3471 0.830342
3466 0.830534
3468 0.83004
3469 0.830691
3470 0.830107
3467 0.830718
3472 0.829946
3473 0.829782
3474 0.82959
3475 0.829562
3476 0.829856
3477 0.8291
3478 0.828916
3481 0.828461
3482 0.828896
3479 0.829037
3480 0.828825
3483 0.828845
3484 0.828771
3485 0.842557
3487 0.818366
3486 0.841652
3492 0.821768
3489 0.818261
3488 0.818496
3490 0.818633
3491 0.820498
3493 0.824146
3495 0.845049
3496 0.842686
3499 0.826404
3497 0.828285
3498 0.825894
3494 0.826169
3500 0.853149
3501 0.855967
3502 0.85525
3503 0.856488
3506 0.850469
3504 0.855504
3505 0.855457
3507 0.857311
3508 0.826733
3509 0.825859
3511 0.848878
3512 0.849246
3513 0.84691
3510 0.849736
3514 0.843615
3519 0.83845
3515 0.843787
3518 0.838505
3520 0.836498
3516 0.839606
3517 0.83816
3526 0.837529
3521 0.836134
3527 0.838454
3523 0.836984
3524 0.836075
3522 0.837411
3525 0.836169
3528 0.838932
3530 0.839759
3533 0.816066
3529 0.839563
3532 0.815572
3534 0.815694
3531 0.815717
3535 0.811759
3536 0.811203
3537 0.81212
3538 0.812092
3539 0.812273
3541 0.81114
3540 0.811383
3543 0.811003
3542 0.810968
3544 0.809871
3546 0.809353
3545 0.8094
3547 0.809541
3548 0.80949
3549 0.809338
3550 0.809169
3552 0.832274
3551 0.8322
3555 0.832944
3554 0.833109
3553 0.833195
3556 0.83283
3557 0.833273
3562 0.829864
3559 0.832501
3558 0.833105
3561 0.829648
3560 0.830126
3563 0.829903
3566 0.830174
3564 0.830025
3565 0.830083
3569 0.828806
3567 0.831263
3568 0.829476
3570 0.828504
3572 0.830013
3571 0.828955
3573 0.830542
3574 0.829684
3575 0.829613
3576 0.82939
3578 0.829954
3580 0.830699
3577 0.829609
3579 0.831639
3582 0.830957
3583 0.830514
3581 0.831
3585 0.830467
3586 0.830828
3588 0.830209
3584 0.830503
3587 0.830334
3589 0.828982
3590 0.828978
3593 0.829609
3591 0.828735
3592 0.829127
3595 0.822458
3597 0.821756
3594 0.823249
3596 0.822896
3601 0.821086
3598 0.821478
3602 0.821529
3604 0.822058
3600 0.821666
3599 0.821787
3603 0.821721
3605 0.822171
3607 0.822697
3608 0.823892
3609 0.822744
3606 0.822144
3611 0.824358
3610 0.823731
3612 0.823935
3613 0.825056
3615 0.824836
3614 0.824542
3616 0.825263
3617 0.824852
3618 0.825075
3619 0.829719
3620 0.828712
3621 0.830177
3622 0.829731
3625 0.827329
3623 0.830044
3624 0.827454
3626 0.826799
3627 0.82687
3628 0.828351
3629 0.829758
3630 0.830816
3632 0.830953
3631 0.831251
3634 0.831196
3639 0.836667
3636 0.831177
3638 0.835914
3635 0.831823
3633 0.830957
3637 0.832795
3640 0.837545
3641 0.837404
3643 0.837235
3645 0.822164
3642 0.837098
3644 0.822787
3646 0.82281
3647 0.821125
3649 0.821407
3648 0.821149
3650 0.821399
3651 0.821055
3653 0.822152
3652 0.821921
3654 0.82174
3656 0.845688
3655 0.844822
3660 0.846405
3658 0.845178
3657 0.8455
3659 0.845892
3661 0.846824
3666 0.850226
3663 0.8482
3667 0.850418
3664 0.849093
3662 0.846954
3665 0.849505
3670 0.826827
3668 0.850657
3669 0.826686
3673 0.841275
3674 0.821192
3672 0.823661
3671 0.826815
3675 0.81991
3677 0.820165
3676 0.819875
3681 0.840127
3679 0.819754
3680 0.839786
3678 0.820208
3683 0.840245
3684 0.840245
3682 0.840782
3688 0.839888
3685 0.839328
3687 0.839727
3686 0.839516
3691 0.839124
3692 0.838665
3690 0.817061
3689 0.839238
3695 0.815274
3693 0.838258
3694 0.816156
3696 0.816242
3698 0.816842
3697 0.81763
3699 0.816117
3700 0.815784
3702 0.816007
3701 0.816168
3706 0.814205
3704 0.814573
3707 0.814405
3708 0.813617
3705 0.814252
3709 0.813037
3703 0.815157
3710 0.812049
3712 0.812002
3713 0.814992
3711 0.811575
3716 0.815294
3714 0.815118
3715 0.815004
3718 0.81522
3717 0.815388
3723 0.809255
3720 0.809294
3722 0.80895
3719 0.809439
3721 0.809079
3724 0.80951
3728 0.808142
3725 0.80864
3726 0.808707
3730 0.808021
3729 0.808667
3727 0.80837
3732 0.808593
3731 0.809279
3735 0.809796
3733 0.808867
3734 0.809271
3737 0.809271
3736 0.809581
3740 0.810427
3738 0.810423
3741 0.810384
3744 0.807484
3742 0.810317
3739 0.810521
3743 0.810125
3746 0.807672
3747 0.807809
3749 0.807096
3748 0.807594
3750 0.807225
3751 0.806677
3745 0.808091
3752 0.806567
3755 0.805956
3758 0.8048
3754 0.827607
3757 0.80565
3756 0.827842
3753 0.806591
3760 0.804024
3761 0.803232
3765 0.80226
3762 0.805775
3763 0.805254
3764 0.803891
3759 0.80507
3768 0.794141
3766 0.797742
3770 0.7886
3767 0.795395
3772 0.788247
3771 0.788145
3769 0.788713
3773 0.788807
3776 0.78947
3775 0.789242
3778 0.812951
3777 0.813103
3774 0.789023
3779 0.81288
3781 0.810929
3780 0.813194
3786 0.810862
3785 0.810599
3784 0.810686
3782 0.810858
3783 0.810768
3788 0.810721
3790 0.810678
3789 0.810791
3791 0.810447
3792 0.810415
3793 0.810129
3787 0.810623
3794 0.812437
3796 0.811908
3795 0.8121
3797 0.812445
3799 0.81163
3800 0.810803
3798 0.811865
3802 0.810454
3801 0.810752
3803 0.809914
3807 0.80902
3805 0.809776
3806 0.809275
3804 0.810035
3809 0.824691
3808 0.814691
3810 0.828371
3811 0.838285
3814 0.848235
3812 0.844305
3813 0.847937
3815 0.888069
3818 0.938123
3817 0.930027
3820 0.948171
3821 0.948324
3816 0.902796
3819 0.948139
3822 0.948696
3824 0.952164
3827 0.962584
3823 0.951376
3825 0.952505
3826 0.953308
3828 0.964112
3834 0.972067
3829 0.964512
3830 0.964865
3831 0.964998
3832 0.96526
3833 0.971785
3835 0.972059
3836 0.97202
3842 0.972106
3837 0.972157
3839 0.972181
3840 0.972204
3841 0.972153
3838 0.972408
3844 0.96856
3845 0.968552
3843 0.972032
3849 0.968525
3848 0.968548
3847 0.968533
3846 0.968384
3850 0.968501
3852 0.968846
3851 0.968721
3854 0.968881
3853 0.968881
3856 0.969179
3855 0.969065
3858 0.964982
3861 0.964379
3859 0.964841
3857 0.96528
3860 0.964508
3863 0.963979
3862 0.964916
3869 0.966389
3867 0.96392
3865 0.964222
3864 0.964006
3868 0.964049
3870 0.966197
3866 0.964136
3871 0.96586
3875 0.969767
3872 0.970896
3874 0.969841
3877 0.9697
3876 0.969681
3873 0.969759
3878 0.969712
3883 0.969034
3882 0.969077
3884 0.968971
3880 0.9697
3879 0.96972
3881 0.970108
3885 0.968591
3888 0.964136
3887 0.964351
3891 0.963763
3890 0.963779
3886 0.969187
3889 0.96403
3898 0.963223
3895 0.963379
3892 0.963838
3893 0.963689
3897 0.963477
3896 0.963489
3894 0.963681
3899 0.963293
3905 0.962161
3900 0.963603
3902 0.963662
3904 0.963728
3903 0.963912
3901 0.963904
3906 0.962121
3908 0.961628
3910 0.960797
3907 0.962114
3909 0.962235
3912 0.958261
3911 0.957932
3914 0.952136
3913 0.955887
3915 0.951698
3916 0.949068
3917 0.94868
3918 0.948606
3919 0.947728
3920 0.94725
3922 0.94861
3921 0.947861
3923 0.94821
3926 0.950032
3925 0.950667
3924 0.950663
3927 0.949456
3928 0.949993
3930 0.950381
3933 0.9516
3932 0.954656
3931 0.951529
3929 0.950126
3938 0.96432
3935 0.961886
3934 0.957721
3939 0.964328
3937 0.964339
3936 0.964128
3940 0.965327
3941 0.96443
3942 0.964414
3947 0.965315
3943 0.964375
3946 0.96537
3944 0.965088
3945 0.965131
3949 0.964743
3948 0.964994
3952 0.964829
3951 0.964959
3954 0.96497
3950 0.964974
3953 0.965013
3955 0.965358
3957 0.965237
3956 0.965358
3958 0.965464
3960 0.965695
3961 0.964814
3959 0.965476
3963 0.960546
3962 0.964512
3964 0.965068
3967 0.96568
3965 0.965586
3966 0.965519
3968 0.965797
3970 0.964708
3969 0.964853
3974 0.964884
3972 0.965084
3971 0.964908
3973 0.964963
3975 0.964727
3976 0.964437
3977 0.964731
3978 0.96439
3980 0.963693
3981 0.964422
3982 0.962674
3979 0.964528
3983 0.963152
3984 0.96236
3986 0.962795
3988 0.96307
3987 0.962741
3985 0.962372
3989 0.962807
3994 0.964633
3991 0.96296
3992 0.963199
3993 0.963258
3995 0.964829
3996 0.963101
3990 0.962991
3998 0.965006
3997 0.965166
4001 0.957282
4002 0.956431
4003 0.960456
4000 0.958387
3999 0.962976
4006 0.964994
4007 0.967161
4009 0.967043
4008 0.967063
4010 0.96711
4004 0.961087
4005 0.964547
4011 0.966926
4013 0.966863
4012 0.965017
4015 0.967051
4017 0.967275
4014 0.967102
4016 0.967157
4024 0.966949
4019 0.96722
4018 0.96711
4020 0.967036
4022 0.967212
4023 0.967188
4021 0.96713
4026 0.966934
4030 0.964383
4025 0.966938
4031 0.965076
4028 0.965057
4029 0.964759
4027 0.966973
4032 0.965174
4035 0.964763
4037 0.964626
4036 0.964818
4038 0.964763
4034 0.964622
4033 0.964884
4040 0.964763
4041 0.964653
4039 0.964861
4042 0.956808
4045 0.947712
4043 0.952999
4044 0.950154
4049 0.964896
4046 0.948633
4047 0.948919
4051 0.965543
4050 0.965405
4052 0.965703
4048 0.953982
4053 0.96588
4056 0.96546
4054 0.96588
4058 0.965495
4059 0.965523
4055 0.965401
4057 0.965429
4060 0.965237
4061 0.965456
4066 0.965825
4065 0.965495
4063 0.965249
4064 0.965382
4062 0.965441
4067 0.965891
4073 0.963771
4068 0.965727
4072 0.963936
4071 0.963877
4070 0.964093
4069 0.963959
4074 0.963614
4076 0.963038
4077 0.962968
4075 0.962933
4080 0.965017
4078 0.964539
4079 0.964829
4082 0.964265
4081 0.964132
4085 0.964833
4083 0.964147
4086 0.96385
4087 0.964857
4084 0.964876
4088 0.964959
4091 0.964735
4089 0.964825
4090 0.964696
4094 0.96439
4092 0.964853
4093 0.964841
4095 0.964445
4097 0.963716
4098 0.963697
4101 0.963744
4099 0.96374
4100 0.963779
4096 0.96392
4102 0.96372
4105 0.964151
4103 0.961369
4104 0.960911
4107 0.964112
4108 0.964014
4106 0.964038
4109 0.964179
4112 0.96392
4110 0.96412
4113 0.963799
4111 0.963908
4115 0.963952
4114 0.963783
4120 0.962513
4116 0.963779
4118 0.963552
4117 0.963607
4119 0.962176
4122 0.962509
4121 0.96269
4123 0.962572
4128 0.9616
4124 0.962737
4126 0.961831
4129 0.961275
4127 0.961267
4125 0.962631
4131 0.95966
4133 0.960041
4130 0.959821
4132 0.960064
4135 0.959974
4136 0.959849
4134 0.959739
4138 0.96053
4141 0.961228
4143 0.961142
4137 0.960193
4139 0.960585
4140 0.961063
4142 0.961032
4144 0.960558
4145 0.960182
4149 0.958591
4150 0.957207
4147 0.959445
4148 0.95901
4146 0.9597
4153 0.956902
4152 0.957047
4154 0.956725
4156 0.956247
4155 0.957521
4151 0.957474
4157 0.956114
4158 0.956196
4159 0.956635
4161 0.958461
4163 0.958406
4162 0.958414
4160 0.956725
4164 0.958853
4165 0.958975
4169 0.955381
4166 0.958826
4168 0.957787
4167 0.957772
4170 0.955624
4171 0.95816
4173 0.954915
4172 0.955397
4174 0.954484
4178 0.9543
4175 0.954108
4176 0.953171
4177 0.953829
4179 0.954335
4180 0.954613
4185 0.958128
4184 0.957254
4181 0.954982
4183 0.957078
4182 0.956012
4191 0.959394
4187 0.959092
4186 0.958955
4190 4188 0.9594210.959088

4192 0.959425
4189 0.958939
4194 0.958673
4195 0.958963
4199 0.958971
4196 0.959033
4193 0.959312
4198 0.959155
4197 0.959813
4201 0.959907
4200 0.958994
4204 0.957987
4202 0.959308
4203 0.959441
4206 0.958238
4205 0.958301
4211 0.956106
4208 0.955322
4213 0.940717
4207 0.95526
4212 0.939945
4209 0.956083
4210 0.956106
4214 0.933836
4215 0.934659
4218 0.94879
4217 0.934796
4216 0.934671
4220 0.949687
4219 0.949037
4221 0.93971
4222 0.940106
4223 0.946639
4224 0.950777
4225 0.933977
4227 0.949499
4226 0.947599
4229 0.938276
4230 0.939851
4234 0.950111
4231 0.941509
4233 0.946748
4232 0.942728
4228 0.937426
4235 0.951944
4237 0.9562
4238 0.956902
4236 0.95486
4240 0.959696
4241 0.959339
4239 0.958532
4243 0.956631
4242 0.957866
4244 0.947363
4247 0.947928
4245 0.947301
4246 0.948037
4248 0.934338
4250 0.931269
4249 0.931653
4254 0.906201
4251 0.928945
4252 0.924337
4253 0.925309
4255 0.898505
4256 0.89546
4257 0.899124
4261 0.867817
4258 0.900049
4259 0.896643
4262 0.868436
4260 0.867053
4266 0.856264
4263 0.868808
4269 0.851801
4268 0.847835
4264 0.85753
4265 0.855896
4267 0.846029
4270 0.859113
4274 0.925987
4275 0.927664
4273 0.920183
4276 0.921954
4272 0.917934
4271 0.866214
4278 0.926747
4277 0.927233
4280 0.93866
4279 0.927879
4283 0.927895
4281 0.943155
4282 0.936203
4285 0.914454
4284 0.926547
4290 0.92679
4286 0.912248
4289 0.922699
4288 0.924701
4287 0.918937
4291 0.92913
4293 0.908345
4294 0.890898
4297 0.893641
4292 0.910249
4295 0.893046
4296 0.89419
4298 0.892811
4300 0.893598
4303 0.893457
4302 0.894762
4301 0.89149
4304 0.896134
4299 0.892427
4305 0.891282
4306 0.895115
4307 0.89544
4311 0.923612
4308 0.895679
4310 0.893896
4309 0.898771
4313 0.922095
4315 0.917424
4312 0.922671
4314 0.924835
4316 0.918537
4317 0.904473
4318 0.881893
4320 0.878311
4321 0.858898
4322 0.849532
4325 0.818249
4324 0.812849
4323 0.818268
4319 0.882497
4326 0.815251
4328 0.785167
4329 0.800328
4330 0.796233
4331 0.786687
4327 0.779833
4332 0.785374
4336 0.780554
4334 0.777894
4335 0.789062
4339 0.782886
4337 0.780931
4338 0.78037
4333 0.786276
4344 0.776679
4341 0.777827
4343 0.774249
4340 0.781558
4345 0.779963
4342 0.774378
4346 0.780382
4348 0.776941
4349 0.777905
4350 0.77798
4351 0.780296
4347 0.776816
4353 0.789477
4352 0.781836
4355 0.790602
4356 0.785794
4354 0.791221
4357 0.781914
4359 0.775503
4360 0.773583
4358 0.78086
4361 0.772795
4362 0.77095
4363 0.773042
4365 0.758445
4367 0.75018
4366 0.750247
4364 0.768928
4369 0.745897
4370 0.742586
4368 0.747661
4371 0.750882
4374 0.736269
4373 0.73382
4372 0.739674
4375 0.731143
4377 0.7178
4376 0.718231
4378 0.70562
4381 0.718023
4380 0.69906
4379 0.701196
4384 0.728122
4383 0.718967
4382 0.719191
4387 0.737072
4386 0.740709
4388 0.740959
4385 0.727992
4389 0.737076
4391 0.73804
4390 0.769903
4394 0.747915
4395 0.701611
4392 0.767756
4393 0.758598
4402 0.713466
4398 0.690071
4396 0.733353
4399 0.717141
4400 0.716009
4401 0.707231
4397 0.729662
4405 0.683483
4404 0.698954
4407 0.676598
4403 0.708779
4408 0.667405
4406 0.673851
4409 0.669799
4411 0.668827
4412 0.666311
4413 0.668843
4416 0.659571
4410 0.668032
4414 0.655292
4415 0.655656
4418 0.670677
4417 0.667663
4419 0.670802
4423 0.715158
4420 0.67891
4421 0.68047
4422 0.683436
4424 0.717357
4425 0.717455
4428 0.713156
4429 0.709711
4427 0.716702
4426 0.716111
4430 0.701862
4431 0.694099
4432 0.695729
4436 0.672813
4433 0.704253
4435 0.672828
4434 0.673157
4437 0.652999
4442 0.631913
4439 0.647552
4441 0.632485
4444 0.628492
4440 0.643743
4443 0.636368
4438 0.651444
4450 0.657102
4445 0.632109
4448 0.657929
4449 0.650456
4447 0.650989
4451 0.661425
4446 0.643406
4452 0.674466
4456 0.651056
4453 0.66157
4454 0.667322
4457 0.652976
4455 0.656076
4458 0.65354
4459 0.654332
4462 0.637544
4461 0.641874
4460 0.65193
4463 0.630506
4465 0.632849
4464 0.629393
4472 0.661742
4467 0.664254
4468 0.65999
4469 0.644958
4470 0.657518
4466 0.637795
4471 0.664462
4474 0.672248
4473 0.661907
4476 0.675638
4479 0.643904
4478 0.670548
4477 0.679165
4475 0.670422
4483 0.618138
4481 0.669846
4482 0.619334
4486 0.606872
4480 0.649026
4485 0.638888
4484 0.619725
4489 0.601617
4487 0.606958
4492 0.61072
4488 0.603126
4493 0.58738
4490 0.601284
4491 0.614255
4495 0.597651
4494 0.577544
4496 0.600426
4498 0.607573
4500 0.604423
4499 0.612664
4497 0.604979
4502 0.618048
4501 0.613914
4503 0.635052
4504 0.647266
4507 0.67768
4505 0.649782
4506 0.667295
4509 0.719704
4508 0.682065
4511 0.743522
4512 0.755753
4514 0.763837
4510 0.73918
4513 0.758794
4516 0.792475
4515 0.777333
4518 0.792699
4520 0.843333
4519 0.841463
4521 0.843819
4517 0.791311
4522 0.79882
4525 0.869522
4524 0.822391
4523 0.844042
4527 0.863502
4526 0.86199
4528 0.876434
4531 0.918909
4529 0.882399
4534 0.911382
4530 0.906542
4533 0.911017
4535 0.909983
4532 0.917891
4537 0.903536
4538 0.903854
4539 4541 0.8856430.889738

4536 0.903332
4542 0.90278
4540 0.888986
4545 0.870893
4547 0.884272
4549 0.874671
4544 0.882555
4548 0.882834
4543 0.893931
4546 0.875219
4550 0.868577
4555 0.86697
4552 0.869134
4556 0.866006
4551 0.864325
4554 0.870247
4553 0.871653
4563 0.792205
4557 0.818061
4560 0.791186
4561 0.821627
4558 0.800477
4559 0.81471
4562 0.822548
4564 0.763841
4565 0.757281
4566 0.7664
4568 0.753006
4567 0.793674
4569 0.742241
4570 0.720359
4571 0.722675
4573 0.728196
4572 0.724395
4575 0.736841
4574 0.731762
4576 0.734572
4577 0.730261
4579 0.722298
4580 0.718148
4581 0.712247
4583 0.662573
4582 0.670677
4584 0.655985
4578 0.728369
4585 0.654892
4586 45870.644852
 0.645303
4590 0.644641
4591 0.688785
4588 0.63542
4589 0.639617
4594 0.685584
4593 0.689792
4592 0.693786
4598 0.707482
4596 0.71247
4597 0.710037
4595 0.713865
4599 0.711177
4603 0.688727
4604 0.691736
4605 0.702152
4600 0.710088
4602 0.694464
4601 0.708849
4606 0.70042
4608 0.646561
4611 0.66907
4607 0.662624
4609 0.647952
4610 0.657373
4612 0.66264
4613 0.662702
4619 0.621885
4618 0.632583
4617 0.641333
4615 0.657341
4614 0.660179
4616 0.656001
4622 0.589163
4625 0.543859
4621 0.594305
4620 0.615521
4624 0.548059
4626 0.542558
4623 0.556159
4628 0.535935
4629 0.531471
4633 0.491379
4630 0.508504
4631 0.533102
4632 0.53367
4627 0.537757
4634 0.492699
4635 0.503876
4636 0.506815
4640 0.585507
4637 0.506039
4638 0.565819
4639 0.576474
4641 0.58767
4645 0.58104
4644 0.549411
4643 0.585052
4646 0.582509
4647 0.590072
4642 0.590805
4648 0.587161
4651 0.590111
4652 0.603086
4650 0.601174
4653 0.604536
4649 0.579613
4654 0.600171
4657 0.605692
4656 0.608949
4660 0.56993
4658 0.601582
4659 0.581075
4661 0.581169
4655 0.605704
4663 0.564538
46654662  0.5651840.563499

4666 0.567089
4664 0.572363
4668 0.572054
4667 0.567489
4671 0.546856
4672 0.549458
4673 0.547072
4669 0.530425
4674 0.538568
4670 0.532392
4675 0.485301
4679 0.452474
4678 0.463093
4677 0.467937
4680 0.441246
4676 0.473686
4682 0.428107
4681 0.430266
4683 0.427378
4684 0.413819
4685 0.39294
4688 0.397827
4687 0.400225
4686 0.397784
4689 0.39707
4690 0.397372
4696 0.379217
4691 0.397302
4692 0.401616
4694 0.364517
4693 0.391717
4695 0.365387
4697 0.377931
4698 0.385236
4700 0.391474
4701 0.382504
4699 0.390561
4702 0.392709
4703 0.389319
4704 0.414027
4706 0.392709
4709 0.425407
4705 0.390851
4707 0.393293
4710 0.433205
4708 0.409501
4711 0.439126
4716 0.488169
4717 0.496759
4713 0.464884
4715 0.455565
4712 0.443084
4714 0.464481
4718 0.4942
4719 0.515965
4720 0.515401
4724 0.53637
4721 0.527129
4722 0.519884
4723 0.530774
4726 0.552452
4725 0.538157
4728 0.552695
4727 0.549897
4729 0.536013
4731 0.533207
4730 0.534019
4732 0.542009
4735 0.522466
4733 0.539971
4734 0.533305
4736 0.521714
4738 0.514448
4737 0.518101
4740 0.512756
4739 47410.51464
 0.534026
4743 0.495431
4744 0.485791
4742 0.504315
4745 0.482542
4749 0.446854
4747 0.459931
4751 0.438084
4746 0.477812
4752 0.430568
4750 0.4452
4748 0.457607
4753 0.410296
4754 0.410269
4755 0.421982
4759 0.367535
4756 0.405143
4757 0.399179
4758 0.382982
4763 0.339653
4760 0.364596
4761 0.351339
4762 0.34296
4765 0.316282
4766 0.311724
4764 0.327575
4768 0.290195
4767 0.299474
4769 0.260827
4770 0.269672
4772 0.252543
4773 0.244498
4771 0.25598
4780 0.182954
4774 0.235085
4776 0.213313
4775 0.233181
4777 0.201925
4779 0.192391
4778 0.196701
4781 0.178632
4784 0.151902
4782 0.161558
4783 0.155366
4785 0.14457
4786 0.136192
4787 0.131858
4788 0.122708
4789 0.114545
4793 0.0895942
4791 0.10126
4792 0.093701
4790 0.109544
4794 0.0771287
4795 0.0713093
4798 0.0605289
4796 0.0686759
4797 4799 0.05891040.0640949

4801 0.0521741
4800 0.0551759
4802 0.0504264
4803 0.0502853
4805 0.05083
4806 0.0509358
4804 0.0505714
4808 0.0511905
4807 0.0511004
4809 0.0512219
4815 0.0508888
4810 0.0512375
4813 0.0507595
4814 0.0509005
4811 0.0512532
4812 0.0508026
4816 0.0508143
4817 0.0508065
4820 0.0508653
4818 0.0508143
4819 0.0504773
4821 0.0507751
4822 0.050924
4823 0.0510808
4825 0.0510965
4828 0.0510769
4826 0.0511905
4827 0.0510573
4829 0.0512336
4824 0.0509789
4830 0.0512023
4833 0.0523191
4831 0.0514374
4836 0.0525072
4835 0.0528991
4834 0.0525856
4832 0.0515001
4837 0.0529892
4840 0.0536045
4838 0.0532047
4841 0.0534987
4839 0.0534869
4843 0.0538553
4842 0.0535535
4845 0.0541452
4846 0.0540042
4847 0.0541257
4844 0.0540081
4848 0.0543333
4850 0.0545214
4849 0.0544979
4851 0.0543451
4854 0.055074
4852 0.0544235
4857 0.0551288
4853 0.0545567
4856 0.0552425
4855 0.0551759
4858 0.0527463
4864 0.0533458
4861 0.053095
4859 0.0525346
4863 0.0535614
4860 0.0528285
4862 0.0532831
4865 0.052758
4867 0.0527306
4868 0.0524641
4869 0.0528952
4866 0.0527384
4871 0.0526404
4870 0.0525307
4873 0.0519547
4878 0.0522015
4877 0.052037
4872 0.0520761
4876 0.0519312
4874 0.0517626
4875 0.0518763
4881 0.0522564
4880 0.052182
4879 0.0522133
4882 0.0521467
4884 0.0510965
4885 0.0510925
4883 0.0508653
4886 0.0511317
4887 0.0513042
4892 0.0513786
4890 0.0513669
4891 0.0512454
4888 0.0511631
4889 0.0512179
4895 0.0515902
4893 0.051359
4896 0.0511788
4898 0.0511004
4899 0.0515393
4894 0.0516921
4897 0.0508849
4901 0.0518802
4900 0.0518214
4905 0.0535927
4903 0.0521545
4902 0.051892
4904 0.0530833
4906 0.0539297
4907 0.053432
4908 0.0540355
4910 0.0537259
4911 0.0528756
4912 0.0526091
4909 0.0541727
4913 0.0519899
4916 0.0529187
4914 0.051504
4920 0.0771678
4918 0.0642125
4915 0.0513786
4917 0.0604035
4919 0.0721401
4926 0.0984349
4921 0.0814824
4923 0.0874193
4922 0.0860751
4927 0.1036
4924 0.0893238
4925 0.0922785
4929 0.124252
4932 0.147247
4933 0.147595
4931 0.139256
4930 0.129679
4934 0.151404
4928 0.11391
4936 0.15691
4941 0.164677
4935 0.154261
4938 0.161723
4940 0.163917
4937 0.159367
4939 0.162792
4942 0.165982
4943 0.16947
4945 0.173585
4947 0.184142
4948 0.187065
4944 0.172997
4946 0.179474
4951 0.182719
4949 0.186814
4950 0.183432
4952 0.179286
4955 0.168847
4953 0.174317
4954 0.172958
4957 0.164383
4956 0.164489
4960 0.157098
4959 0.158368
4962 0.151918
4958 0.16041
4961 0.153862
4963 0.151056
4965 0.138194
4964 0.146063
4969 0.133249
4968 0.133523
4966 0.135385
4967 0.134158
4971 0.1362
4970 0.134342
4974 0.14689
4972 0.138014
4975 0.150292
4973 0.142407
4976 0.156734
4978 0.161946
4979 0.163694
4980 0.163737
4977 0.161056
4981 0.16347
4983 0.157471
4982 0.162205
4984 0.158153
4986 0.162248
4985 0.158881
4990 0.167538
4989 0.1661
4987 0.163137
4988 0.164756
4993 0.173871
4992 0.172601
4995 0.177131
4994 0.174913
4996 0.178232
4991 0.170602
4997 0.181649
4999 0.184416
5000 0.18603
5001 0.185913
5003 0.18163
5004 0.177448
5002 0.185078
4998 0.1825
5009 0.163012
5007 0.165841
5008 0.16231
5011 0.159195
5006 0.168294
5005 0.175842
5010 0.161597
5012 0.152913
5013 0.14758
5015 0.1327
5016 0.124295
5014 0.144519
5017 0.121371
5018 0.112683
5019 0.106018
5020 0.10282
5021 0.098137
5025 0.085358
5023 0.0920356
5022 0.0931916
5024 0.0888888
5027 0.0801187
5026 0.0833046
5030 0.0726339
5028 0.0770229
5032 0.0689267
5029 0.0753143
5031 0.0702003
5033 0.0659642
5034 0.0673396
5036 0.0683272
5035 0.0675669
5039 0.0704119
5037 0.0689659
5038 0.0695968
5040 0.0708743
5042 0.0715288
5043 0.0720656
5041 0.0708665
5045 0.0727005
5044 0.0719638
5046 0.0751262
5047 0.0762705
5051 0.10262
5049 0.0935913
5050 0.0963422
5048 0.0825875
5052 0.108737
5053 0.113933
5056 0.136682
5057 0.145397
5055 0.131807
5054 0.122872
5060 0.171041
5058 0.150358
5059 0.160825
5062 0.197524
5064 0.2232
5061 0.181935
5067 0.233157
5063 0.211483
5066 0.234748
5065 0.222467
5070 0.250157
5071 0.256254
5074 0.297146
5068 0.233745
5072 0.26785
5069 0.242288
5073 0.287146
5078 0.325859
5075 0.30384
5080 0.328775
5077 0.319174
5081 0.332031
5076 0.312155
5079 0.327842
5082 0.344689
5084 0.343105
5085 0.338626
5083 0.328061
5088 0.331145
5087 0.337937
5086 0.3393
5091 0.310584
5089 0.330895
5092 0.306845
5090 0.326478
5094 0.299215
5095 0.29735
5093 0.303307
5096 0.298244
5098 0.287953
5097 0.294533
5100 0.266902
5101 0.261494
5102 0.246583
5099 0.275644
5104 0.230685
5103 0.233075
5105 0.221444
5107 0.210597
5108 0.199099
5109 0.17507
5106 0.217925
5112 0.159881
5110 0.189036
5111 0.179945
5114 0.15193
5115 0.149206
5113 0.159113
5116 0.146204
5117 0.13522
5119 0.120936
5120 0.112143
5121 0.105634
5118 0.124502
5122 0.102894
5123 0.0950295
5126 0.0745815
5125 0.0817724
5124 0.084876
5127 0.0688053
5129 0.0595374
5130 0.053577
5128 0.0654861
5131 0.0529148
5135 0.0525817
5132 0.0528677
5136 0.05295
5134 0.0523152
5133 0.0520918
5137 0.0527737
5141 0.0531812
5143 0.0532008
5138 0.0530206
5139 0.0531068
5140 0.0530206
5144 0.0532557
5142 0.053095
5150 0.0534124
5145 0.0532831
5148 0.0533733
5146 0.0533811
5147 0.0533654
5151 0.0533811
5149 0.0533733
5154 0.0535809
5152 0.0535418
5158 0.0514296
5153 0.0534908
5155 0.0536476
5157 0.0537495
5156 0.0537808
5159 0.0518332
5161 0.0521467
5160 0.0518763
5162 0.0523779
5163 0.0524328
5165 0.0525346
5164 0.0524092
5167 0.0525973
5168 0.0526796
5172 0.0532243
5166 0.0525542
5171 0.0532204
5169 0.0528207
5170 0.0531342
5174 5173 0.0532204
0.0532283
5175 0.0533615
5177 0.0535026
5178 0.0534477
5179 0.0536241
5176 0.053287
5182 0.0534007
5183 0.0508496
5181 0.0533968
5186 0.0511121
5180 0.0535574
5184 0.0512258
5185 0.0511905
5188 0.0514452
5191 0.0518998
5189 0.0514766
5193 0.0519233
5192 0.0519194
5190 0.0517117
5187 0.0513629
5196 0.0521036
5195 0.0518293
5194 0.051265
5197 0.0521624
5199 0.0523936
5200 0.0525111
5198 0.0520605
5204 0.0526444
5206 0.0528246
5202 0.0525542
5207 0.0527502
5205 0.0526013
5203 0.0527463
5201 0.0524602
5208 0.0528873
5210 0.0528756
5209 0.0528364
5214 0.0530245
5213 0.0529265
5212 0.0528795
5211 0.0528403
5221 0.0517352
5220 0.0515706
5216 0.053001
5219 0.051504
5218 0.0530519
5215 0.0530833
5217 0.0530206
5225 0.0518724
5224 0.0518606
5223 0.0516843
5222 0.0516216
5227 0.0518998
5228 0.0519507
5226 0.0518332
5229 0.0521114
5230 0.0526522
5231 0.052856
5233 0.0529931
5235 0.0530911
5234 0.0530362
5232 0.0528912
5236 0.0530754
5238 0.053146
5239 0.053001
5237 0.0530989
5241 0.052903
5242 0.0529344
5240 0.0529814
5243 0.0529344
5245 0.0522956
5247 0.0523113
5249 0.052131
5244 0.051747
5248 0.0521428
5246 0.052374
5255 0.0527149
5250 0.0521937
5253 0.05266
5251 0.052566
5256 0.0528246
5252 0.0525464
5254 0.0526287
5258 0.0568609
5257 0.0533262
5262 0.0849348
5261 0.0766937
5260 0.0727985
5263 0.0919493
5259 0.0648944
5264 0.0937911
5265 0.0991246
5266 0.103263
5267 0.104866
5269 0.108925
5268 0.107859
5270 0.110364
5272 0.11351
5271 0.111653
5274 0.116304
5275 0.11775
5276 0.118432
5273 0.114968
5277 0.119784
5278 0.120591
5279 0.121211
5280 0.122237
5283 0.124024
5284 0.124189
5281 0.122711
5282 0.123342
5285 0.124651
5286 0.125411
5291 0.142905
5289 0.131889
5288 0.12839
5287 0.126787
5290 0.139989
5293 0.15972
5292 0.151326
5294 0.159058
5297 0.183131
5295 0.168608
5296 0.177656
5298 0.191156
5300 0.199303
5299 0.196944
5301 0.202956
5302 0.209276
5304 0.214919
5303 0.210793
5305 0.218705
5306 0.22041
5307 0.224195
5308 0.225676
5309 0.225723
5310 0.227887
5311 0.229258
5312 0.230007
5315 0.232699
5313 0.230943
5316 0.231033
5318 0.231958
5317 0.232867
5319 0.230363
5314 0.232679
5320 0.229987
5322 0.227898
5324 0.226872
5326 0.224505
5323 0.226699
5325 0.226045
5321 0.228858
5329 0.225676
5328 0.222851
5331 0.230931
5330 0.227988
5327 0.224093
5332 0.234443
5333 0.236363
5335 0.244788
5340 0.261094
5337 0.253676
5336 0.246986
5339 0.259863
5338 0.259186
5334 0.237166
5345 0.262407
5344 0.260918
5341 0.258449
5342 0.25955
5343 0.260169
5347 0.266259
5346 0.264762
5353 0.278717
5350 0.269084
5351 0.27026
5348 0.267192
5352 0.274233
5354 0.281456
5349 0.268218
5355 0.290747
5357 0.301128
5358 0.307696
5356 0.298479
5360 0.318163
5361 0.326102
5359 0.313989
5362 0.328014
5367 0.335883
5364 0.333128
5363 0.329574
5365 0.336056
5368 0.337698
5366 0.337239
5372 0.334535
5369 0.331138
5370 0.332517
5371 0.334386
5375 0.336859
5373 0.334515
5374 0.336255
5376 0.338152
5382 0.347475
5377 0.340719
5379 0.34251
5381 0.344822
5380 0.343348
5378 0.340676
5383 0.348306
5384 0.349148
5388 0.357193
5387 0.354376
5389 0.362527
5385 0.351241
5386 0.353764
5390 0.364756
5392 0.371144
5391 0.369008
5394 0.373503
5395 0.376313
5396 0.3779
5393 0.372147
5399 0.377108
5398 0.376799
5402 0.381047
5397 0.378872
5401 0.380373
5400 0.378135
5403 0.379938
5404 0.380161
5406 0.384135
5405 0.381164
5410 0.391122
5408 0.386776
5407 0.385322
5409 0.387799
5413 0.391855
5411 0.390424
5412 0.391188
5414 0.392015
5415 0.393112
5417 0.396581
5416 0.394562
5418 0.399982
5421 0.414709
5420 0.408807
5422 0.419936
5424 0.424451
5423 0.422816
5419 0.405159
5425 0.429741
5427 0.434584
5429 0.435121
5426 0.431152
5431 0.444009
5430 0.440337
5428 0.437429
5434 0.455432
5433 0.454923
5432 0.448496
5438 0.470496
5435 0.45542
5436 0.46122
5437 0.468329
5441 0.482393
5443 0.496426
5445 0.497676
5442 0.490481
5440 0.480975
5444 0.490113
5439 0.473909
5448 0.515169
5446 0.504687
5451 0.519511
5447 0.510295
5452 0.526981
5450 0.517317
5449 0.516588
5454 0.522956
5453 0.526295
5457 0.522082
5459 0.5222
5455 0.527952
5458 0.522047
5456 0.528039
5462 0.534606
5461 0.533572
5463 0.532432
5464 0.532647
5465 0.538525
5460 0.522552
5466 0.53753
5468 0.536942
5469 0.541809
5473 0.525456
5472 0.527882
5467 0.552648
5471 0.529873
5470 0.540449
5474 0.525907
5476 0.525797
5478 0.551065
5475 0.526522
5477 0.551571
5479 0.553679
5480 0.55641
5482 0.561199
5481 0.555438
5484 0.565416
5487 0.579527
5486 0.575616
5483 0.561187
5485 0.567046
5488 0.583187
5494 0.591938
5493 0.587149
5492 0.58863
5490 0.585432
5489 0.582309
5491 0.588168
5497 0.59483
5495 0.59309
5498 0.599806
5496 0.594312
5501 0.616441
5500 0.616151
5499 0.611096
5504 0.622774
5502 0.619608
5507 0.63475
5503 0.62141
5505 0.62605
5506 0.633943
5508 0.638469
5509 0.640557
5514 0.655366
5511 0.654931
5512 0.655735
5513 0.655833
5510 0.65142
5515 0.654249
5517 0.644076
5520 0.664697
5518 0.65383
5516 0.644178
5522 0.672276
5521 0.670971
5519 0.662867
5525 0.6788
5523 0.675258
5524 0.677213
5526 0.679851
5527 0.700738
5528 0.695106
5529 0.701956
5530 0.706984
5531 0.710229
5536 0.704539
5535 0.698676
5534 0.696909
5532 0.692304
5533 0.693664
5537 0.706976
5542 0.72552
5539 0.718282
5540 0.714857
5538 0.713822
5543 0.722138
5541 0.722996
5547 0.747833
5544 0.741481
5545 0.735046
5548 0.749397
5546 0.73715
5549 0.753852
5550 0.756062
5551 0.780257
5553 0.779449
5552 0.780151
5554 0.779814
5555 0.781342
5557 0.779822
5556 0.780813
5559 0.77651
5560 0.778603
5558 0.779822
5561 0.778767
5563 0.792048
5562 0.77747
5564 0.792859
5565 0.793145
5566 0.793537
5567 0.793467
5568 0.79322
5569 0.799039
5571 0.801312
5570 0.799631
5573 0.800932
5572 0.800893
5574 0.809584
5578 0.795497
5576 0.808087
5577 0.798929
5575 0.809702
5579 0.796022
5584 0.789524
5585 0.788858
5582 0.792644
5580 0.795935
5583 0.790343
5581 0.793612
5586 0.793616
5588 0.794623
5587 0.793161
5589 0.794415
5592 0.77912
5590 0.794442
5591 0.77814
5593 0.795453
5594 0.785982
5595 0.786154
5598 0.784109
5597 0.783979
5599 0.783247
5596 0.78519
5601 0.782725
5603 0.782439
5604 0.781805
5605 0.782157
5600 0.782792
5602 0.782592
5606 0.782514
5607 0.785155
5612 0.785813
5608 0.786789
5610 0.785998
5611 0.785888
5609 0.787608
5613 0.785755
5615 0.785461
5614 0.785304
5618 0.785774
5616 0.785566
5619 0.785872
5620 0.785296
5617 0.786001
5621 0.78615
5623 0.784026
5622 0.785112
5625 0.784763
5624 0.778376
5626 0.784446
5627 0.78425
5630 0.785108
5628 0.784618
5629 0.784936
5631 0.785904
5632 0.786135
5634 0.788807
5633 0.786989
5635 0.789458
5637 0.788396
5636 0.789583
5638 0.789038
5640 0.788192
5641 0.788796
5639 0.789462
5642 0.792965
5644 0.834641
5647 0.840409
5645 0.83479
5646 0.836428
5643 0.79244
5648 0.839575
5649 0.84539
5651 0.844751
5653 0.858839
5650 0.846452
5652 0.856276
5654 0.862875
5655 0.91559
5657 0.914003
5656 0.915175
5659 0.912177
5660 0.911981
5662 0.911045
5661 0.911793
5658 0.912757
5663 0.911965
5666 0.911977
5668 0.911726
5669 0.892329
5667 0.906805
5665 0.889695
5664 0.911558
5670 0.888202
5671 0.88736
5673 0.88618
5672 0.885588
5675 0.884621
5676 0.888038
5674 0.884632
5677 0.890354
5679 0.895859
5678 0.882457
5681 0.896929
5683 0.892219
5682 0.893124
5680 0.897497
5684 0.891228
5686 0.890965
5687 0.891114
5685 0.889942
5688 0.898027
5690 0.898042
5689 0.89263
5694 0.911687
5692 0.898011
5691 0.894355
5695 0.91175
5693 0.897372
5697 0.907185
5696 0.910539
5700 0.912734
5699 0.909724
5698 0.910159
5701 0.912009
5704 0.912569
5703 0.912835
5702 0.912353
5706 0.912557
5707 0.912585
5705 0.912749
5709 0.911762
5708 0.912506
5711 0.911045
5710 0.911209
5712 0.910951
5716 0.910496
5713 0.910911
5718 0.910606
5714 0.911013
5717 0.910457
5715 0.910621
5722 0.910907
5720 0.910747
5721 0.910782
5719 0.910708
5723 0.910743
5725 0.910845
5724 0.911009
5726 0.910892
5727 0.911413
5730 0.91128
5728 0.911307
5729 0.911241
5732 0.910684
5731 0.910825

