0 0.124436
3 0.114886
2 0.117237
1 0.120764
5 0.12125
4 0.121583
6 0.125408
7 0.129718
8 0.131536
10 0.139107
9 0.134816
11 0.140209
12 0.143598
14 0.146294
13 0.145781
15 0.147552
16 0.14852
17 0.14892
18 0.151318
19 0.150241
22 0.153815
20 0.151569
21 0.15318
23 0.154978
25 0.155245
24 0.155002
26 0.1551
27 0.15934
28 0.161891
31 0.168604
29 0.163364
30 0.165771
32 0.169294
33 0.170508
35 0.171766
34 0.171041
36 0.172891
37 0.175419
39 0.175191
38 0.175324
40 0.176849
42 0.177903
41 0.177468
43 0.178683
44 0.176336
46 0.179361
47 0.179149
45 0.177127
48 0.178734
50 0.18092
49 0.17976
51 0.179666
52 0.180623
53 0.181845
55 0.185282
54 0.184722
57 0.187237
56 0.185658
58 0.189252
59 0.189604
62 0.18933
60 0.189158
61 0.189424
63 0.189753
65 0.188409
66 0.186046
64 0.188778
67 0.184189
70 0.182766
68 0.184165
69 0.180583
71 0.184114
73 0.188009
72 0.185709
74 0.188664
75 0.190149
76 0.190992
77 0.19194
78 0.191427
79 0.194185
80 0.195714
81 0.202619
82 0.20352
83 0.205397
86 0.2149
85 0.212846
87 0.21925
84 0.207819
90 0.234051
91 0.235928
88 0.223337
89 0.228474
94 0.234399
93 0.240336
95 0.235767
92 0.235552
96 0.23784
98 0.242315
97 0.242045
99 0.246109
101 0.246375
100 0.246669
103 0.246434
102 0.247069
104 0.246485
106 0.244
105 0.244353
107 0.242574
110 0.246736
108 0.24228
109 0.244667
111 0.249655
112 0.252821
114 0.257163
113 0.254279
115 0.260451
116 0.261019
118 0.262081
119 0.261964
117 0.260965
120 0.264644
122 0.267697
123 0.269006
121 0.266271
124 0.267889
125 0.271561
127 0.273469
126 0.268708
128 0.271283
129 0.27577
130 0.278133
131 0.279383
132 0.281146
134 0.284779
133 0.283345
135 0.286425
136 0.287079
138 0.291539
139 0.293098
137 0.289317
140 0.29465
141 0.294199
142 0.294913
143 0.296704
144 0.288909
145 0.287992
147 0.288666
146 0.288631
148 0.287785
149 0.287632
150 0.287346
151 0.282087
152 0.283047
153 0.286013
155 0.280633
154 0.284132
156 0.279081
157 0.278043
159 0.274892
158 0.277396
160 0.275041
161 0.274288
162 0.273477
163 0.272541
164 0.272619
166 0.271592
165 0.27548
167 0.275276
168 0.276898
170 0.268293
171 0.268007
169 0.268571
172 0.267211
173 0.266568
174 0.267305
175 0.267242
176 0.269406
178 0.267474
177 0.268183
179 0.267654
181 0.272023
180 0.272333
183 0.271334
182 0.271776
186 0.26997
185 0.270887
184 0.270832
187 0.268316
190 0.270977
188 0.269837
189 0.269602
191 0.271177
193 0.270769
192 0.270985
194 0.267168
195 0.268716
197 0.26988
196 0.269355
199 0.271385
198 0.269472
200 0.272106
203 0.270483
201 0.271588
202 0.270569
204 0.270295
206 0.268136
205 0.268395
207 0.268297
208 0.268269
209 0.268144
210 0.268802
211 0.268696
212 0.268708
213 0.267744
214 0.267909
215 0.267936
219 0.267348
218 0.267591
216 0.267242
217 0.267219
220 0.268014
221 0.268363
223 0.268959
222 0.268587
225 0.269116
224 0.269014
226 0.269147
227 0.269151
230 0.270201
228 0.269022
229 0.269813
231 0.270601
232 0.271424
234 0.271761
233 0.271561
235 0.271428
236 0.271169
237 0.270374
238 0.269786
239 0.268704
240 0.269108
242 0.271761
243 0.271855
241 0.272129
244 0.265894
245 0.267529
247 0.268348
246 0.269025
250 0.268555
248 0.26747
249 0.267164
251 0.268622
253 0.267497
255 0.268571
252 0.267983
254 0.267532
257 0.268998
256 0.268931
258 0.269241
259 0.269394
262 0.268861
261 0.268355
260 0.269386
263 0.269504
264 0.270291
265 0.269899
267 0.269958
266 0.270182
268 0.270687
270 0.266557
269 0.266028
271 0.264926
272 0.265518
275 0.265859
273 0.266862
274 0.266235
276 0.264648
279 0.266494
277 0.264801
278 0.264981
280 0.267905
283 0.273273
282 0.271408
281 0.268775
284 0.274951
285 0.277412
286 0.277945
287 0.277545
290 0.279003
288 0.278869
291 0.278536
289 0.279069
293 0.276808
292 0.2774
294 0.272447
295 0.271526
296 0.27187
298 0.268348
299 0.268042
297 0.270268
300 0.266533
302 0.26301
301 0.264586
303 0.261936
304 0.262646
306 0.261635
307 0.262273
305 0.26263
308 0.262074
309 0.262658
310 0.265068
311 0.265001
314 0.267466
312 0.265593
313 0.266482
315 0.26727
317 0.267364
316 0.26725
319 0.264213
318 0.267525
320 0.26408
321 0.264378
322 0.264699
323 0.26515
324 0.265479
327 0.265228
325 0.265749
326 0.265691
328 0.265448
329 0.265479
330 0.267325
331 0.267344
333 0.267756
332 0.267348
335 0.267634
334 0.267666
336 0.267721
337 0.26754
338 0.267842
339 0.268265
340 0.26863
342 0.268696
343 0.269096
341 0.268077
345 0.268007
347 0.270734
344 0.266533
346 0.269609
348 0.271921
351 0.274132
350 0.273885
349 0.27419
353 0.274602
355 0.274653
352 0.274896
354 0.274245
357 0.274304
358 0.274719
359 0.274872
356 0.274751
362 0.274751
361 0.274837
360 0.274994
363 0.274888
364 0.27481
366 0.27468
365 0.27468
367 0.274206
368 0.274002
371 0.272356
370 0.272192
369 0.271153
372 0.272407
373 0.271596
374 0.272384
375 0.271827
376 0.271533
379 0.270832
377 0.271204
378 0.270899
380 0.271224
382 0.270726
381 0.27113
383 0.271432
385 0.274104
386 0.274908
384 0.272795
387 0.276389
390 0.280609
388 0.276875
391 0.284179
389 0.27885
394 0.285112
392 0.285469
395 0.285853
393 0.28764
398 0.288384
396 0.287295
397 0.288196
399 0.288925
400 0.290332
401 0.290696
402 0.291597
403 0.292232
404 0.291735
405 0.292914
407 0.296465
406 0.294638
410 0.313115
409 0.310693
408 0.303138
411 0.317865
412 0.319377
413 0.325005
414 0.32464
415 0.327713
416 0.330464
418 0.344834
419 0.33767
417 0.340303
420 0.344857
423 0.358463
421 0.348047
422 0.351307
427 0.387254
425 0.37444
424 0.365658
426 0.378735
428 0.390695
430 0.402948
431 0.405801
429 0.396729
432 0.411683
433 0.414105
435 0.418071
434 0.415884
436 0.42103
437 0.42186
438 0.422801
439 0.424596
440 0.425415
443 0.418067
441 0.427621
442 0.416672
444 0.41559
445 0.432715
446 0.432829
447 0.435043
448 0.418185
449 0.41916
450 0.421245
451 0.445377
452 0.446874
453 0.447109
455 0.42565
454 0.425411
457 0.430074
456 0.428024
458 0.431493
459 0.433707
460 0.435756
462 0.438844
463 0.439589
461 0.435627
464 0.439792
465 0.441838
466 0.443241
467 0.443554
468 0.44417
470 0.446059
469 0.44549
471 0.446693
472 0.447426
474 0.449985
473 0.447861
475 0.449511
478 0.452293
476 0.450013
479 0.450941
477 0.453496
481 0.455918
480 0.454934
482 0.455083
483 0.455961
484 0.456631
485 0.45689
487 0.457325
486 0.45747
488 0.457885
491 0.458661
490 0.457834
489 0.457556
493 0.459418
492 0.459355
494 0.456698
495 0.457239
496 0.457423
497 0.4572
499 0.45776
498 0.457489
500 0.458579
502 0.465025
503 0.467698
501 0.46082
505 0.477883
507 0.486014
504 0.472596
506 0.480802
508 0.490619
509 0.492723
510 0.503202
511 0.507113
512 0.508982
515 0.508535
513 0.504228
514 0.507046
519 0.542773
516 0.512187
517 0.515024
518 0.517062
520 0.545414
521 0.548275
523 0.553796
522 0.55121
526 0.558566
524 0.555003
525 0.557308
527 0.559443
529 0.587149
531 0.584751
528 0.560188
530 0.586577
533 0.582564
532 0.583097
535 0.578959
534 0.580197
536 0.578285
537 0.577007
538 0.576733
539 0.576067
543 0.57319
541 0.574264
542 0.574252
540 0.574593
544 0.567504
546 0.56772
545 0.568147
547 0.567916
551 0.564867
548 0.567594
549 0.566689
550 0.565329
553 0.572414
552 0.564495
554 0.572077
555 0.572559
556 0.572285
557 0.572121
559 0.571831
558 0.571901
560 0.569005
563 0.561638
562 0.562304
561 0.563002
564 0.56123
565 0.560211
566 0.564792
567 0.559357
569 0.553185
568 0.559255
571 0.553424
570 0.553299
575 0.558985
573 0.555595
572 0.553844
574 0.55741
577 0.562163
576 0.560466
579 0.565451
578 0.563276
581 0.56915
580 0.567739
583 0.572395
582 0.56995
585 0.576012
584 0.57386
586 0.578586
587 0.590637
588 0.591746
589 0.584508
591 0.587259
590 0.584743
592 0.587435
593 0.58787
594 0.591244
595 0.594453
599 0.60621
596 0.597302
597 0.601437
598 0.603267
601 0.614713
600 0.609936
602 0.617844
603 0.621465
604 0.632101
605 0.634879
607 0.646694
606 0.641231
610 0.654876
608 0.648908
609 0.652149
611 0.656424
615 0.673655
612 0.658913
613 0.668874
614 0.670426
618 0.692253
616 0.69163
617 0.691673
619 0.696819
620 0.697681
621 0.698363
622 0.698563
623 0.698269
626 0.698233
624 0.698351
627 0.69761
625 0.698288
631 0.699205
628 0.697669
629 0.697748
630 0.698069
634 0.703108
632 0.699072
635 0.703214
633 0.699417
639 0.702536
636 0.703018
637 0.696055
638 0.696196
640 0.695816
643 0.694961
642 0.69571
641 0.696172
647 0.692794
644 0.692743
645 0.692822
646 0.692383
648 0.693441
651 0.696274
649 0.694852
650 0.695392
655 0.698966
653 0.697156
652 0.696995
654 0.697477
656 0.699374
657 0.699934
658 0.693727
659 0.693809
661 0.694789
660 0.694225
662 0.695044
663 0.696012
666 0.715488
664 0.696932
667 0.714665
665 0.714747
668 0.7145
670 0.719022
669 0.719837
671 0.720073
672 0.699993
673 0.700185
675 0.69357
674 0.692806
678 0.695008
676 0.694577
679 0.695651
677 0.694683
680 0.696035
683 0.714853
682 0.714383
681 0.713724
684 0.715441
687 0.715699
685 0.715809
686 0.715527
689 0.715903
691 0.715793
688 0.715778
690 0.716142
693 0.716601
695 0.717741
692 0.716354
694 0.717028
697 0.717976
696 0.717521
699 0.719277
698 0.718517
701 0.719167
700 0.719171
703 0.720088
702 0.719849
705 0.720527
707 0.719728
706 0.720609
704 0.7203
708 0.720037
709 0.720468
710 0.72088
711 0.720966
712 0.720931
713 0.720664
715 0.72202
714 0.721605
716 0.722882
717 0.723219
719 0.734831
718 0.723306
721 0.734431
720 0.734372
722 0.734443
723 0.734623
724 0.735375
725 0.735156
727 0.737727
726 0.736555
728 0.738393
729 0.737903
730 0.738839
731 0.739267
732 0.739858
735 0.745474
734 0.742264
733 0.740795
738 0.74913
737 0.74824
736 0.749518
739 0.749044
743 0.749945
740 0.750443
741 0.750388
742 0.750184
746 0.755561
744 0.750662
747 0.757935
745 0.753492
748 0.756583
750 0.757011
751 0.757308
749 0.756391
752 0.758927
753 0.759589
755 0.760906
754 0.760541
757 0.757806
759 0.758782
756 0.760216
758 0.75743
760 0.761556
762 0.761968
763 0.762846
761 0.763324
765 0.760036
766 0.762066
764 0.761956
767 0.763383
768 0.768814
771 0.777545
769 0.778462
770 0.778748
773 0.776005
772 0.775687
774 0.777686
775 0.777035
777 0.776871
779 0.773783
778 0.774281
776 0.777243
780 0.773618
783 0.77718
781 0.776181
782 0.776393
785 0.775507
787 0.774367
786 0.774194
784 0.776812
788 0.77401
789 0.775241
791 0.776824
790 0.776491
793 0.774884
792 0.776303
794 0.767536
795 0.766902
796 0.768877
799 0.770346
797 0.768947
798 0.77004
801 0.767732
800 0.768395
802 0.766514
803 0.766137
806 0.766905
804 0.76696
807 0.767144
805 0.766839
808 0.767458
810 0.768508
809 0.767744
811 0.770424
813 0.783345
812 0.77751
814 0.786284
815 0.791562
818 0.796515
816 0.79271
817 0.795344
819 0.803307
820 0.802778
822 0.804576
821 0.80304
823 0.811947
824 0.811814
825 0.813973
826 0.820526
827 0.822281
828 0.823371
829 0.826267
831 0.824201
830 0.823375
834 0.829319
833 0.828626
832 0.827395
835 0.829131
837 0.828422
838 0.828637
836 0.829931
839 0.82879
840 0.829213
843 0.828802
841 0.828814
842 0.828496
845 0.835601
844 0.836138
846 0.835621
847 0.834919
848 0.83495
850 0.833787
849 0.834394
851 0.834418
852 0.83461
853 0.834555
854 0.834441
855 0.833634
856 0.833779
859 0.833309
858 0.832188
857 0.83354
860 0.832505
861 0.833034
862 0.832078
863 0.832125
864 0.832587
866 0.832654
867 0.833077
865 0.832231
869 0.834359
870 0.835182
868 0.833348
871 0.834809
872 0.834739
874 0.834817
875 0.832944
873 0.834308
876 0.829844
878 0.827434
879 0.851464
877 0.829358
881 0.851397
882 0.850398
883 0.850904
880 0.851056
884 0.84965
885 0.849391
886 0.849168
887 0.84985
888 0.84932
889 0.848423
890 0.849563
891 0.847487
892 0.846867
895 0.839849
894 0.841362
893 0.843411
896 0.83939
898 0.839445
897 0.839547
899 0.838689
900 0.838748
902 0.839371
901 0.838857
903 0.838814
905 0.834841
904 0.841162
906 0.840876
907 0.840821
908 0.840699
910 0.840554
909 0.840672
911 0.837694
912 0.835393
914 0.835511
913 0.835871
915 0.840684
916 0.841154
918 0.831843
919 0.834849
917 0.835511
920 0.83535
923 0.839692
921 0.84037
922 0.834829
924 0.834903
926 0.840057
925 0.839771
927 0.840495
928 0.841836
929 0.840182
930 0.840488
931 0.839896
932 0.840155
935 0.843344
933 0.841644
934 0.842376
937 0.842365
936 0.841957
939 0.845723
938 0.845155
940 0.8447
942 0.845214
941 0.845868
943 0.84722
944 0.847271
947 0.846048
945 0.846875
946 0.846252
948 0.845472
949 0.846683
950 0.839982
951 0.839281
952 0.839555
954 0.849853
955 0.853541
953 0.839332
956 0.849187
958 0.851499
957 0.847671
959 0.850535
960 0.848795
963 0.842576
961 0.846664
962 0.842326
964 0.841283
965 0.842212
966 0.841299
967 0.841471
969 0.840296
968 0.841154
971 0.837141
970 0.839884
972 0.837055
974 0.83669
973 0.837341
975 0.836306
976 0.83747
977 0.836157
979 0.832756
978 0.835272
981 0.829978
982 0.829801
980 0.833015
983 0.830319
984 0.829934
987 0.829194
985 0.829445
986 0.829821
988 0.829421
989 0.829539
991 0.83055
990 0.83044
992 0.830781
995 0.830985
993 0.830965
994 0.831506
999 0.830342
996 0.830413
997 0.830448
998 0.832885
1000 0.830663
1001 0.830483
1002 0.830652
1003 0.830722
1004 0.835095
1007 0.83515
1005 0.834962
1006 0.83526
1008 0.833826
1010 0.827446
1009 0.831859
1011 0.826474
1013 0.829405
1012 0.827078
1014 0.82968
1015 0.827274
1016 0.826078
1018 0.827329
1017 0.826952
1019 0.826776
1020 0.827861
1021 0.826243
1022 0.826388
1023 0.826956
1024 0.827293
1026 0.828198
1027 0.828104
1025 0.827783
1028 0.827971
1029 0.827544
1030 0.827752
1031 0.827724
1032 0.827924
1035 0.830189
1033 0.827932
1034 0.827466
1036 0.829554
1038 0.830699
1039 0.830334
1037 0.830146
1042 0.829496
1040 0.829938
1043 0.829507
1041 0.829652
1046 0.829601
1044 0.829425
1045 0.829437
1047 0.829817
1049 0.829002
1048 0.829112
1051 0.829398
1050 0.829527
1052 0.82921
1053 0.829108
1055 0.829104
1054 0.829119
1057 0.831459
1058 0.831815
1059 0.831588
1056 0.828935
1060 0.830922
1062 0.830362
1061 0.830334
1063 0.829594
1065 0.828982
1064 0.829837
1066 0.828618
1067 0.828841
1071 0.826702
1068 0.82852
1069 0.827897
1070 0.828104
1072 0.826803
1074 0.824103
1075 0.823794
1073 0.825009
1077 0.825165
1076 0.82435
1079 0.825016
1078 0.825495
1081 0.826329
1083 0.827658
1080 0.825553
1082 0.827199
1084 0.828994
1085 0.835813
1087 0.833399
1086 0.835546
1088 0.832423
1089 0.830495
1091 0.834002
1090 0.830683
1092 0.83602
1093 0.837462
1094 0.838979
1095 0.835695
1097 0.837125
1096 0.836024
1098 0.836451
1099 0.836796
1100 0.834974
1101 0.832638
1102 0.831663
1103 0.831913
1104 0.832533
1105 0.832376
1106 0.83316
1107 0.833069
1108 0.832497
1109 0.831447
1110 0.839865
1111 0.841456
1112 0.841887
1113 0.841338
1114 0.839437
1115 0.839363
1116 0.839379
1117 0.839292
1118 0.838571
1119 0.838638
1120 0.838783
1121 0.836455
1122 0.836161
1123 0.836514
1124 0.83622
1126 0.837576
1127 0.837756
1125 0.83711
1128 0.839261
1130 0.840801
1131 0.838344
1129 0.836808
1132 0.840738
1133 0.842553
1135 0.847177
1134 0.84325
1136 0.849207
1139 0.849681
1138 0.84867
1137 0.849446
1140 0.85331
1141 0.850445
1143 0.845848
1142 0.849791
1146 0.84057
1144 0.846068
1145 0.847024
1147 0.839629
1148 0.840307
1149 0.83439
1151 0.831185
1150 0.833497
1152 0.82917
1153 0.828336
1155 0.825573
1154 0.824194
1156 0.824131
1157 0.824323
1159 0.825314
1158 0.825032
1160 0.821023
1162 0.816517
1163 0.81674
1161 0.818841
1165 0.813656
1164 0.813985
1166 0.819573
1167 0.818445
1168 0.820847
1169 0.819961
1170 0.820138
1171 0.820706
1172 0.820365
1175 0.817732
1174 0.81982
1173 0.820369
1177 0.817371
1176 0.817767
1178 0.818315
1179 0.818731
1181 0.819887
1180 0.819036
1183 0.827054
1182 0.824123
1186 0.848262
1184 0.826537
1185 0.841064
1187 0.847632
1189 0.845069
1191 0.841318
1190 0.843642
1188 0.848168
1192 0.840672
1194 0.843282
1195 0.842772
1193 0.842318
1197 0.848447
1196 0.84704
1198 0.850382
1199 0.852977
1201 0.853666
1200 0.851241
1202 0.855203
1203 0.860708
1204 0.857965
1205 0.84702
1207 0.843435
1206 0.842792
1208 0.841891
1209 0.847259
1210 0.841832
1211 0.841166
1212 0.845825
1213 0.84479
1214 0.843395
1215 0.848521
1217 0.847667
1218 0.849991
1216 0.848897
1219 0.849834
1221 0.851413
1223 0.853412
1220 0.846687
1222 0.850947
1225 0.852561
1226 0.856041
1227 0.848615
1224 0.853298
1230 0.847165
1228 0.848815
1229 0.847773
1231 0.846777
1232 0.844575
1234 0.845002
1235 0.839226
1233 0.842231
1236 0.83894
1238 0.840127
1239 0.838297
1237 0.841589
1240 0.838999
1241 0.838458
1242 0.840652
1243 0.838873
1244 0.8422
1246 0.84626
1247 0.84693
1245 0.84122
1249 0.842886
1250 0.839861
1248 0.843529
1251 0.840068
1252 0.84048
1253 0.843305
1254 0.844904
1255 0.842823
1256 0.842639
1257 0.841271
1258 0.83988
1259 0.84039
1261 0.847753
1260 0.848172
1263 0.852475
1262 0.850194
1265 0.853216
1266 0.847847
1264 0.851084
1267 0.847773
1268 0.849203
1269 0.845919
1271 0.849383
1270 0.846452
1272 0.846358
1274 0.842847
1273 0.846115
1275 0.841377
1277 0.840684
1279 0.838309
1276 0.842263
1278 0.837729
1280 0.837705
1281 0.838234
1282 0.837525
1283 0.831823
1286 0.839394
1284 0.831533
1285 0.840253
1287 0.8403
1290 0.839163
1288 0.839543
1291 0.837396
1289 0.839586
1294 0.838328
1292 0.836741
1293 0.838477
1295 0.837839
1297 0.831929
1296 0.832862
1299 0.833548
1298 0.832854
1300 0.834139
1301 0.835672
1303 0.837451
1302 0.83818
1305 0.8397
1304 0.838677
1306 0.836973
1307 0.835295
1308 0.834962
1310 0.833904
1309 0.834986
1311 0.830499
1312 0.826427
1313 0.827697
1314 0.827093
1315 0.82562
1316 0.824311
1318 0.823892
1317 0.824464
1319 0.824319
1320 0.824503
1321 0.824922
1322 0.823335
1323 0.822657
1324 0.82214
1326 0.819997
1325 0.81935
1327 0.819346
1328 0.820118
1329 0.821411
1331 0.816967
1330 0.818876
1332 0.816901
1333 0.817324
1335 0.821286
1334 0.816818
1339 0.817998
1338 0.818182
1337 0.817489
1336 0.818382
1340 0.817034
1341 0.816779
1342 0.81645
1343 0.815768
1344 0.816893
1346 0.811532
1347 0.811802
1345 0.810862
1349 0.812092
1348 0.811889
1350 0.812692
1351 0.813041
1354 0.81223
1353 0.812645
1352 0.812147
1355 0.811657
1356 0.812049
1359 0.813237
1358 0.812712
1357 0.813217
1360 0.815318
1361 0.815227
1363 0.815682
1362 0.815145
1365 0.815847
1364 0.815807
1366 0.81598
1367 0.816944
1368 0.817978
1371 0.819166
1369 0.817414
1370 0.817955
1373 0.820494
1374 0.820663
1375 0.821133
1372 0.819111
1378 0.819362
1376 0.81944
1377 0.81953
1379 0.819887
1380 0.819636
1381 0.819938
1382 0.820353
1383 0.820847
1385 0.818848
1386 0.81828
1384 0.821349
1387 0.8185
1391 0.82107
1388 0.819424
1389 0.820098
1390 0.820526
1395 0.82301
1392 0.821807
1393 0.822316
1394 0.822681
1398 0.823292
1399 0.824013
1396 0.823088
1397 0.823476
1401 0.819906
1402 0.826815
1400 0.819264
1403 0.827325
1404 0.827501
1406 0.82785
1407 0.828716
1405 0.827775
1408 0.82957
1410 0.833026
1409 0.829825
1411 0.832729
1412 0.832501
1414 0.832164
1413 0.832983
1415 0.832858
1416 0.833144
1418 0.833618
1417 0.833896
1419 0.836467
1421 0.83798
1420 0.837603
1423 0.83865
1422 0.83825
1426 0.837161
1424 0.838626
1427 0.837882
1425 0.838548
1428 0.838771
1430 0.840108
1429 0.838493
1431 0.840382
1432 0.840934
1434 0.843509
1433 0.842831
1435 0.8476
1437 0.848404
1436 0.848341
1438 0.849516
1439 0.851421
1441 0.852491
1443 0.853482
1440 0.850281
1442 0.852847
1444 0.852687
1446 0.856582
1447 0.857969
1445 0.854842
1448 0.860097
1450 0.864745
1449 0.863142
1451 0.867817
1455 0.875216
1452 0.868558
1453 0.870885
1454 0.87357
1456 0.876834
1458 0.870905
1457 0.867982
1459 0.883033
1460 0.877888
1461 0.880083
1463 0.884131
1462 0.881395
1466 0.891811
1464 0.885871
1467 0.894061
1465 0.888328
1468 0.898712
1469 0.899065
1471 0.904469
1470 0.904876
1472 0.90787
1474 0.914101
1473 0.914078
1475 0.917793
1479 0.923522
1476 0.926778
1477 0.920724
1478 0.921461
1480 0.921754
1482 0.923867
1483 0.924846
1481 0.922472
1484 0.927397
1485 0.943821
1486 0.943347
1487 0.946932
1488 0.94192
1489 0.934702
1490 0.937296
1491 0.937406
1493 0.94109
1495 0.943245
1492 0.937167
1494 0.938664
1496 0.9454
1498 0.950679
1497 0.949632
1499 0.953477
1503 0.950498
1500 0.949527
1501 0.95042
1502 0.94957
1504 0.948692
1505 0.944969
1507 0.942265
1506 0.943202
1508 0.941818
1511 0.959339
1510 0.938186
1509 0.935995
1512 0.946576
1513 0.945914
1514 0.940925
1515 0.938687
1516 0.947144
1517 0.950714
1519 0.941744
1518 0.947081
1520 0.933444
1523 0.955079
1522 0.946979
1521 0.933597
1524 0.948668
1525 0.946944
1526 0.943025
1527 0.947904
1528 0.947681
1529 0.947994
1530 0.953704
1531 0.951948
1533 0.925234
1532 0.9288
1535 0.907992
1534 0.926602
1537 0.904171
1536 0.896302
1538 0.898959
1539 0.89321
1540 0.892654
1541 0.901448
1542 0.885522
1543 0.904645
1545 0.869345
1544 0.873883
1546 0.863937
1547 0.894472
1548 0.882281
1550 0.855159
1549 0.876936
1551 0.856978
1552 0.846162
1553 0.850574
1554 0.848094
1555 0.849172
1558 0.849995
1556 0.853694
1557 0.854023
1559 0.849814
1560 0.843195
1562 0.852189
1561 0.845633
1563 0.847451
1565 0.850092
1564 0.847792
1566 0.850578
1567 0.85157
1568 0.854164
1570 0.855516
1569 0.8559
1571 0.858412
1573 0.864858
1575 0.879495
1574 0.869729
1572 0.860332
1577 0.877782
1576 0.874244
1578 0.905378
1579 0.883472
1581 0.895052
1580 0.89205
1582 0.899461
1583 0.901087
1585 0.89756
1584 0.901534
1586 0.901781
1587 0.891384
1588 0.893332
1589 0.888218
1591 0.87607
1590 0.877923
1594 0.882841
1592 0.880835
1595 0.884472
1593 0.88203
1596 0.88877
1598 0.885506
1599 0.883061
1597 0.887007
1600 0.887062
1603 0.893931
1601 0.888708
1602 0.890679
1604 0.902498
1607 0.913917
1605 0.907392
1606 0.905272
1608 0.899112
1609 0.897725
1610 0.892936
1611 0.905754
1612 0.906957
1614 0.898117
1613 0.90356
1615 0.897192
1617 0.897952
1616 0.898814
1619 0.89805
1618 0.897063
1621 0.897627
1620 0.897106
1622 0.892117
1623 0.89294
1624 0.889354
1626 0.855054
1627 0.856425
1625 0.856582
1629 0.853541
1628 0.855751
1630 0.850806
1631 0.862864
1632 0.869631
1634 0.902184
1633 0.8775
1635 0.867402
1636 0.888606
1639 0.902043
1637 0.894602
1638 0.897646
1641 0.903591
1640 0.902619
1643 0.902749
1642 0.900217
1646 0.915657
1644 0.9099
1647 0.879362
1645 0.913886
1648 0.875408
1650 0.844959
1649 0.872986
1651 0.843736
1652 0.863432
1653 0.876328
1654 0.864678
1655 0.862672
1657 0.873836
1659 0.867715
1656 0.871693
1658 0.874926
1662 0.887869
1660 0.869784
1661 0.873393
1663 0.867997
1665 0.888759
1664 0.880326
1667 0.891682
1666 0.892266
1668 0.891615
1669 0.895554
1670 0.896526
1671 0.900362
1674 0.890824
1673 0.882536
1675 0.891169
1672 0.892956
1677 0.89952
1676 0.894649
1679 0.897768
1678 0.892133
1681 0.905464
1680 0.898324
1682 0.893575
1683 0.899453
1684 0.878899
1685 0.843431
1687 0.901644
1686 0.884154
1690 0.818484
1688 0.838591
1689 0.830746
1691 0.813942
1692 0.814702
1695 0.830687
1693 0.814479
1694 0.827897
1698 0.832149
1696 0.825216
1699 0.830695
1697 0.8266
1700 0.831032
1702 0.831091
1701 0.82638
1703 0.831263
1706 0.806669
1704 0.802527
1705 0.804784
1707 0.798816
1708 0.79728
1709 0.785641
1710 0.832654
1711 0.825291
1712 0.836914
1713 0.826412
1715 0.820772
1714 0.836118
1716 0.814628
1717 0.817712
1719 0.823943
1718 0.820318
1720 0.825303
1721 0.823629
1722 0.819965
1723 0.818864
1726 0.815886
1725 0.81181
1727 0.809643
1724 0.817943
1728 0.810266
1731 0.778536
1729 0.813825
1730 0.792358
1732 0.788792
1733 0.767172
1734 0.779445
1735 0.762368
1736 0.772012
1738 0.735505
1737 0.766627
1739 0.737209
1740 0.728596
1741 0.72905
1743 0.706584
1742 0.726037
1744 0.702227
1747 0.672597
1745 0.699491
1746 0.692712
1748 0.682045
1750 0.658086
1749 0.659602
1751 0.663423
1755 0.590335
1753 0.656115
1754 0.653297
1752 0.655825
1756 0.590472
1757 0.583418
1758 0.584923
1759 0.584394
1761 0.572665
1762 0.576584
1760 0.566728
1763 0.588289
1765 0.585448
1764 0.587893
1767 0.59084
1766 0.589257
1768 0.593188
1770 0.599309
1771 0.605755
1769 0.597189
1774 0.606484
1772 0.608048
1773 0.607503
1775 0.612393
1776 0.605735
1778 0.599324
1777 0.603909
1779 0.596303
1780 0.59153
1781 0.584414
1782 0.575816
1783 0.571874
1784 0.562049
1785 0.55188
1786 0.545485
1787 0.53907
1788 0.533885
1791 0.523716
1790 0.52238
1789 0.52865
1792 0.521063
1793 0.515087
1794 0.498331
1795 0.492002
1796 0.498985
1797 0.482726
1798 0.479771
1799 0.476668
1801 0.470296
1802 0.470037
1800 0.475304
1803 0.472667
1805 0.47666
1806 0.474599
1804 0.474379
1807 0.476245
1809 0.480391
1810 0.468497
1811 0.465488
1808 0.47713
1814 0.471456
1812 0.471205
1813 0.473737
1815 0.467075
1817 0.452125
1816 0.465452
1818 0.440768
1819 0.443163
1821 0.435239
1820 0.436387
1823 0.430583
1822 0.430654
1825 0.426308
1824 0.428122
1826 0.45064
1827 0.453332
1829 0.440753
1828 0.453743
1831 0.432997
1830 0.433456
1832 0.43
1833 0.429933
1835 0.425168
1834 0.4296
1836 0.424619
1837 0.426445
1839 0.383849
1838 0.422562
1840 0.375455
1841 0.369118
1842 0.365332
1843 0.36313
1846 0.340315
1845 0.344767
1847 0.334112
1844 0.35534
1850 0.318696
1851 0.313147
1849 0.325342
1848 0.327454
1852 0.309941
1853 0.305078
1854 0.295501
1855 0.291492
1857 0.28532
1856 0.28617
1859 0.284497
1858 0.285543
1860 0.274288
1861 0.271902
1862 0.272286
1863 0.261646
1865 0.25308
1864 0.259186
1866 0.24525
1867 0.243514
1868 0.244161
1869 0.246371
1870 0.247806
1871 0.25123
1872 0.247774
1874 0.256964
1873 0.248832
1875 0.265287
1876 0.264746
1877 0.267489
1878 0.274672
1879 0.283505
1880 0.291927
1881 0.29822
1883 0.302539
1882 0.301716
1884 0.311665
1887 0.324605
1886 0.312187
1885 0.309769
1890 0.350594
1888 0.33466
1891 0.361598
1889 0.341283
1892 0.370015
1894 0.391729
1895 0.388876
1893 0.378707
1896 0.394268
1898 0.405398
1897 0.394347
1899 0.400491
1901 0.423251
1902 0.44397
1903 0.452595
1900 0.421876
1904 0.467631
1906 0.492339
1905 0.486398
1907 0.506094
1908 0.519833
1909 0.525668
1911 0.519433
1910 0.517482
1912 0.518661
1914 0.511035
1915 0.506952
1913 0.513974
1917 0.497633
1918 0.49855
1919 0.495356
1916 0.50165
1920 0.493334
1922 0.490944
1921 0.490814
1923 0.490489
1926 0.466299
1925 0.468987
1927 0.46401
1924 0.473662
1929 0.456196
1928 0.457055
1930 0.452709
1931 0.447865
1932 0.434698
1933 0.434193
1934 0.426022
1935 0.416194
1936 0.413427
1937 0.402321
1939 0.385553
1938 0.386407
1943 0.36663
1941 0.372037
1940 0.390648
1942 0.371544
1945 0.359678
1944 0.362025
1946 0.347032
1947 0.342004
1948 0.339508
1950 0.319632
1949 0.32863
1951 0.316246
1954 0.291703
1953 0.295736
1952 0.305011
1955 0.268046
1956 0.259895
1959 0.216236
1957 0.251646
1958 0.241065
1960 0.223533
1961 0.214735
1962 0.179768
1963 0.180329
1964 0.16813
1966 0.156707
1965 0.154876
1967 0.143038
1969 0.136619
1968 0.139856
1970 0.123393
1971 0.112484
1973 0.0999318
1972 0.108138
1974 0.0921805
1975 0.0891318
1976 0.0808985
1978 0.0753927
1979 0.0715954
1977 0.0769288
1982 0.0699613
1981 0.0690952
1980 0.0694793
1983 0.0696831
1986 0.066309
1987 0.0661993
1984 0.0694714
1985 0.0661915
1990 0.0657878
1988 0.0657917
1989 0.0657643
1991 0.0661875
1994 0.0673749
1992 0.0666304
1993 0.0668655
1995 0.0674376
1997 0.0660817
1996 0.0672534
1998 0.0671947
1999 0.067418
2000 0.0676022
2002 0.080103
2003 0.0921923
2001 0.0754945
2004 0.110904
2006 0.136584
2005 0.119204
2007 0.154833
2008 0.165069
2010 0.203849
2009 0.185411
2011 0.215801
2012 0.237084
2013 0.255333
2014 0.252645
2015 0.265828
2018 0.30971
2016 0.281056
2017 0.289975
2019 0.322403
2020 0.324366
2022 0.340593
2023 0.345758
2021 0.328477
2026 0.383457
2024 0.353443
2027 0.395903
2025 0.370721
2028 0.413161
2029 0.423494
2031 0.437042
2030 0.436885
2034 0.422726
2035 0.455734
2033 0.422523
2032 0.430141
2038 0.421903
2036 0.434976
2039 0.424145
2037 0.419607
2041 0.410037
2043 0.390303
2040 0.416276
2042 0.399183
2044 0.385381
2045 0.378923
2046 0.368526
2047 0.36755
2049 0.362574
2050 0.36119
2048 0.365113
2051 0.351013
2052 0.35313
2055 0.330044
2054 0.336299
2053 0.347165
2057 0.266866
2056 0.327783
2059 0.250991
2058 0.269762
2060 0.214622
2061 0.205738
2062 0.203967
2063 0.191325
2066 0.17148
2064 0.182555
2065 0.197207
2067 0.185678
2068 0.179482
2069 0.150221
2070 0.141874
2071 0.137152
2073 0.128766
2075 0.115046
2072 0.132955
2074 0.122006
2077 0.109329
2076 0.111006
2079 0.0968674
2078 0.103345
2081 0.0877759
2080 0.0940145
2083 0.080683
2082 0.0823053
2084 0.0759844
2085 0.0729748
2086 0.0733667
2087 0.0729905
2088 0.073159
2090 0.0724497
2091 0.0725398
2089 0.0727318
2092 0.072771
2093 0.0726613
2094 0.0729317
2095 0.0731433
2096 0.0737468
2097 0.073112
2098 0.0731982
2099 0.07359
2100 0.0780456
2101 0.0838963
2103 0.099344
2102 0.0911186
2106 0.12067
2104 0.0983526
2107 0.120975
2105 0.10612
2108 0.131505
2111 0.156209
2110 0.144221
2109 0.142297
2112 0.169176
2114 0.187331
2113 0.17467
2115 0.199758
2116 0.206729
2117 0.219716
2118 0.23237
2119 0.243146
2120 0.256196
2121 0.267415
2122 0.276052
2123 0.29041
2125 0.308895
2127 0.334676
2124 0.303992
2126 0.324052
2128 0.340868
2130 0.359991
2129 0.351064
2131 0.36603
2132 0.37239
2135 0.388469
2133 0.380471
2134 0.382379
2136 0.393994
2137 0.390162
2139 0.400213
2138 0.391612
2140 0.402995
2142 0.401738
2141 0.397983
2143 0.40229
2144 0.404681
2146 0.403211
2147 0.402929
2145 0.404943
2149 0.399147
2150 0.394245
2148 0.400546
2151 0.379177
2154 0.35994
2153 0.367002
2152 0.377959
2155 0.36277
2156 0.362648
2158 0.373695
2159 0.37623
2157 0.376693
2160 0.369196
2162 0.367891
2161 0.369702
2163 0.36853
2167 0.358827
2165 0.365062
2164 0.370423
2166 0.359717
2170 0.35376
2168 0.35166
2169 0.351691
2171 0.348611
2173 0.341612
2172 0.343407
2174 0.333544
2175 0.319938
2176 0.309341
2177 0.297139
2178 0.277717
2179 0.267893
2180 0.256631
2181 0.243303
2183 0.228239
2182 0.238103
2184 0.215205
2186 0.191693
2185 0.201666
2187 0.18391
2188 0.179631
2191 0.154704
2190 0.159446
2189 0.168506
2193 0.134009
2192 0.144347
2194 0.12946
2195 0.121348
2198 0.10282
2196 0.113961
2199 0.0969614
2197 0.111939
2200 0.0954096
2201 0.0905582
2202 0.0845782
2203 0.081788
2206 0.0753652
2205 0.0749655
2204 0.0768308
2207 0.0736096
2209 0.07118
2208 0.0722616
2210 0.0679941
2211 0.0655174
2212 0.064334
2214 0.0592474
2213 0.0617476
2215 0.0578602
2218 0.0558225
2216 0.0570059
2217 0.0565435
2219 0.0565631
2220 0.0565278
2222 0.0568727
2221 0.0567199
2223 0.0574879
2226 0.0581032
2225 0.0584049
2224 0.0589026
2227 0.0584519
2228 0.0591887
2229 0.0587341
2230 0.0585303
2231 0.0590123
2233 0.0594355
2235 0.056759
2232 0.0591299
2234 0.0600625
2236 0.0578485
2238 0.0583853
2239 0.05922
2237 0.0578445
2241 0.0585813
2240 0.0590946
2242 0.0591299
2243 0.0584559
2244 0.0595492
2247 0.0596197
2245 0.0598431
2246 0.0600978
2248 0.0592161
2250 0.0605093
2249 0.0606974
2251 0.0609991
2254 0.0625157
2252 0.0616222
2253 0.0619827
2255 0.0637932
2256 0.0633582
2259 0.0647141
2257 0.0638402
2258 0.063946
2260 0.0615321
2261 0.0621081
2262 0.0641851
2263 0.0645965
2264 0.0648121
2265 0.0648904
2266 0.0658388
2267 0.0704355
2269 0.0837004
2270 0.0876818
2268 0.0779634
2271 0.099391
2272 0.105477
2273 0.112723
2274 0.115528
2275 0.122049
2276 0.130067
2277 0.133892
2279 0.139245
2278 0.136502
2282 0.145154
2281 0.143293
2280 0.142427
2283 0.146412
2284 0.147368
2287 0.149841
2285 0.146365
2286 0.148591
2288 0.151404
2291 0.156816
2289 0.152831
2290 0.154101
2293 0.156871
2292 0.156871
2295 0.155625
2294 0.157083
2297 0.157945
2296 0.157224
2298 0.161844
2299 0.16434
2300 0.16523
2301 0.16813
2302 0.16947
2303 0.173095
2304 0.174697
2306 0.177139
2307 0.176978
2305 0.176108
2308 0.177687
2309 0.178444
2310 0.177284
2311 0.177111
2312 0.173369
2313 0.1715
2314 0.171104
2315 0.168282
2318 0.156064
2316 0.163404
2317 0.161315
2319 0.154026
2321 0.151616
2320 0.153011
2323 0.14198
2322 0.146377
2327 0.125662
2325 0.129154
2326 0.131548
2324 0.135784
2328 0.124365
2330 0.122907
2331 0.119381
2329 0.12317
2332 0.118154
2334 0.113177
2333 0.115983
2335 0.10675
2336 0.103592
2338 0.0960836
2337 0.0992539
2339 0.0927096
2342 0.088301
2340 0.091385
2341 0.0907306
2343 0.0862554
2346 0.0835867
2347 0.0822073
2344 0.0860164
2345 0.0841236
2349 0.0757062
2350 0.0755455
2348 0.0793075
2351 0.074844
2352 0.0758159
2353 0.0760471
2354 0.075667
2355 0.0737076
2357 0.0722302
2359 0.0704746
2356 0.0726809
2358 0.0711095
2360 0.0663364
2363 0.0654195
2362 0.0673122
2361 0.0671359
2365 0.065972
2366 0.0670144
2367 0.0676414
2364 0.0658309
2368 0.067708
2369 0.0697653
2371 0.070263
2370 0.0698555
2373 0.0721558
2372 0.0712976
2374 0.0718344
2375 0.0708979
2377 0.0703061
2376 0.070459
2378 0.070941
2379 0.0693696
2380 0.0688444
2381 0.0685701
2382 0.0678569
2383 0.0686759
2384 0.0770072
2385 0.0843078
2386 0.0901467
2387 0.0998848
2388 0.109991
2389 0.1121
2390 0.119749
2391 0.123178
2393 0.127281
2392 0.125027
2394 0.1304
2395 0.131783
2397 0.130945
2396 0.131004
2398 0.130235
2399 0.130118
2400 0.131917
2402 0.134197
2401 0.132218
2403 0.1356
2404 0.13736
2406 0.140793
2407 0.141498
2405 0.139464
2410 0.147117
2409 0.146436
2408 0.144214
2411 0.149539
2412 0.152384
2413 0.150817
2414 0.147262
2415 0.14044
2416 0.137348
2417 0.119957
2419 0.117049
2418 0.117331
2420 0.111668
2422 0.102781
2423 0.0959033
2421 0.105786
2424 0.0904759
2425 0.0876426
2426 0.0809886
2427 0.0748205
2428 0.0714739
2430 0.0609521
2429 0.0658466
2431 0.0587027
2434 0.063993
2432 0.0554619
2433 0.0602036
2435 0.0701455
2438 0.0852209
2436 0.0749812
2439 0.0881442
2437 0.0804831
2442 0.0933052
2440 0.0898254
2441 0.0917456
2443 0.0944965
2445 0.0971848
2444 0.0965617
2447 0.0995399
2446 0.0982546
2449 0.100578
2450 0.103682
2448 0.101029
2451 0.104062
2452 0.104689
2455 0.105814
2453 0.102996
2454 0.104199
2457 0.103459
2456 0.102836
2458 0.106104
2459 0.10929
2461 0.115724
2460 0.113111
2463 0.11699
2462 0.118115
2464 0.113048
2465 0.107667
2466 0.100622
2467 0.0987405
2468 0.0941791
2470 0.0886811
2469 0.0896138
2471 0.0851973
2472 0.0799462
2473 0.077834
2474 0.0743385
2475 0.0722459
2477 0.0692716
2476 0.0714191
2479 0.0691501
2478 0.0686524
2481 0.0659955
2480 0.0678491
2482 0.0650746
2483 0.0657565
2486 0.065972
2485 0.0651452
2484 0.0665206
2487 0.0670301
2488 0.0674572
2490 0.0692246
2489 0.0683115
2491 0.0694636
2492 0.0699299
2494 0.0703453
2495 0.0711996
2493 0.0706862
2496 0.0716816
2497 0.072195
2499 0.0734686
2498 0.0726535
2502 0.0744639
2500 0.074025
2501 0.0745501
2503 0.0752751
2505 0.0754005
2504 0.0755259
2507 0.0756121
2506 0.0757767
2509 0.0807848
2511 0.0908247
2510 0.0846997
2508 0.0780025
2512 0.0952646
2513 0.103796
2515 0.114267
2514 0.11159
2518 0.123331
2517 0.122374
2516 0.120164
2519 0.125188
2520 0.125466
2521 0.125839
2522 0.128017
2523 0.128656
2526 0.132598
2527 0.133449
2525 0.130373
2524 0.129028
2528 0.135377
2530 0.138136
2529 0.137254
2531 0.139691
2532 0.141173
2535 0.143011
2533 0.141615
2534 0.142956
2536 0.14401
2537 0.145566
2538 0.147725
2539 0.14843
2540 0.148038
2541 0.149175
2543 0.151483
2542 0.149759
2545 0.155237
2544 0.154426
2547 0.158603
2546 0.155864
2548 0.159987
2549 0.158968
2551 0.154351
2550 0.155856
2553 0.147035
2552 0.150295
2555 0.135424
2554 0.141188
2556 0.131901
2559 0.114674
2558 0.12174
2557 0.129021
2560 0.110356
2563 0.0915379
2561 0.103278
2562 0.0955311
2564 0.0847153
2567 0.0690286
2565 0.0785198
2566 0.0746207
2569 0.0614615
2568 0.0639695
2571 0.0548702
2570 0.0576643
2572 0.0547801
2575 0.0525699
2573 0.0538239
2574 0.0526757
2576 0.0526365
2578 0.0526169
2577 0.0526248
2579 0.0526091
2582 0.0524367
2580 0.0527071
2583 0.0525542
2581 0.0525111
2585 0.0505518
2587 0.05141
2584 0.0524523
2586 0.0512375
2588 0.0516568
2589 0.0514727
2590 0.0519468
2591 0.0521114
2592 0.0521232
2593 0.0525386
2594 0.0527698
2595 0.0528325
2597 0.0531146
2596 0.0528873
2598 0.0528481
2599 0.0529304
2601 0.0529461
2600 0.0529344
2602 0.0530402
2603 0.0530049
2604 0.0529971
2606 0.0532165
2605 0.0530441
2607 0.0532831
2609 0.0533733
2608 0.0533223
2610 0.0519468
2611 0.0518645
2613 0.0519939
2612 0.0521388
2614 0.0520644
2615 0.051794
2616 0.0518018
2617 0.0520252
2619 0.0519351
2618 0.0519625
2620 0.0520566
2623 0.0523152
2621 0.0522329
2622 0.0522486
2625 0.0562731
2624 0.0522055
2627 0.066117
2626 0.0593807
2630 0.0778301
2629 0.0759687
2628 0.0726182
2631 0.0832419
2633 0.0875917
2632 0.0848603
2635 0.087
2634 0.089218
2636 0.0870979
2638 0.0930035
2639 0.102467
2637 0.0899194
2640 0.11152
2641 0.116195
2642 0.125533
2643 0.139162
2645 0.160931
2644 0.146968
2647 0.178773
2646 0.173099
2649 0.20321
2650 0.206255
2648 0.192916
2651 0.214802
2652 0.22222
2653 0.223023
2654 0.225402
2655 0.228032
2657 0.24181
2656 0.232193
2659 0.250278
2658 0.246955
2661 0.262411
2660 0.259679
2662 0.258429
2663 0.262387
2664 0.263085
2666 0.257163
2665 0.26024
2667 0.252124
2668 0.248899
2669 0.25002
2670 0.252249
2671 0.244878
2673 0.241955
2672 0.238777
2675 0.252825
2674 0.254973
2678 0.262959
2676 0.260091
2677 0.261004
2679 0.262379
2681 0.249769
2680 0.259754
2683 0.242045
2682 0.245105
2686 0.233044
2684 0.239314
2685 0.234117
2687 0.230108
2688 0.226582
2689 0.223964
2690 0.214535
2691 0.212619
2693 0.192657
2692 0.200463
2694 0.194985
2695 0.192598
2696 0.186399
2699 0.170602
2697 0.179878
2698 0.176398
2701 0.160253
2702 0.154136
2703 0.147157
2700 0.163972
2704 0.14379
2706 0.131368
2705 0.137689
2707 0.127955
2710 0.113408
2708 0.121853
2709 0.116532
2711 0.111527
2713 0.113103
2715 0.114318
2712 0.112707
2714 0.113479
2716 0.114075
2718 0.114059
2719 0.113604
2717 0.114392
2721 0.11458
2720 0.113973
2722 0.115066
2723 0.115783
2724 0.116073
2725 0.116218
2726 0.116974
2727 0.117848
2729 0.122617
2728 0.118573
2730 0.127743
2731 0.131219
2732 0.137368
2733 0.142705
2734 0.144327
2735 0.145087
2737 0.150472
2736 0.15055
2738 0.15537
2739 0.158505
2740 0.159783
2743 0.163341
2741 0.158736
2742 0.162342
2744 0.163956
2746 0.163345
2745 0.16387
2747 0.164332
2748 0.167416
2749 0.167667
2751 0.172287
2750 0.169936
2752 0.17282
2753 0.174074
2755 0.176053
2754 0.176085
2757 0.177891
2758 0.178718
2759 0.179698
2756 0.177734
2762 0.178679
2760 0.176104
2761 0.17701
2763 0.17971
2764 0.180811
2767 0.18335
2765 0.181065
2766 0.182206
2768 0.186556
2770 0.187398
2769 0.186849
2771 0.186336
2772 0.187363
2774 0.188601
2773 0.18768
2775 0.189667
2777 0.191113
2776 0.189538
2778 0.192289
2779 0.192967
2781 0.196098
2780 0.194593
2782 0.19707
2783 0.19839
2784 0.19993
2786 0.198723
2785 0.197211
2787 0.198727
2788 0.200683
2789 0.202223
2791 0.20285
2790 0.202301
2794 0.204703
2792 0.203673
2793 0.204119
2795 0.205358
2797 0.204911
2796 0.204162
2798 0.204484
2799 0.205099
2800 0.205746
2801 0.205123
2803 0.205467
2802 0.205464
2804 0.205244
2806 0.205432
2807 0.207121
2805 0.20671
2808 0.207
2810 0.205898
2809 0.206988
2811 0.207086
2813 0.20903
2812 0.20783
2815 0.209994
2814 0.209335
2816 0.210225
2817 0.211538
2818 0.211373
2819 0.211757
2820 0.213838
2822 0.212803
2821 0.213709
2823 0.212458
2824 0.213019
2825 0.212451
2827 0.211812
2826 0.211965
2831 0.210652
2830 0.210432
2829 0.210844
2828 0.210464
2833 0.210005
2832 0.210389
2834 0.210432
2835 0.205342
2836 0.205667
2838 0.206933
2837 0.207164
2839 0.207051
2840 0.207442
2842 0.209104
2841 0.208712
2843 0.208344
2844 0.208532
2845 0.208442
2847 0.209398
2846 0.209135
2848 0.209269
2849 0.209743
2850 0.210922
2851 0.211146
2852 0.212987
2855 0.215817
2853 0.214782
2854 0.216005
2856 0.216401
2858 0.214461
2857 0.216526
2859 0.212772
2862 0.207043
2860 0.207501
2861 0.207235
2863 0.207254
2864 0.208242
2867 0.210954
2865 0.209402
2866 0.209472
2868 0.211812
2869 0.213458
2870 0.215119
2871 0.21771
2873 0.215378
2874 0.21548
2872 0.217106
2875 0.214359
2878 0.211479
2876 0.212553
2877 0.212259
2879 0.212396
2881 0.215938
2880 0.214437
2883 0.221385
2882 0.218321
2886 0.227683
2884 0.223337
2885 0.224477
2887 0.229207
2889 0.230171
2888 0.229509
2890 0.231523
2891 0.23175
2892 0.230681
2893 0.229866
2895 0.227228
2894 0.226958
2896 0.228525
2899 0.231069
2898 0.230054
2897 0.228886
2901 0.231206
2900 0.231037
2902 0.231131
2903 0.230363
2904 0.229615
2905 0.230085
2907 0.231586
2906 0.23081
2909 0.231605
2908 0.232009
2911 0.227032
2910 0.226535
2915 0.228419
2913 0.2286
2912 0.227185
2914 0.228517
2917 0.228
2918 0.227361
2919 0.227722
2916 0.228372
2920 0.227918
2922 0.229176
2921 0.228882
2923 0.229329
2925 0.229019
2924 0.229532
2927 0.22927
2926 0.22829
2929 0.230344
2928 0.230022
2930 0.233228
2931 0.233961
2932 0.234462
2933 0.237025
2934 0.237319
2935 0.234929
2937 0.233643
2938 0.233647
2939 0.239929
2936 0.233102
2940 0.239948
2943 0.240634
2941 0.240709
2942 0.240865
2944 0.242233
2946 0.251524
2945 0.245207
2947 0.255447
2948 0.259805
2949 0.264237
2950 0.266635
2951 0.272219
2953 0.274723
2954 0.281232
2952 0.273313
2955 0.283615
2956 0.286472
2959 0.303742
2958 0.298189
2957 0.29186
2960 0.305556
2961 0.311238
2963 0.321396
2962 0.314514
2967 0.344273
2964 0.327611
2966 0.338297
2965 0.330895
2968 0.349744
2970 0.362131
2971 0.365415
2969 0.356895
2973 0.376548
2974 0.379056
2972 0.370689
2975 0.384648
2978 0.400174
2977 0.395229
2976 0.392952
2979 0.404873
2980 0.405656
2982 0.415414
2981 0.410053
2983 0.418745
2984 0.422707
2987 0.441125
2985 0.43578
2986 0.437606
2990 0.45745
2988 0.444969
2989 0.45064
2991 0.461342
2992 0.469504
2993 0.475285
2994 0.489964
2995 0.491692
2996 0.495341
2998 0.511666
2997 0.50511
2999 0.519151
3000 0.52689
3003 0.544776
3001 0.528493
3002 0.537016
3004 0.549976
3006 0.562312
3007 0.564667
3005 0.555329
3008 0.571932
3009 0.58495
3011 0.624659
3010 0.593117
3014 0.627633
3015 0.641643
3012 0.631243
3013 0.610407
3017 0.658129
3018 0.665978
3016 0.670254
3019 0.66889
3021 0.682104
3022 0.684091
3023 0.690792
3020 0.674325
3025 0.697603
3026 0.701071
3024 0.694456
3027 0.705091
3029 0.755098
3028 0.751031
3031 0.741003
3030 0.739278
3032 0.746787
3034 0.771447
3033 0.749624
3035 0.779916
3037 0.782541
3036 0.760624
3038 0.763845
3039 0.740454
3040 0.739192
3042 0.734251
3043 0.734846
3041 0.735242
3044 0.732581
3046 0.73204
3045 0.732577
3047 0.732048
3048 0.732197
3049 0.750725
3050 0.750078
3051 0.730445
3052 0.729415
3053 0.729203
3054 0.728082
3055 0.727021
3058 0.726409
3056 0.723874
3057 0.725543
3059 0.729963
3060 0.72967
3062 0.752488
3061 0.751975
3063 0.754757
3066 0.758276
3064 0.755181
3065 0.758163
3067 0.757105
3068 0.75676
3070 0.758586
3069 0.75783
3071 0.760165
3072 0.76109
3073 0.761717
3075 0.765757
3074 0.764754
3078 0.762842
3076 0.765698
3077 0.764084
3079 0.762803
3081 0.760679
3080 0.759468
3082 0.765338
3083 0.769703
3084 0.771044
3085 0.780731
3086 0.777102
3087 0.786029
3089 0.781663
3088 0.78541
3090 0.785257
3091 0.78644
3092 0.786762
3094 0.787428
3093 0.787785
3095 0.786182
3097 0.785237
3096 0.785508
3098 0.785175
3099 0.785711
3100 0.786338
3102 0.787832
3101 0.787765
3103 0.787232
3104 0.788333
3106 0.78829
3107 0.788611
3105 0.78838
3109 0.787902
3108 0.788666
3110 0.788122
3111 0.787389
3112 0.788282
3114 0.788568
3113 0.788772
3115 0.789955
3119 0.788298
3116 0.788737
3117 0.786962
3118 0.786158
3120 0.789376
3121 0.791323
3122 0.790626
3123 0.790853
3125 0.790653
3124 0.790818
3127 0.790316
3126 0.790359
3128 0.790477
3130 0.788408
3131 0.789912
3129 0.788937
3132 0.791934
3133 0.790653
3134 0.789756
3135 0.774461
3136 0.773391
3138 0.793561
3137 0.773481
3139 0.793138
3140 0.771929
3142 0.772811
3143 0.771769
3141 0.772674
3145 0.768904
3144 0.769801
3146 0.77731
3147 0.797417
3148 0.787353
3149 0.797299
3150 0.786781
3151 0.787142
3152 0.796037
3153 0.795845
3155 0.794654
3154 0.795551
3157 0.791754
3156 0.79309
3159 0.790187
3158 0.790445
3160 0.768007
3162 0.771083
3161 0.770464
3163 0.770021
3164 0.771165
3166 0.77102
3165 0.771322
3167 0.771126
3168 0.7716
3169 0.771157
3171 0.770926
3170 0.771126
3174 0.769402
3172 0.769496
3173 0.769813
3175 0.769449
3176 0.769962
3179 0.770479
3177 0.7718
3178 0.770789
3180 0.77091
3182 0.771044
3181 0.770076
3183 0.772631
3185 0.802104
3184 0.77394
3186 0.802958
3187 0.801496
3188 0.801477
3190 0.810411
3189 0.812269
3191 0.803252
3192 0.802915
3195 0.8154
3193 0.813813
3194 0.818311
3196 0.815235
3198 0.810917
3199 0.811669
3197 0.813382
3201 0.811324
3200 0.810168
3203 0.809878
3202 0.810012
3205 0.809941
3206 0.810262
3207 0.809796
3204 0.809914
3208 0.810882
3209 0.810517
3211 0.787781
3210 0.787471
3212 0.788133
3213 0.808883
3214 0.809686
3215 0.789756
3216 0.809526
3217 0.809592
3219 0.809099
3218 0.80962
3223 0.808174
3221 0.808664
3220 0.808319
3222 0.808303
3224 0.807899
3225 0.808624
3227 0.809373
3226 0.808605
3228 0.811062
3231 0.811164
3230 0.811481
3229 0.811301
3232 0.81114
3234 0.811168
3233 0.811305
3235 0.789513
3236 0.810956
3237 0.810854
3239 0.809929
3238 0.810019
3240 0.809185
3241 0.80978
3242 0.809216
3243 0.809518
3244 0.809439
3247 0.810309
3245 0.809847
3246 0.809843
3249 0.809228
3251 0.809882
3248 0.809867
3250 0.809506
3252 0.80949
3253 0.809616
3254 0.808401
3255 0.807331
3256 0.807229
3257 0.807194
3259 0.808973
3258 0.808617
3260 0.80556
3261 0.805391
3262 0.806011
3263 0.80786
3264 0.80795
3267 0.805082
3265 0.806434
3266 0.805227
3269 0.806226
3268 0.805172
3271 0.807476
3270 0.806661
3273 0.80766
3275 0.808315
3272 0.807053
3274 0.807954
3276 0.811128
3277 0.810838
3279 0.811759
3278 0.811293
3280 0.81174
3281 0.812132
3283 0.814365
3282 0.813872
3284 0.815169
3286 0.822528
3285 0.822066
3287 0.822089
3288 0.820867
3289 0.819174
3290 0.81897
3291 0.819475
3293 0.822187
3292 0.820051
3295 0.8212
3294 0.822136
3296 0.820545
3299 0.820106
3297 0.820953
3298 0.820612
3300 0.819503
3302 0.81915
3301 0.818617
3303 0.819299
3304 0.818919
3305 0.819413
3306 0.818982
3307 0.818989
3310 0.799764
3308 0.818002
3309 0.818268
3311 0.822383
3312 0.80083
3313 0.799948
3315 0.797593
3314 0.799063
3318 0.795681
3316 0.797287
3317 0.796374
3319 0.796143
3321 0.79358
3320 0.796884
3322 0.795234
3323 0.794901
3324 0.793945
3327 0.795501
3326 0.794987
3325 0.79487
3328 0.795218
3329 0.79474
3331 0.794497
3330 0.794192
3332 0.794129
3334 0.794168
3335 0.809882
3333 0.794431
3337 0.809596
3336 0.809561
3339 0.808703
3338 0.809271
3341 0.809345
3340 0.808726
3343 0.809059
3342 0.809102
3346 0.808217
3344 0.808922
3347 0.807127
3345 0.80797
3348 0.806775
3350 0.806739
3351 0.806779
3349 0.806818
3352 0.806555
3353 0.806485
3355 0.809745
3354 0.806736
3357 0.810027
3356 0.809616
3359 0.809631
3358 0.807323
3360 0.811744
3363 0.810807
3361 0.81098
3362 0.811058
3364 0.810717
3366 0.808374
3365 0.809796
3367 0.808103
3368 0.807233
3370 0.805967
3369 0.806238
3371 0.805701
3372 0.80534
3375 0.803828
3374 0.804322
3373 0.804878
3377 0.803377
3376 0.803883
3378 0.803726
3379 0.803459
3380 0.803334
3382 0.80306
3381 0.803264
3383 0.803859
3384 0.803722
3385 0.778963
3386 0.778086
3387 0.777815
3388 0.777365
3390 0.777129
3389 0.777451
3391 0.777149
3392 0.776518
3393 0.776291
3394 0.777161
3395 0.777318
3397 0.777882
3396 0.777431
3398 0.777945
3399 0.779077
3400 0.780041
3401 0.780174
3403 0.781064
3402 0.780417
3406 0.781471
3404 0.781389
3405 0.781083
3407 0.781166
3411 0.80063
3408 0.78095
3410 0.800893
3409 0.780319
3415 0.798886
3412 0.800842
3413 0.800078
3414 0.798914
3416 0.798581
3417 0.798538
3418 0.798361
3419 0.798592
3420 0.798185
3422 0.798114
3421 0.797832
3423 0.797809
3424 0.798569
3426 0.7986
3427 0.798259
3425 0.799376
3429 0.798475
3428 0.79853
3431 0.798569
3430 0.798491
3432 0.799925
3434 0.804659
3433 0.800183
3435 0.816732
3437 0.816278
3436 0.815702
3439 0.79447
3438 0.79487
3442 0.796911
3443 0.797393
3440 0.794913
3441 0.796657
3445 0.797005
3444 0.797213
3447 0.798318
3446 0.797852
3448 0.79833
3450 0.799886
3449 0.798902
3451 0.80114
3452 0.801551
3455 0.801543
3453 0.802209
3454 0.802174
3456 0.801531
3459 0.801567
3458 0.801665
3457 0.801794
3460 0.832309
3461 0.831659
3462 0.831302
3463 0.831345
3464 0.831141
3467 0.830718
3465 0.830789
3466 0.830534
3468 0.83004
3469 0.830691
3470 0.830107
3471 0.830342
3473 0.829782
3472 0.829946
3475 0.829562
3474 0.82959
3476 0.829856
3478 0.828916
3477 0.8291
3479 0.828955
3481 0.828461
3480 0.828743
3483 0.828845
3482 0.828896
3484 0.828771
3486 0.841652
3487 0.818362
3485 0.842557
3488 0.818492
3490 0.818613
3491 0.820479
3489 0.818257
3492 0.821748
3494 0.826149
3495 0.845029
3493 0.824127
3496 0.842666
3499 0.826384
3497 0.828265
3498 0.825875
3500 0.853149
3502 0.85525
3501 0.855967
3503 0.856488
3505 0.855457
3504 0.855504
3507 0.857311
3506 0.850465
3508 0.826713
3509 0.825839
3510 0.849736
3511 0.848878
3513 0.84691
3515 0.843787
3514 0.843615
3512 0.849246
3516 0.839606
3517 0.838156
3518 0.838501
3519 0.838446
3520 0.836494
3522 0.837408
3521 0.83613
3523 0.83698
3524 0.836071
3526 0.837525
3525 0.836165
3527 0.83845
3529 0.839559
3528 0.838928
3530 0.839755
3531 0.815713
3534 0.81569
3533 0.816062
3532 0.815568
3535 0.811748
3536 0.811203
3537 0.81212
3539 0.812273
3538 0.812092
3540 0.811371
3541 0.811128
3542 0.810956
3543 0.811003
3544 0.809871
3545 0.8094
3547 0.809541
3546 0.809353
3550 0.809165
3548 0.809486
3551 0.8322
3549 0.809334
3552 0.832274
3553 0.833195
3555 0.83294
3554 0.833105
3556 0.832827
3557 0.833269
3559 0.832497
3558 0.833101
3560 0.830123
3561 0.829644
3563 0.829899
3562 0.82986
3564 0.830021
3565 0.830079
3567 0.831263
3566 0.830174
3568 0.829476
3569 0.828806
3571 0.828955
3570 0.828504
3572 0.830013
3574 0.829684
3573 0.830542
3575 0.829613
3577 0.829609
3576 0.829378
3578 0.829954
3579 0.831639
3581 0.830996
3580 0.830699
3582 0.830957
3583 0.830514
3584 0.830503
3586 0.830824
3585 0.830467
3587 0.830334
3588 0.830209
3590 0.828978
3589 0.828982
3591 0.828735
3592 0.829127
3594 0.823249
3593 0.829609
3595 0.822458
3596 0.822896
3599 0.821787
3598 0.821478
3597 0.821756
3600 0.821666
3602 0.821529
3601 0.821086
3603 0.821721
3604 0.822058
3605 0.822171
3606 0.822144
3607 0.822697
3609 0.822744
3610 0.823731
3608 0.823892
3611 0.824358
3612 0.823935
3613 0.825056
3615 0.824836
3614 0.824542
3616 0.825263
3617 0.824852
3618 0.825075
3619 0.829715
3620 0.828708
3623 0.83004
3621 0.830174
3622 0.829727
3624 0.82745
3625 0.827329
3627 0.82687
3626 0.826796
3628 0.828289
3629 0.829695
3630 0.830753
3631 0.831188
3632 0.830891
3633 0.830895
3635 0.831765
3634 0.831134
3637 0.832736
3636 0.831118
3638 0.835856
3639 0.836608
3643 0.837176
3641 0.837345
3640 0.837486
3642 0.837039
3644 0.822767
3646 0.822791
3645 0.822144
3647 0.821106
3648 0.821149
3651 0.821055
3649 0.821407
3650 0.821399
3652 0.821921
3655 0.844822
3653 0.822152
3654 0.82174
3656 0.845688
3659 0.845892
3657 0.8455
3658 0.845178
3660 0.846405
3661 0.846824
3663 0.8482
3662 0.846954
3666 0.850226
3664 0.849093
3667 0.850418
3665 0.849505
3668 0.850657
3671 0.826796
3669 0.826662
3670 0.826807
3672 0.823641
3675 0.81991
3673 0.841275
3674 0.821172
3676 0.819875
3677 0.820161
3678 0.820204
3679 0.819734
3680 0.839786
3681 0.840127
3683 0.840241
3682 0.840782
3684 0.840241
3686 0.839512
3685 0.839324
3687 0.839723
3691 0.839124
3689 0.839238
3688 0.839888
3690 0.817061
3692 0.838665
3693 0.838258
3695 0.815235
3694 0.816113
3699 0.816117
3696 0.816203
3697 0.817508
3698 0.816724
3700 0.815784
3701 0.816168
3702 0.816003
3703 0.815157
3704 0.814573
3705 0.814252
3706 0.814205
3707 0.814405
3708 0.813617
3709 0.813037
3710 0.812049
3711 0.811575
3712 0.812002
3713 0.814992
3715 0.815004
3714 0.815118
3717 0.815388
3718 0.81522
3716 0.815294
3719 0.809439
3720 0.809294
3723 0.809255
3721 0.809079
3722 0.80895
3724 0.80951
3727 0.80837
3725 0.80864
3726 0.808707
3728 0.808142
3729 0.808667
3731 0.809279
3730 0.808021
3734 0.809271
3732 0.808593
3733 0.808867
3735 0.809796
3737 0.809271
3736 0.809581
3738 0.810423
3739 0.810521
3740 0.810427
3741 0.810384
3742 0.810317
3743 0.810125
3744 0.807484
3746 0.807672
3745 0.808091
3747 0.807809
3748 0.807594
3749 0.807092
3750 0.807214
3751 0.806665
3752 0.806567
3753 0.806591
3755 0.805956
3754 0.827607
3756 0.827842
3757 0.80565
3759 0.80507
3758 0.8048
3760 0.804024
3761 0.803232
3762 0.805775
3763 0.805254
3764 0.803891
3767 0.795395
3765 0.80226
3766 0.797742
3768 0.794141
3769 0.788713
3770 0.7886
3771 0.788145
3772 0.788247
3775 0.789242
3773 0.788807
3774 0.789023
3777 0.813103
3778 0.812951
3776 0.78947
3779 0.81288
3783 0.810768
3781 0.810929
3780 0.813194
3782 0.810858
3784 0.810686
3785 0.810599
3786 0.810862
3787 0.810623
3788 0.810721
3789 0.810791
3791 0.810447
3790 0.810678
3793 0.810129
3795 0.812096
3792 0.810415
3794 0.812433
3797 0.812441
3799 0.811626
3796 0.811904
3798 0.811861
3801 0.810748
3800 0.810803
3803 0.80991
3802 0.81045
3804 0.810031
3805 0.809773
3806 0.809271
3807 0.80902
3808 0.814691
3809 0.824691
3811 0.838285
3810 0.828371
3813 0.847937
3812 0.844305
3815 0.888069
3814 0.848235
3816 0.902796
3817 0.930023
3819 0.948135
3818 0.938119
3820 0.948167
3821 0.948324
3823 0.951376
3822 0.948696
3824 0.952164
3825 0.952505
3826 0.953308
3827 0.962556
3830 0.964865
3828 0.964085
3829 0.964512
3831 0.964998
3833 0.971785
3832 0.96526
3834 0.972067
3835 0.972059
3839 0.972181
3837 0.972157
3838 0.972408
3836 0.97202
3840 0.972204
3843 0.972032
3842 0.972106
3841 0.972153
3844 0.968548
3845 0.968548
3847 0.968533
3846 0.96838
3848 0.968548
3850 0.968497
3849 0.968525
3851 0.968713
3852 0.968838
3853 0.968873
3854 0.968873
3855 0.969058
3858 0.964974
3857 0.965272
3859 0.964833
3856 0.969171
3860 0.9645
3862 0.964916
3861 0.964371
3863 0.963979
3864 0.964006
3867 0.96392
3866 0.964136
3865 0.964222
3869 0.966389
3868 0.964049
3870 0.966197
3871 0.96586
3873 0.969755
3872 0.970896
3875 0.969763
3874 0.969837
3877 0.969696
3876 0.969677
3879 0.96972
3878 0.969712
3880 0.9697
3882 0.969077
3881 0.970108
3883 0.969034
3884 0.968971
3887 0.964351
3885 0.968591
3886 0.969187
3888 0.964136
3889 0.96403
3890 0.963779
3891 0.963763
3892 0.963826
3893 0.963673
3895 0.963352
3894 0.963658
3896 0.963489
3898 0.963223
3897 0.963477
3899 0.963293
3900 0.963603
3903 0.963912
3901 0.963904
3902 0.963658
3904 0.963728
3905 0.962157
3907 0.962114
3906 0.962121
3910 0.960785
3908 0.961628
3911 0.957921
3909 0.962223
3912 0.95825
3913 0.955887
3914 0.952136
3915 0.951698
3916 0.949068
3917 0.948668
3918 0.948594
3919 0.947728
3920 0.947242
3921 0.947861
3923 0.94821
3922 0.94861
3924 0.950663
3926 0.950032
3925 0.950667
3927 0.949456
3928 0.949993
3930 0.950377
3929 0.950126
3931 0.951529
3932 0.954656
3934 0.957721
3933 0.9516
3935 0.961886
3936 0.964124
3938 0.96432
3937 0.964339
3939 0.964328
3940 0.965327
3941 0.96443
3942 0.964414
3943 0.964375
3944 0.965076
3945 0.965119
3947 0.965315
3946 0.96537
3948 0.964994
3950 0.964974
3949 0.964743
3951 0.964959
3952 0.964825
3953 0.965013
3954 0.96497
3955 0.965358
3956 0.965358
3957 0.965237
3959 0.965472
3958 0.96546
3960 0.965695
3962 0.964512
3963 0.960546
3961 0.964814
3965 0.965586
3964 0.965068
3967 0.96568
3966 0.965519
3968 0.965797
3969 0.964853
3970 0.964704
3971 0.964904
3972 0.96508
3974 0.964884
3975 0.964727
3973 0.964959
3976 0.964437
3978 0.964386
3977 0.964727
3979 0.964528
3980 0.963689
3983 0.963152
3981 0.964422
3982 0.962674
3984 0.96236
3986 0.962795
3985 0.962372
3987 0.962741
3988 0.96307
3989 0.962807
3990 0.962991
3991 0.96296
3992 0.963199
3995 0.964818
3993 0.963258
3994 0.964622
3996 0.963089
3997 0.965155
3999 0.962964
3998 0.964994
4000 0.958387
4002 0.956431
4003 0.960452
4001 0.957282
4004 0.961083
4005 0.964547
4007 0.967161
4006 0.964994
4009 0.967032
4008 0.967063
4011 0.966926
4010 0.967098
4012 0.965017
4015 0.967047
4014 0.967098
4013 0.966863
4019 0.967204
4017 0.967275
4016 0.967153
4018 0.96711
4021 0.967114
4020 0.96702
4022 0.967196
4023 0.967173
4024 0.966934
4025 0.966926
4026 0.966922
4027 0.966961
4029 0.964743
4031 0.965064
4028 0.965041
4030 0.964367
4033 0.964853
4032 0.965147
4034 0.964606
4035 0.964731
4036 0.964818
4039 0.964861
4037 0.964626
4038 0.964763
4040 0.964763
4041 0.964653
4043 0.952999
4042 0.956808
4044 0.95015
4045 0.947708
4046 0.948633
4047 0.948919
4048 0.953982
4051 0.965543
4049 0.964896
4050 0.965405
4052 0.965691
4053 0.965868
4054 0.965868
4055 0.96539
4056 0.965448
4057 0.965417
4059 0.965511
4058 0.965484
4060 0.965225
4062 0.965429
4061 0.965445
4063 0.965237
4064 0.96537
4067 0.96588
4065 0.965484
4066 0.965813
4069 0.963959
4068 0.965715
4070 0.964089
4071 0.963865
4072 0.96392
4073 0.963744
4074 0.963599
4075 0.962917
4079 0.964814
4077 0.962952
4078 0.964524
4076 0.963035
4081 0.964116
4080 0.965002
4083 0.964147
4082 0.964253
4084 0.964865
4085 0.964821
4087 0.964845
4086 0.963838
4091 0.964723
4088 0.964959
4090 0.96468
4089 0.964814
4095 0.964434
4093 0.964829
4092 0.964837
4094 0.96439
4096 0.96392
4098 0.963697
4097 0.963716
4099 0.96374
4101 0.963744
4100 0.963779
4103 0.961357
4102 0.96372
4104 0.960899
4106 0.964026
4105 0.96414
4107 0.9641
4108 0.964002
4110 0.964108
4111 0.963897
4109 0.964167
4112 0.963908
4114 0.963771
4113 0.963783
4115 0.96394
4116 0.963767
4118 0.96354
4119 0.962176
4117 0.963595
4121 0.96269
4120 0.962509
4123 0.962572
4122 0.962509
4124 0.962737
4126 0.961831
4125 0.962631
4127 0.961267
4130 0.959821
4128 0.9616
4131 0.95966
4129 0.961275
4133 0.960041
4132 0.960064
4134 0.959739
4135 0.959974
4136 0.95979
4137 0.960182
4138 0.96053
4139 0.960585
4141 0.961228
4140 0.961063
4143 0.961122
4142 0.961012
4144 0.960558
4146 0.9597
4145 0.960182
4147 0.959445
4149 0.958579
4148 0.958998
4151 0.957462
4150 0.957196
4155 0.957521
4153 0.956902
4152 0.957043
4154 0.956725
4157 0.956114
4156 0.956247
4159 0.956635
4158 0.956196
4160 0.956725
4163 0.958406
4161 0.958461
4162 0.958414
4164 0.958853
4167 0.957772
4166 0.958826
4165 0.958975
4168 0.957787
4169 0.955381
4171 0.95816
4170 0.955624
4172 0.955397
4173 0.954915
4174 0.954484
4175 0.954108
4177 0.953829
4176 0.953171
4179 0.954335
4178 0.9543
4180 0.954613
4181 0.954982
4182 0.956012
4183 0.957078
4184 0.957254
4186 0.958955
4185 0.958128
4187 0.959092
4189 0.958939
4188 0.959088
4191 0.959394
4190 0.959421
4192 0.959425
4194 0.958673
4193 0.959312
4195 0.958963
4197 0.959813
4196 0.959033
4199 0.958971
4198 0.959155
4200 0.958994
4201 0.959907
4202 0.959308
4203 0.959441
4205 0.958301
4204 0.957987
4207 0.95526
4206 0.958238
4209 0.956083
4208 0.955322
4210 0.956106
4211 0.956106
4212 0.939945
4213 0.940717
4214 0.933836
4215 0.934659
4216 0.934671
4217 0.934796
4218 0.94879
4219 0.949037
4221 0.93971
4220 0.949687
4223 0.946639
4222 0.940106
4224 0.950777
4226 0.947599
4227 0.949499
4225 0.933977
4228 0.937426
4230 0.939851
4229 0.938276
4231 0.941509
4232 0.94259
4234 0.950111
4233 0.946748
4235 0.951944
4236 0.95486
4239 0.958532
4238 0.956902
4237 0.9562
4240 0.959696
4242 0.957866
4243 0.956631
4241 0.959339
4244 0.947363
4245 0.947301
4247 0.947975
4246 0.948037
4250 0.931269
4248 0.934338
4249 0.931653
4251 0.928945
4253 0.925309
4252 0.924337
4254 0.906201
4255 0.898505
4256 0.895456
4257 0.898987
4259 0.89662
4258 0.900021
4260 0.867006
4262 0.868409
4261 0.86779
4263 0.868781
4265 0.855892
4264 0.857487
4267 0.846021
4266 0.856249
4269 0.851801
4268 0.847796
4270 0.859113
4271 0.86621
4274 0.925967
4272 0.917934
4273 0.920183
4275 0.927664
4276 0.92195
4279 0.927879
4277 0.927233
4278 0.926747
4281 0.943155
4280 0.93866
4283 0.927895
4282 0.936203
4285 0.914454
4284 0.926547
4286 0.912248
4287 0.918937
4288 0.924701
4291 0.92913
4289 0.922699
4290 0.92679
4292 0.910249
4293 0.908345
4295 0.893046
4294 0.890898
4296 0.89419
4298 0.892791
4299 0.892415
4297 0.893626
4300 0.893598
4302 0.894727
4303 0.893383
4301 0.89149
4306 0.895279
4304 0.896114
4307 0.895644
4305 0.891325
4308 0.895793
4309 0.898434
4310 0.893873
4311 0.923733
4314 0.924831
4312 0.922671
4313 0.922095
4315 0.917424
4316 0.918537
4319 0.882497
4318 0.881858
4317 0.904473
4320 0.878315
4322 0.849524
4323 0.818264
4321 0.858898
4325 0.818249
4324 0.812849
4327 0.779833
4326 0.815251
4328 0.785167
4329 0.800328
4330 0.796233
4331 0.786687
4333 0.786291
4334 0.777913
4335 0.789062
4332 0.785374
4337 0.780931
4336 0.780554
4338 0.78037
4339 0.78287
4340 0.781538
4343 0.774226
4341 0.777819
4342 0.774375
4346 0.780382
4345 0.779963
4344 0.776679
4347 0.776816
4348 0.776941
4350 0.778035
4351 0.780296
4349 0.777905
4352 0.781836
4354 0.791221
4355 0.790602
4353 0.789477
4356 0.785794
4357 0.78193
4359 0.775503
4358 0.78086
4360 0.773567
4362 0.770957
4361 0.772776
4363 0.773172
4366 0.750227
4365 0.758445
4364 0.76892
4367 0.750145
4370 0.742586
4368 0.747661
4369 0.745897
4371 0.750882
4372 0.739674
4373 0.73382
4374 0.736269
4375 0.731143
4379 0.701169
4376 0.718231
4377 0.7178
4378 0.705636
4380 0.69906
4381 0.718023
4382 0.719191
4383 0.718967
4384 0.728122
4385 0.727992
4386 0.740709
4387 0.737029
4388 0.740948
4391 0.73804
4390 0.769903
4389 0.737056
4392 0.767756
4394 0.747915
4393 0.758574
4395 0.701611
4397 0.729666
4396 0.733353
4398 0.690071
4399 0.717141
4400 0.716009
4403 0.708779
4402 0.713466
4401 0.707231
4404 0.698954
4405 0.683483
4407 0.676618
4406 0.673851
4408 0.667405
4409 0.669799
4410 0.668032
4411 0.668827
4413 0.668843
4412 0.666311
4415 0.655645
4414 0.655272
4416 0.659571
4418 0.670677
4417 0.667663
4419 0.670826
4420 0.67891
4421 0.68047
4422 0.683436
4423 0.715158
4425 0.717455
4424 0.717357
4426 0.716134
4427 0.716702
4428 0.713156
4429 0.709711
4430 0.701862
4431 0.694099
4432 0.695729
4434 0.673157
4433 0.704253
4435 0.672828
4436 0.672813
4437 0.652992
4439 0.647552
4438 0.651444
4440 0.643739
4441 0.632485
4442 0.631893
4443 0.636364
4444 0.628492
4445 0.632077
4447 0.65095
4446 0.643344
4448 0.65791
4450 0.657102
4449 0.65046
4451 0.661433
4454 0.667369
4453 0.661621
4455 0.656076
4452 0.674568
4458 0.653552
4456 0.651052
4459 0.654336
4457 0.65298
4460 0.651977
4461 0.641855
4462 0.637524
4463 0.630549
4464 0.629413
4466 0.637767
4467 0.664234
4465 0.632849
4469 0.644907
4468 0.65999
4470 0.657518
4471 0.664473
4472 0.661762
4473 0.661915
4474 0.672248
4475 0.670406
4476 0.675646
4479 0.6439
4477 0.679161
4478 0.67054
4480 0.649026
4482 0.619334
4481 0.669846
4483 0.618119
4484 0.619729
4485 0.638892
4487 0.606954
4486 0.606872
4489 0.601601
4488 0.603122
4491 0.61418
4490 0.601237
4492 0.610556
4493 0.587231
4494 0.57734
4495 0.597628
4499 0.612668
4497 0.604948
4496 0.600382
4498 0.607573
4500 0.604423
4501 0.613886
4503 0.635048
4502 0.618044
4507 0.67768
4505 0.649755
4504 0.647211
4506 0.667295
4510 0.73918
4509 0.719689
4508 0.682065
4511 0.743522
4512 0.755753
4513 0.758794
4515 0.777333
4514 0.763837
4517 0.791311
4519 0.841463
4518 0.792797
4516 0.792475
4520 0.843333
4523 0.844042
4521 0.843819
4522 0.79882
4524 0.822391
4526 0.86199
4525 0.869522
4527 0.863502
4531 0.918909
4529 0.882399
4528 0.876434
4530 0.906542
4535 0.909983
4533 0.911017
4532 0.917891
4534 0.911382
4537 0.903521
4536 0.903321
4539 0.889727
4538 0.903838
4542 0.90278
4540 0.888974
4543 0.893931
4541 0.885628
4544 0.882532
4545 0.870893
4546 0.875219
4547 0.884272
4548 0.882834
4550 0.868577
4549 0.874671
4551 0.864325
4552 0.869134
4555 0.866963
4554 0.870247
4553 0.871642
4556 0.865979
4557 0.817971
4558 0.800473
4559 0.814714
4561 0.821627
4560 0.79119
4562 0.822532
4563 0.792252
4565 0.757269
4567 0.793572
4564 0.763825
4566 0.766282
4568 0.752982
4569 0.742221
4570 0.720359
4571 0.722679
4572 0.724391
4573 0.728196
4574 0.731762
4575 0.736841
4576 0.734576
4578 0.728372
4577 0.730297
4579 0.722298
4580 0.718148
4581 0.712247
4582 0.670677
4583 0.662573
4584 0.655982
4585 0.654959
4586 0.644888
4587 0.645311
4589 0.639766
4588 0.63542
4590 0.644656
4591 0.688762
4592 0.693743
4594 0.685588
4593 0.689792
4595 0.713869
4596 0.712474
4597 0.710041
4598 0.707482
4599 0.711189
4600 0.710099
4601 0.708849
4603 0.688727
4602 0.694468
4604 0.691736
4607 0.662663
4606 0.70042
4605 0.702152
4608 0.646573
4610 0.6574
4609 0.648019
4611 0.669188
4613 0.662718
4612 0.662667
4614 0.660229
4615 0.657365
4616 0.656064
4618 0.63261
4617 0.641361
4619 0.621889
4621 0.594297
4620 0.61554
4622 0.589198
4623 0.556148
4626 0.542558
4624 0.548075
4627 0.537757
4625 0.543835
4631 0.533098
4628 0.535943
4630 0.5085
4629 0.531471
4634 0.492695
4633 0.491375
4635 0.503872
4632 0.533666
4636 0.506811
4639 0.57647
4638 0.565815
4637 0.506015
4640 0.585503
4643 0.585048
4642 0.590821
4641 0.587666
4644 0.549411
4646 0.582497
4645 0.58104
4647 0.590057
4649 0.579586
4648 0.58709
4650 0.601158
4651 0.590256
4652 0.603247
4654 0.600171
4653 0.604536
4655 0.6057
4656 0.608941
4658 0.601574
4659 0.581102
4657 0.605685
4660 0.569961
4661 0.581279
4663 0.564542
4662 0.56355
4665 0.565184
4664 0.572367
4667 0.567492
4666 0.567093
4668 0.572054
4671 0.546864
4669 0.530476
4670 0.532377
4673 0.54708
4672 0.549372
4674 0.53856
4675 0.485297
4676 0.473662
4677 0.467937
4679 0.449691
4678 0.463093
4681 0.430266
4680 0.441246
4682 0.428107
4683 0.427378
4684 0.413823
4686 0.39778
4685 0.39294
4687 0.400221
4690 0.397372
4688 0.397835
4689 0.397051
4691 0.397298
4693 0.391717
4692 0.401616
4694 0.364517
4695 0.365387
4698 0.385236
4696 0.379217
4697 0.377931
4699 0.390561
4701 0.382383
4700 0.391474
4703 0.389319
4702 0.392709
4704 0.414027
4706 0.392709
4707 0.393293
4705 0.390832
4708 0.409501
4710 0.433205
4709 0.425407
4711 0.439126
4712 0.443084
4714 0.464618
4713 0.464861
4715 0.455648
4716 0.488256
4719 0.515793
4718 0.494306
4717 0.496849
4720 0.51522
4721 0.527145
4722 0.519907
4723 0.530923
4725 0.538141
4726 0.552515
4727 0.549897
4724 0.53644
4729 0.536005
4728 0.552695
4730 0.534019
4731 0.533207
4732 0.542013
4734 0.533301
4733 0.539971
4735 0.522466
4736 0.52171
4738 0.514421
4739 0.51464
4737 0.518081
4740 0.512744
4741 0.534026
4742 0.504311
4743 0.495505
4744 0.485787
4745 0.482538
4746 0.477812
4747 0.459931
4748 0.457607
4749 0.446874
4750 0.445228
4751 0.438088
4752 0.430587
4753 0.410296
4754 0.410269
4755 0.421982
4756 0.405123
4758 0.382986
4757 0.399179
4759 0.367523
4760 0.364255
4761 0.351339
4762 0.34296
4763 0.339653
4764 0.327575
4766 0.311708
4765 0.316278
4767 0.299478
4768 0.290198
4769 0.260863
4770 0.269703
4771 0.256015
4772 0.252567
4775 0.233204
4773 0.244545
4774 0.235113
4776 0.213309
4777 0.201925
4779 0.192391
4778 0.196701
4780 0.182954
4781 0.178632
4783 0.155366
4782 0.161558
4786 0.136192
4785 0.14457
4784 0.151902
4787 0.131858
4788 0.122708
4789 0.114545
4791 0.10126
4790 0.109544
4792 0.093701
4795 0.0713093
4793 0.0895942
4794 0.0771287
4796 0.0686759
4797 0.0640949
4799 0.0589104
4798 0.0605289
4800 0.0551759
4802 0.0503284
4801 0.0521741
4803 0.0501873
4807 0.0510808
4806 0.0509162
4804 0.0504734
4805 0.0508104
4809 0.0512023
4808 0.0511709
4811 0.0512336
4810 0.0512179
4814 0.0508809
4812 0.050783
4813 0.0507399
4815 0.0508692
4816 0.0507947
4818 0.0508143
4817 0.0508065
4819 0.0504773
4821 0.0507751
4820 0.0508653
4822 0.050924
4823 0.0510808
4824 0.0509789
4827 0.0510573
4825 0.0510965
4826 0.0511905
4828 0.0510769
4829 0.0512336
4830 0.0512023
4831 0.0514374
4832 0.0515001
4833 0.0523191
4835 0.0528991
4834 0.0525856
4837 0.0529892
4836 0.0525072
4839 0.0534869
4838 0.0532047
4840 0.0536045
4841 0.0534987
4843 0.0538553
4842 0.0535535
4844 0.0540081
4845 0.0541452
4847 0.0541257
4846 0.0540042
4850 0.0545214
4849 0.0544979
4848 0.0543333
4851 0.0543451
4852 0.0544235
4853 0.0545567
4854 0.055074
4855 0.0551759
4858 0.0527463
4856 0.0552425
4857 0.0551288
4859 0.0525346
4860 0.0528285
4862 0.0532831
4863 0.0535614
4861 0.053095
4864 0.0533458
4865 0.052758
4866 0.0527384
4867 0.0527306
4868 0.0524641
4870 0.0525307
4871 0.0526404
4869 0.0528952
4875 0.0518763
4874 0.0517626
4872 0.0520761
4873 0.0519547
4876 0.0519312
4878 0.0522015
4877 0.052037
4879 0.0522133
4880 0.052182
4881 0.0522564
4883 0.0508222
4882 0.0521467
4884 0.0510534
4887 0.0512611
4885 0.0510494
4886 0.0510886
4888 0.05112
4889 0.0512179
4891 0.0512454
4890 0.0513669
4895 0.0515902
4892 0.0513786
4893 0.051359
4894 0.0516921
4897 0.0508849
4896 0.0511788
4898 0.0511004
4899 0.0515393
4900 0.0518214
4901 0.0518802
4903 0.0521545
4902 0.051892
4904 0.0530833
4905 0.0535927
4906 0.0539297
4907 0.053432
4908 0.0540355
4911 0.0528756
4909 0.0541727
4910 0.0537259
4913 0.0519899
4912 0.0526091
4915 0.0513786
4914 0.051504
4916 0.0529187
4918 0.0642125
4917 0.0604035
4919 0.0721401
4920 0.0771678
4921 0.0814824
4922 0.0860751
4923 0.0874193
4924 0.0893238
4926 0.0984349
4925 0.0922785
4927 0.1036
4931 0.139256
4928 0.11391
4929 0.124252
4930 0.129679
4932 0.147247
4935 0.154257
4933 0.147595
4934 0.151401
4936 0.15691
4937 0.159367
4939 0.162792
4938 0.161726
4942 0.165986
4941 0.164658
4940 0.163929
4943 0.169489
4945 0.173585
4946 0.179478
4944 0.17302
4947 0.184142
4948 0.187065
4949 0.186814
4950 0.183428
4951 0.182719
4953 0.174302
4952 0.179282
4955 0.168847
4954 0.17295
4956 0.164493
4957 0.164383
4958 0.16041
4959 0.158368
4960 0.157122
4962 0.151918
4961 0.153862
4963 0.151056
4964 0.146059
4965 0.138194
4966 0.135385
4967 0.134158
4970 0.134342
4968 0.133523
4969 0.133249
4971 0.1362
4972 0.138014
4973 0.142407
4975 0.150292
4974 0.14689
4976 0.156734
4977 0.161056
4978 0.161946
4979 0.163694
4981 0.16347
4980 0.163737
4982 0.162205
4983 0.157471
4986 0.162248
4985 0.158881
4987 0.163137
4984 0.158153
4990 0.167538
4988 0.164744
4989 0.1661
4991 0.170602
4992 0.172601
4993 0.173871
4994 0.174913
4995 0.177131
4997 0.181649
4996 0.178228
4999 0.184416
4998 0.1825
5002 0.185074
5000 0.18603
5001 0.185909
5003 0.18163
5004 0.177456
5007 0.165845
5006 0.168294
5005 0.175842
5008 0.162302
5011 0.159191
5009 0.163008
5010 0.161581
5013 0.147576
5012 0.152909
5015 0.1327
5014 0.144539
5016 0.124295
5017 0.121371
5019 0.106018
5018 0.112683
5020 0.10282
5023 0.0920356
5021 0.098137
5022 0.0931916
5025 0.085358
5024 0.0888888
5026 0.0833046
5027 0.0801187
5031 0.0702003
5028 0.0770229
5029 0.0753143
5030 0.0726339
5033 0.0659642
5034 0.0673396
5035 0.0675669
5032 0.0689267
5036 0.0683272
5038 0.0695968
5037 0.0689659
5039 0.0704119
5040 0.0708743
5043 0.0720656
5042 0.0715288
5041 0.0708665
5044 0.0719638
5046 0.0751262
5045 0.0727005
5047 0.0762705
5048 0.0825875
5051 0.102636
5049 0.0935913
5050 0.0963422
5052 0.108737
5053 0.113937
5054 0.122872
5055 0.131807
5057 0.145397
5056 0.136682
5058 0.150358
5059 0.160825
5060 0.171041
5062 0.197505
5061 0.181935
5063 0.211483
5064 0.2232
5066 0.234748
5065 0.222467
5067 0.233157
5068 0.233745
5069 0.242296
5071 0.256258
5070 0.250161
5072 0.26785
5074 0.29715
5075 0.303844
5073 0.287154
5076 0.312171
5078 0.325863
5079 0.327846
5077 0.31924
5080 0.328786
5081 0.332047
5082 0.344689
5083 0.328061
5084 0.343105
5085 0.338626
5087 0.33794
5086 0.3393
5088 0.331145
5089 0.330895
5091 0.310584
5090 0.326478
5094 0.299215
5092 0.306841
5095 0.297311
5093 0.303307
5097 0.294533
5096 0.298244
5098 0.287965
5099 0.275644
5100 0.266902
5103 0.233044
5101 0.261498
5102 0.246583
5106 0.217925
5105 0.22146
5104 0.230685
5107 0.210597
5109 0.175097
5108 0.199123
5110 0.189036
5111 0.179945
5112 0.159877
5113 0.159113
5114 0.15193
5115 0.149206
5117 0.13522
5116 0.146204
5118 0.124483
5119 0.120936
5123 0.0950295
5120 0.112143
5122 0.102894
5121 0.105634
5125 0.0816705
5126 0.0744796
5127 0.0687034
5124 0.084876
5128 0.0653842
5131 0.0529148
5130 0.0534751
5129 0.0594355
5132 0.0528677
5135 0.0525817
5134 0.0523152
5133 0.0520918
5139 0.0531068
5137 0.0527737
5136 0.05295
5138 0.0530206
5142 0.0530989
5141 0.0531852
5140 0.0530206
5143 0.0532047
5145 0.0532831
5144 0.0532596
5146 0.0533811
5147 0.0533654
5148 0.0533733
5150 0.0534124
5149 0.0533733
5151 0.0533811
5152 0.0535418
5154 0.0535809
5155 0.0536476
5153 0.0534908
5157 0.0537495
5158 0.0514296
5156 0.0537808
5159 0.0518332
5160 0.0518763
5161 0.0521467
5163 0.0524328
5162 0.0523779
5165 0.0525346
5164 0.0524092
5166 0.0525542
5167 0.0525973
5168 0.0526796
5169 0.0528207
5170 0.0531342
5171 0.0532204
5173 0.0532204
5174 0.0532283
5172 0.0532243
5175 0.0533615
5176 0.053287
5178 0.0534477
5177 0.0535026
5179 0.0536241
5180 0.0535574
5182 0.0534007
5181 0.0533968
5183 0.0508496
5184 0.0512258
5185 0.0511905
5186 0.0511121
5187 0.0513629
5188 0.0514452
5190 0.0517117
5191 0.0518998
5189 0.0514766
5192 0.0519194
5193 0.0519233
5195 0.0518058
5194 0.051265
5197 0.0521624
5198 0.0520605
5196 0.0520801
5199 0.0523936
5200 0.0525111
5201 0.0524602
5202 0.0525542
5203 0.0527463
5204 0.0526444
5205 0.0526013
5207 0.0527502
5206 0.0528246
5208 0.0528873
5209 0.0528364
5211 0.0528403
5210 0.0528756
5212 0.0528795
5213 0.0529265
5215 0.0530833
5214 0.0530245
5216 0.053001
5218 0.0530519
5217 0.0530206
5219 0.0514805
5220 0.0515471
5223 0.0516843
5222 0.0515981
5221 0.0517117
5225 0.0518724
5224 0.0518606
5227 0.0518998
5226 0.0518332
5229 0.0521114
5230 0.0526522
5228 0.0519507
5231 0.052856
5235 0.0530911
5233 0.0529931
5234 0.0530362
5232 0.0528912
5236 0.0530754
5237 0.0530989
5239 0.053001
5238 0.053146
5241 0.052903
5240 0.0529814
5242 0.0529344
5243 0.0529344
5244 0.051747
5247 0.0523113
5246 0.052374
5245 0.0522956
5251 0.052566
5248 0.0521428
5250 0.0521937
5249 0.052131
5252 0.0525464
5253 0.05266
5255 0.0527149
5254 0.0526287
5256 0.0528246
5258 0.0568609
5259 0.0648944
5257 0.0533262
5260 0.0727985
5261 0.0766937
5262 0.0849348
5263 0.0919493
5265 0.0991246
5264 0.0937911
5267 0.104866
5266 0.103263
5268 0.107859
5270 0.110364
5269 0.108925
5271 0.111653
5272 0.11351
5273 0.114968
5274 0.116304
5275 0.11775
5277 0.119784
5276 0.118432
5278 0.120591
5279 0.121211
5280 0.122237
5281 0.122711
5283 0.124024
5282 0.123342
5286 0.125411
5285 0.124651
5287 0.126787
5284 0.124189
5288 0.12839
5291 0.142905
5289 0.131889
5290 0.139989
5292 0.151326
5293 0.15972
5295 0.168608
5294 0.159058
5296 0.177656
5297 0.183131
5298 0.191156
5299 0.196944
5300 0.199303
5302 0.209276
5301 0.202956
5303 0.210793
5304 0.214923
5305 0.218705
5306 0.220406
5307 0.224195
5308 0.225676
5309 0.225723
5311 0.229258
5310 0.227887
5313 0.230943
5312 0.230007
5314 0.232675
5315 0.232699
5316 0.231025
5317 0.232856
5319 0.230344
5318 0.231911
5321 0.228858
5320 0.229987
5322 0.227898
5323 0.226699
5324 0.226872
5325 0.226045
5327 0.224097
5326 0.224505
5328 0.222851
5329 0.225676
5330 0.227988
5331 0.230927
5332 0.234439
5333 0.236363
5334 0.237162
5335 0.244796
5336 0.246986
5337 0.253676
5338 0.259186
5339 0.259863
5340 0.261094
5341 0.258449
5342 0.25955
5343 0.260169
5344 0.260918
5345 0.262407
5346 0.264762
5347 0.266259
5349 0.268218
5348 0.267192
5351 0.27026
5350 0.269084
5352 0.274233
5353 0.278717
5355 0.290747
5354 0.281456
5357 0.301128
5358 0.307688
5359 0.313989
5356 0.298479
5360 0.318163
5362 0.328014
5361 0.326102
5363 0.32957
5364 0.333128
5366 0.337239
5365 0.336056
5367 0.335883
5368 0.337698
5371 0.334386
5369 0.331138
5370 0.332493
5372 0.334535
5373 0.334515
5375 0.336859
5374 0.336255
5376 0.338152
5378 0.340676
5377 0.340746
5379 0.342521
5380 0.343403
5383 0.348306
5381 0.344881
5382 0.347459
5385 0.351237
5384 0.349144
5387 0.354348
5386 0.35376
5389 0.362523
5388 0.357209
5390 0.364725
5391 0.369004
5392 0.371144
5393 0.372147
5394 0.373476
5395 0.376305
5396 0.3779
5399 0.377116
5397 0.378876
5398 0.376944
5401 0.380373
5402 0.381051
5400 0.378135
5403 0.379938
5404 0.380161
5405 0.381168
5406 0.384139
5407 0.385322
5408 0.386795
5411 0.390424
5409 0.387818
5410 0.391122
5412 0.391188
5413 0.391851
5415 0.393112
5414 0.392015
5417 0.396581
5416 0.394562
5419 0.405155
5418 0.399982
5422 0.419936
5420 0.408807
5421 0.414709
5423 0.422816
5426 0.431152
5425 0.429741
5424 0.424451
5427 0.434584
5428 0.437429
5429 0.435121
5430 0.440337
5431 0.444009
5434 0.455432
5432 0.448496
5433 0.454923
5435 0.45542
5436 0.46122
5437 0.468329
5438 0.470496
5439 0.473905
5442 0.490481
5440 0.480971
5443 0.496426
5441 0.482393
5444 0.490093
5445 0.497676
5447 0.510295
5446 0.504687
5449 0.516588
5448 0.515169
5451 0.519511
5450 0.517317
5452 0.526981
5453 0.526295
5454 0.522956
5455 0.527952
5456 0.528035
5458 0.522047
5457 0.522082
5459 0.5222
5460 0.522552
5462 0.53461
5463 0.532432
5461 0.533572
5466 0.53753
5464 0.532647
5465 0.538525
5467 0.552648
5468 0.536942
5469 0.541813
5470 0.540453
5471 0.529876
5473 0.52546
5472 0.527882
5474 0.525915
5475 0.52653
5477 0.551555
5476 0.525805
5478 0.551069
5479 0.553679
5480 0.55641
5481 0.555438
5482 0.561199
5483 0.561187
5485 0.567046
5486 0.575616
5484 0.565416
5487 0.579527
5488 0.583187
5489 0.582309
5491 0.588168
5490 0.585432
5495 0.59309
5492 0.58863
5494 0.591938
5493 0.587149
5498 0.599806
5497 0.594877
5496 0.594359
5499 0.611163
5500 0.616151
5503 0.62141
5502 0.619608
5501 0.616441
5504 0.622774
5506 0.633943
5505 0.62605
5507 0.63475
5510 0.65142
5509 0.640557
5508 0.638469
5511 0.654931
5512 0.655735
5513 0.655833
5514 0.655366
5515 0.654249
5516 0.644178
5519 0.662867
5518 0.65383
5517 0.644076
5520 0.664697
5521 0.670971
5523 0.675258
5522 0.672276
5524 0.677213
5526 0.679851
5527 0.700738
5525 0.6788
5528 0.695106
5530 0.706984
5529 0.701956
5531 0.710229
5532 0.692304
5533 0.69366
5534 0.696909
5535 0.698676
5536 0.704539
5539 0.718282
5537 0.706976
5538 0.713822
5541 0.722992
5540 0.714853
5542 0.72552
5543 0.722134
5544 0.741481
5546 0.73715
5545 0.735046
5547 0.747833
5551 0.780257
5548 0.749397
5550 0.756062
5549 0.753852
5552 0.780151
5553 0.779449
5555 0.781342
5554 0.779814
5557 0.779822
5556 0.780813
5558 0.779822
5559 0.77651
5560 0.778603
5563 0.792048
5562 0.77747
5561 0.778767
5565 0.793145
5564 0.792859
5567 0.793467
5566 0.793537
5568 0.79322
5569 0.799035
5571 0.801312
5570 0.799631
5572 0.800893
5574 0.809584
5573 0.800932
5575 0.809702
5576 0.808087
5577 0.798937
5578 0.795497
5579 0.796022
5580 0.795932
5581 0.793612
5582 0.792644
5583 0.790343
5584 0.789544
5585 0.788866
5587 0.793169
5586 0.793623
5588 0.794623
5591 0.77814
5589 0.794415
5590 0.794442
5594 0.785982
5592 0.77912
5593 0.795453
5595 0.786154
5596 0.78519
5597 0.783979
5598 0.784109
5599 0.783247
5602 0.782592
5601 0.782725
5600 0.782792
5603 0.782439
5604 0.781805
5606 0.782514
5605 0.782157
5607 0.785155
5608 0.786789
5609 0.787608
5611 0.785888
5610 0.785998
5612 0.785813
5614 0.785304
5615 0.785461
5613 0.785755
5617 0.786001
5616 0.785566
5619 0.785872
5618 0.785774
5623 0.784026
5621 0.78615
5620 0.785296
5622 0.785112
5624 0.778376
5625 0.784763
5626 0.784446
5627 0.78425
5629 0.784936
5628 0.784618
5630 0.785108
5631 0.785904
5633 0.786989
5635 0.789458
5632 0.786135
5634 0.788807
5636 0.789583
5638 0.789038
5639 0.789462
5637 0.788396
5640 0.788192
5641 0.788796
5642 0.792965
5643 0.79244
5645 0.83479
5644 0.834641
5646 0.836428
5647 0.840409
5651 0.844747
5650 0.846452
5648 0.839575
5649 0.84539
5654 0.862895
5652 0.8563
5653 0.858859
5655 0.91561
5658 0.912757
5657 0.914019
5656 0.915195
5659 0.912177
5660 0.911981
5661 0.911793
5663 0.911965
5662 0.911045
5664 0.911558
5666 0.911977
5665 0.889695
5667 0.906805
5670 0.888202
5668 0.911726
5669 0.892329
5671 0.88736
5672 0.885588
5674 0.884632
5673 0.88618
5675 0.884621
5677 0.890354
5676 0.888038
5679 0.895859
5678 0.882457
5680 0.897497
5681 0.896929
5683 0.892219
5682 0.893124
5685 0.889942
5684 0.891228
5686 0.890965
5687 0.891114
5688 0.898027
5690 0.898042
5691 0.894355
5689 0.89263
5694 0.911652
5692 0.898011
5693 0.897372
5695 0.911715
5696 0.910539
5699 0.909724
5697 0.910159
5698 0.907185
5700 0.912734
5703 0.912835
5702 0.912353
5701 0.912009
5704 0.912569
5707 0.912585
5705 0.912749
5706 0.912557
5708 0.912506
5710 0.911209
5709 0.911762
5711 0.911045
5712 0.910951
5714 0.911013
5715 0.910621
5713 0.910911
5716 0.910496
5717 0.910457
5719 0.910708
5718 0.910606
5720 0.910747
5721 0.910782
5723 0.910743
5722 0.910907
5726 0.910892
5725 0.910845
5724 0.911009
5727 0.911413
5728 0.911307
5729 0.911241
5730 0.91128
5731 0.910825
5733 0.910641
5732 0.910684
5735 0.910829
5734 0.910723
