1 0.119283
3 0.117178
2 0.118107
4 0.119408
0 0.12799
5 0.122488
6 0.124941
7 0.130224
8 0.131262
9 0.134436
10 0.139217
12 0.143626
14 0.145844
11 0.13995
13 0.145597
16 0.14832
19 0.14952
15 0.147682
17 0.148779
18 0.151036
20 0.151248
21 0.15305
23 0.154888
22 0.15392
24 0.154939
25 0.155135
28 0.161652
26 0.155476
27 0.159183
29 0.162945
31 0.168725
30 0.165692
32 0.169223
33 0.170403
34 0.170822
36 0.17253
35 0.171911
37 0.175403
39 0.175089
38 0.175324
40 0.176861
43 0.17884
41 0.177464
44 0.1763
42 0.178048
45 0.177225
46 0.179337
48 0.178726
49 0.17971
47 0.179145
52 0.180532
50 0.180893
51 0.179643
54 0.184655
53 0.181767
56 0.185615
55 0.185243
59 0.1896
57 0.187241
58 0.189244
60 0.189075
62 0.189283
61 0.189416
63 0.189722
64 0.18877
65 0.188401
68 0.184149
66 0.186034
67 0.184177
69 0.180556
71 0.184087
72 0.185795
70 0.182766
74 0.188762
73 0.188009
75 0.190251
76 0.191086
78 0.191411
79 0.194138
77 0.191924
80 0.195682
81 0.202595
83 0.205389
84 0.207772
82 0.203504
85 0.212839
88 0.223321
86 0.214876
87 0.219226
89 0.22847
92 0.235548
90 0.234051
91 0.235951
93 0.240332
94 0.234552
97 0.242041
95 0.235783
96 0.237844
98 0.242311
99 0.246101
100 0.246661
101 0.246356
103 0.246414
102 0.247049
104 0.246465
107 0.242566
105 0.244337
108 0.242268
106 0.243981
109 0.244655
110 0.246736
113 0.254295
112 0.252825
114 0.257199
111 0.249636
115 0.260447
117 0.260976
118 0.262074
116 0.261019
119 0.26194
120 0.264605
121 0.266239
122 0.267603
123 0.268986
124 0.267862
125 0.271533
128 0.271291
127 0.273469
126 0.268704
129 0.275805
130 0.278184
132 0.281252
133 0.283407
131 0.279394
134 0.284826
135 0.286476
136 0.287071
138 0.291531
137 0.289313
139 0.29322
140 0.294772
141 0.294215
144 0.288917
143 0.296696
142 0.294905
145 0.288004
146 0.288651
147 0.288643
149 0.287612
148 0.287765
150 0.287322
151 0.282063
153 0.285986
154 0.284089
152 0.283019
156 0.279069
157 0.278039
159 0.274908
158 0.277416
155 0.280594
160 0.274943
161 0.274308
163 0.272537
164 0.272615
162 0.273473
165 0.275476
167 0.27528
168 0.276785
166 0.271588
169 0.268712
172 0.26725
170 0.268332
173 0.266651
171 0.268085
174 0.267364
175 0.267286
178 0.267548
176 0.26941
179 0.268222
177 0.268218
180 0.27285
182 0.272251
181 0.272545
184 0.270906
183 0.271796
186 0.270033
187 0.268273
185 0.270922
188 0.269774
189 0.269578
192 0.270954
190 0.270961
191 0.271173
193 0.27073
194 0.267192
197 0.269911
198 0.269504
195 0.268739
196 0.269366
199 0.271424
202 0.270977
200 0.27218
204 0.270703
201 0.271675
203 0.270891
207 0.268696
205 0.268802
208 0.268677
206 0.268543
209 0.268571
211 0.269139
213 0.268191
210 0.269249
212 0.269155
214 0.268355
215 0.268383
218 0.26803
217 0.267662
216 0.267685
219 0.26747
221 0.268453
220 0.268132
223 0.269053
224 0.269069
222 0.268681
225 0.269127
228 0.269421
226 0.269151
227 0.269543
229 0.269884
230 0.270256
231 0.270616
234 0.271776
232 0.271416
233 0.271577
237 0.270381
235 0.271439
238 0.269805
236 0.271173
239 0.26872
240 0.269127
241 0.272149
242 0.272188
243 0.272282
244 0.265879
247 0.268351
246 0.269029
245 0.267544
249 0.267184
248 0.267505
251 0.268736
250 0.268626
254 0.267646
253 0.267607
252 0.268085
255 0.268673
256 0.269041
257 0.269112
258 0.269347
259 0.2695
260 0.269492
264 0.270397
261 0.268461
263 0.269605
262 0.268967
268 0.270777
265 0.270005
266 0.270276
269 0.266032
267 0.270048
270 0.266541
274 0.266224
273 0.266851
271 0.264938
272 0.26551
275 0.265879
278 0.26497
276 0.264648
277 0.264801
279 0.266482
280 0.267893
281 0.268818
283 0.273277
284 0.274955
282 0.271436
285 0.277416
287 0.277541
289 0.27905
288 0.27885
286 0.277937
290 0.278983
292 0.27738
291 0.278517
293 0.276792
294 0.272662
295 0.27169
296 0.271898
298 0.268398
297 0.270299
299 0.268054
300 0.266502
303 0.26194
302 0.262991
301 0.264554
304 0.26263
305 0.262611
306 0.261639
307 0.262266
308 0.262078
309 0.262661
313 0.26649
310 0.265075
312 0.265585
311 0.265009
314 0.267462
315 0.267266
318 0.267521
317 0.26736
316 0.267246
319 0.264209
323 0.265146
320 0.264057
321 0.264358
324 0.265479
322 0.264676
327 0.265252
329 0.265503
325 0.265777
326 0.265695
328 0.265471
330 0.267348
331 0.267387
332 0.267391
333 0.267799
334 0.267709
335 0.267677
336 0.26776
337 0.267583
339 0.268261
338 0.267869
341 0.268073
340 0.268626
342 0.268692
343 0.269088
344 0.266545
345 0.268038
349 0.274194
348 0.271945
347 0.270671
346 0.269558
351 0.274136
350 0.273889
353 0.274606
352 0.2749
354 0.274249
355 0.274629
357 0.274284
356 0.274731
358 0.274731
359 0.274884
360 0.275005
361 0.274849
364 0.274864
363 0.274908
362 0.274766
365 0.274735
366 0.274735
368 0.274057
369 0.271134
367 0.274261
370 0.272168
373 0.271565
372 0.272407
371 0.272356
374 0.272384
376 0.271498
375 0.271792
377 0.271169
379 0.270797
378 0.270863
380 0.271193
383 0.271436
381 0.271099
384 0.272799
382 0.270695
385 0.274077
386 0.274876
387 0.276373
389 0.27883
388 0.276855
390 0.280574
393 0.2876
391 0.28414
394 0.285096
392 0.285429
395 0.285849
398 0.288368
396 0.287279
399 0.288905
397 0.28818
402 0.291582
400 0.290316
404 0.291715
403 0.292217
401 0.29068
406 0.294619
407 0.296445
405 0.292895
408 0.303119
409 0.310674
410 0.313096
411 0.317845
412 0.31937
413 0.324985
414 0.324621
416 0.330444
415 0.327693
417 0.340284
418 0.344814
419 0.337603
420 0.34479
422 0.351237
423 0.358439
421 0.347976
424 0.365583
425 0.374361
428 0.390616
427 0.387176
426 0.378656
429 0.396639
430 0.402948
433 0.414101
431 0.405801
434 0.41588
432 0.411683
437 0.421856
435 0.418067
438 0.422797
439 0.424592
436 0.421026
441 0.427617
440 0.425411
444 0.415559
442 0.416668
443 0.418063
445 0.432684
447 0.435012
446 0.432798
448 0.418169
449 0.419133
452 0.446846
451 0.445345
450 0.421218
453 0.447097
454 0.425403
457 0.430047
456 0.427997
455 0.425642
458 0.431438
459 0.433671
460 0.435721
461 0.435592
462 0.438809
463 0.439561
464 0.439765
465 0.441811
466 0.443214
469 0.445459
467 0.443527
468 0.444142
470 0.446031
471 0.446666
473 0.44783
472 0.447387
474 0.449958
475 0.44948
477 0.45091
476 0.449989
478 0.452262
479 0.453469
481 0.455891
480 0.454895
483 0.455922
482 0.455064
484 0.456592
485 0.456851
486 0.457431
488 0.457877
487 0.457286
489 0.457533
490 0.457799
492 0.459335
491 0.458642
493 0.459398
494 0.456678
495 0.457215
496 0.457403
497 0.45718
499 0.457752
498 0.457489
502 0.465021
501 0.460817
500 0.458575
503 0.467694
504 0.472592
507 0.48601
506 0.480798
505 0.477879
508 0.490615
509 0.492719
511 0.507109
510 0.503198
513 0.504197
512 0.50895
514 0.507015
515 0.508531
517 0.515021
518 0.517058
516 0.512183
519 0.542738
523 0.553757
520 0.545379
521 0.54824
524 0.554964
522 0.551171
525 0.557268
526 0.558526
527 0.559404
529 0.587114
528 0.560149
530 0.586573
532 0.583066
533 0.582537
534 0.58017
531 0.584715
535 0.578931
536 0.578269
539 0.576075
537 0.576968
538 0.576741
543 0.57319
540 0.574597
541 0.574284
544 0.567602
542 0.574237
546 0.567759
547 0.567892
545 0.568221
548 0.567598
549 0.566666
554 0.572058
553 0.572395
551 0.564847
550 0.56531
552 0.564475
555 0.572555
557 0.572101
558 0.571878
556 0.572281
559 0.571807
560 0.568986
561 0.562845
562 0.562143
563 0.561454
564 0.561183
568 0.559138
566 0.564757
567 0.559322
565 0.56018
569 0.553173
572 0.553828
570 0.553287
571 0.553405
574 0.55741
573 0.555556
575 0.558989
577 0.562163
576 0.560466
578 0.563284
579 0.565459
580 0.567724
582 0.569926
581 0.569131
583 0.572375
584 0.573837
586 0.578559
587 0.590617
589 0.58448
588 0.591718
585 0.575984
592 0.587408
590 0.584715
593 0.587846
594 0.591248
591 0.587235
596 0.59731
595 0.594457
599 0.606217
597 0.601444
598 0.603274
601 0.614709
602 0.617848
604 0.632101
600 0.609932
603 0.621469
607 0.646678
605 0.634883
608 0.648893
609 0.652129
606 0.641235
610 0.654857
611 0.656401
614 0.670387
612 0.658889
613 0.668851
616 0.691603
615 0.673628
617 0.691658
618 0.692226
619 0.696819
620 0.697642
621 0.698324
623 0.69823
622 0.698523
624 0.698312
626 0.698214
625 0.698249
628 0.69765
629 0.697693
627 0.697591
630 0.698053
633 0.699401
632 0.699056
631 0.69919
634 0.703093
636 0.703003
635 0.703202
637 0.696039
638 0.69618
639 0.702521
640 0.6958
641 0.696156
643 0.694946
644 0.692732
642 0.695694
645 0.692802
646 0.692363
647 0.692775
649 0.694832
648 0.693421
652 0.696976
651 0.696251
650 0.695373
654 0.691395
653 0.69118
655 0.692794
656 0.693163
657 0.693629
658 0.693727
659 0.693809
660 0.694225
661 0.694789
662 0.695044
663 0.696012
664 0.696932
665 0.714747
668 0.7145
667 0.714665
669 0.719837
666 0.715488
670 0.719022
671 0.720053
674 0.692806
673 0.700165
672 0.699973
675 0.69357
676 0.694577
679 0.695667
677 0.694683
678 0.695008
683 0.714872
680 0.696059
681 0.713748
684 0.71546
682 0.714406
685 0.715829
686 0.71555
689 0.715927
688 0.715801
687 0.715723
691 0.715817
690 0.716166
693 0.716612
692 0.716365
694 0.717028
696 0.717525
695 0.717745
697 0.71798
698 0.718552
699 0.719293
700 0.719187
701 0.719183
702 0.719865
703 0.720104
704 0.720316
706 0.720641
705 0.720558
707 0.719755
708 0.720065
709 0.720496
710 0.720903
711 0.72099
712 0.720958
713 0.720676
714 0.721632
715 0.722048
718 0.723313
716 0.722965
717 0.723227
719 0.734827
720 0.734368
722 0.734419
723 0.734599
721 0.734407
724 0.735371
726 0.736551
725 0.735152
727 0.737723
728 0.738389
729 0.737899
731 0.739239
730 0.738738
732 0.739831
733 0.740752
734 0.742221
735 0.745431
738 0.749087
736 0.749475
739 0.749001
737 0.748197
740 0.750415
741 0.750361
742 0.750157
743 0.749918
744 0.741551
746 0.746454
745 0.74442
747 0.748813
748 0.756583
749 0.756391
752 0.758829
750 0.756913
754 0.760443
753 0.759491
751 0.75721
756 0.760193
755 0.760882
759 0.758758
758 0.757406
757 0.757783
761 0.763339
760 0.761533
762 0.761948
763 0.762826
764 0.761936
765 0.760016
766 0.76207
768 767 0.763406
0.768837
769 0.778458
772 0.77568
770 0.77874
771 0.777537
774 0.777643
773 0.776001
777 0.776812
776 0.7772
775 0.776977
778 0.774237
779 0.77374
782 0.776393
780 0.773575
781 0.776138
784 0.776812
783 0.77718
785 0.775507
787 0.774371
786 0.774194
789 0.775245
788 0.774014
790 0.776495
792 0.776303
791 0.776824
793 0.774884
794 0.767501
796 0.768869
795 0.766858
798 0.769989
797 0.768939
799 0.770323
800 0.768395
801 0.767634
804 0.76696
802 0.766416
803 0.766137
808 0.767458
806 0.766905
807 0.767078
809 0.767724
805 0.766839
811 0.770424
812 0.77751
810 0.768508
813 0.783325
814 0.786288
816 0.792714
817 0.795348
819 0.803303
818 0.796519
815 0.791566
820 0.802774
821 0.80304
822 0.804576
824 0.811814
823 0.811947
825 0.813973
827 0.822277
826 0.820522
828 0.823367
829 0.826263
831 0.824201
830 0.823371
833 0.828626
834 0.829319
832 0.827395
836 0.829927
835 0.829127
839 0.82879
838 0.828633
837 0.828422
840 0.829213
843 0.828822
841 0.828833
842 0.828516
844 0.83615
849 0.83432
845 0.835613
846 0.835632
848 0.834876
847 0.834931
850 0.833794
853 0.834555
851 0.834425
852 0.834617
854 0.834441
856 0.833783
859 0.833316
855 0.833634
857 0.833544
858 0.832196
860 0.832513
861 0.833042
863 0.832133
862 0.832086
864 0.832595
867 0.833085
865 0.832235
866 0.832662
869 0.834367
868 0.833356
871 0.834809
873 0.834308
872 0.834739
870 0.835182
874 0.834817
875 0.83294
876 0.82984
879 0.851464
877 0.829355
878 0.82743
880 0.851056
883 0.850904
882 0.850398
881 0.851397
884 0.84965
885 0.849391
886 0.849168
887 0.84985
889 0.848419
888 0.849317
890 0.84956
891 0.847483
893 0.843407
894 0.841365
892 0.846863
896 0.83939
895 0.839849
899 0.838697
898 0.839477
897 0.839547
900 0.838748
901 0.838857
902 0.839371
904 0.841162
903 0.838814
905 0.834841
908 0.840699
907906  0.8408760.840821

909 0.840672
910 0.840554
912 0.835393
911 0.837694
913 0.835871
914 0.835511
917 0.835511
916 0.841154
919 0.834849
918 0.831843
915 0.840684
920 0.83535
921 0.84037
923 0.839692
922 0.834829
924 0.834903
926 0.840057
925 0.839771
927 0.840495
928 0.841836
929 0.840182
932 0.840162
930 0.840492
931 0.839904
934 0.842376
933 0.841652
936 0.841957
937 0.842365
939 0.845723
935 0.843344
938 0.845155
940 0.8447
943 0.84722
941 0.845868
942 0.845214
944 0.847271
946 0.846252
945 0.846875
948 0.845472
947 0.846048
949 0.846683
950 0.839994
951 0.839285
954 0.849853
952 0.839567
953 0.839343
955 0.853517
956 0.849187
957 0.847671
959 0.850535
958 0.851499
963 0.842572
960 0.848791
962 0.842322
961 0.84666
964 0.841279
967 0.841467
966 0.841322
968 0.84115
969 0.840319
965 0.842235
971 0.837165
973 0.837372
970 0.839908
974 0.836698
972 0.837082
975 0.836314
976 0.837505
977 0.836193
978 0.835307
979 0.832776
980 0.833034
981 0.829982
984 0.829958
982 0.829805
983 0.830322
988 0.829425
985 0.829449
987 0.829198
986 0.829844
989 0.829543
991 0.830554
994 0.83151
993 0.830969
990 0.830444
992 0.830785
996 0.830416
998 0.832889
995 0.830989
997 0.830452
999 0.830346
1001 0.830503
1000 0.830683
1002 0.830671
1003 0.830742
1004 0.835095
1006 0.83526
1005 0.834962
1008 0.833826
1007 0.83515
1009 0.831859
1010 0.827454
1012 0.827082
1011 0.826482
1014 0.829692
1013 0.829413
1018 0.82734
1015 0.827285
1016 0.826082
1017 0.826964
1019 0.826788
1020 0.827873
1021 0.826247
1024 0.827297
1022 0.826392
1023 0.82696
1025 0.827787
1027 0.828108
1026 0.828202
1028 0.827979
1029 0.827552
1031 0.827732
1030 0.82776
1033 0.82794
1034 0.827474
1032 0.827932
1036 0.829554
1037 0.830146
1035 0.830189
1039 0.830334
1038 0.830699
1040 0.829938
1042 0.829496
1044 0.829425
1041 0.829652
1043 0.829507
1045 0.829437
1046 0.829601
1047 0.829817
1048 0.829112
1049 0.829002
1051 0.829398
1050 0.829527
1053 0.829108
1054 0.829119
1052 0.82921
1055 0.829104
1057 0.831459
1059 0.831588
1056 0.828935
1058 0.831815
1060 0.830848
1063 0.829543
1061 0.83026
1064 0.829786
1062 0.830287
1065 0.828931
1066 0.828567
1068 0.82852
1069 0.827897
1067 0.828841
1072 0.826803
1073 0.825009
1071 0.826702
1070 0.828104
1074 0.824103
1075 0.823794
1076 0.82435
1077 0.825165
1078 0.825495
1079 0.825016
1080 0.825553
1081 0.826329
1083 0.827658
1082 0.827199
1084 0.828994
1085 0.835813
1087 0.833403
1086 0.83555
1089 0.830507
1088 0.832431
1090 0.830691
1093 0.837458
1091 0.834006
1092 0.836024
1094 0.838975
1095 0.835695
1096 0.836024
1097 0.837118
1099 0.836788
1098 0.836444
1100 0.834966
1101 0.832634
1102 0.831663
1103 0.83191
1104 0.832533
1106 0.83316
1107 0.833069
1105 0.83238
1108 0.832497
1109 0.831447
1110 0.839865
1113 0.841342
1112 0.841891
1114 0.839441
1111 0.841463
1115 0.839363
1117 0.839292
1118 0.838571
1119 0.838638
1116 0.839379
1120 0.838783
1122 0.836161
1124 0.836228
1123 0.836522
1121 0.836455
1125 0.837118
1126 0.837584
1128 0.839269
1127 0.837764
1129 0.836816
1130 0.840809
1131 0.838352
1132 0.840746
1134 0.843258
1133 0.842561
1135 0.847185
1137 0.84945
1139 0.849689
1138 0.848678
1136 0.849215
1140 0.853318
1141 0.850453
1143 0.845856
1144 0.846072
1142 0.849799
1145 0.847028
1147 0.839633
1146 0.840578
1149 0.834374
1148 0.840292
1151 0.831169
1150 0.833485
1154 0.824197
1153 0.82834
1152 0.829155
1158 0.825009
1155 0.825577
1156 0.824135
1157 0.824303
1159 0.825291
1160 0.821031
1163 0.816748
1161 0.818848
1164 0.813989
1162 0.816521
1165 0.813656
1166 0.819577
1167 0.818449
1168 0.820851
1169 0.819922
1171 0.82071
1170 0.820095
1173 0.820377
1174 0.819828
1172 0.820365
1176 0.817755
1178 0.818323
1175 0.81772
1177 0.817379
1179 0.818739
1182 0.824131
1180 0.819044
1184 0.826545
1181 0.819887
1183 0.827062
1186 0.848227
1185 0.840966
1187 0.847682
1188 0.848219
1189 0.845041
1191 0.841318
1194 0.843282
1190 0.843634
1192 0.840672
1193 0.842318
1197 0.848447
1196 0.84704
1198 0.850382
1199 0.852973
1195 0.842772
1200 0.851237
1201 0.853666
1204 0.857965
1202 0.855203
1203 0.860708
1208 0.841891
1205 0.84702
1207 0.843435
1206 0.842792
1209 0.847259
1210 0.841832
1211 0.841166
1213 0.84479
1212 0.845825
1214 0.843395
1215 0.848521
1217 0.847667
1218 0.849991
1219 0.849834
1216 0.848897
1221 0.851413
1222 0.850947
1223 0.853412
1224 0.853298
1220 0.846687
1226 0.856041
1227 0.848615
1225 0.852561
1228 0.848815
1229 0.847773
1230 0.847165
1232 0.844583
1231 0.846785
1234 0.84501
1233 0.842224
1236 0.838967
1237 0.841616
1239 0.838325
1235 0.839253
1238 0.840155
1240 0.839026
1243 0.838873
1244 0.8422
1242 0.84068
1241 0.838485
1247 0.84693
1245 0.84122
1249 0.842882
1248 0.843525
1246 0.846256
1250 0.839857
1251 0.840064
1252 0.840476
1253 0.843301
1254 0.8449
1256 0.842635
1255 0.842815
1257 0.841267
1258 0.839876
1259 0.840386
1262 0.85021
1260 0.848184
1261 0.847769
1263 0.852483
1264 0.850943
1267 0.847792
1268 0.849195
1265 0.853227
1266 0.847835
1269 0.845923
1271 0.849387
1270 0.846456
1273 0.846119
1272 0.846358
1274 0.842847
1275 0.841377
1276 0.842263
1277 0.840684
1278 0.837729
1279 0.838309
1283 0.831823
1280 0.837686
1284 0.831533
1281 0.838234
1282 0.837525
1286 0.839394
1289 0.839586
1287 0.8403
1285 0.84019
1288 0.839543
1290 0.839163
1291 0.837396
1292 0.836733
1294 0.838321
1293 0.838469
1295 0.837752
1296 0.832838
1298 0.83283
1299 0.83345
1297 0.831906
1300 0.834041
1301 0.835574
1304 0.83863
1302 0.838156
1303 0.837341
1305 0.839696
1306 0.836937
1307 0.835299
1309 0.83497
1308 0.834896
1310 0.833904
1311 0.830499
1313 0.827697
1312 0.826439
1314 0.827093
1316 0.824311
1315 0.825632
1319 0.824331
1318 0.823904
1317 0.824476
1320 0.824515
1324 0.822156
1322 0.823335
1323 0.822673
1321 0.824918
1328 0.820126
1326 0.820008
1325 0.819366
1329 0.821423
1327 0.819358
1330 0.81888
1331 0.816979
1333 0.817332
1334 0.816826
1332 0.816905
1337 0.817489
1338 0.818182
1336 0.818359
1335 0.821286
1339 0.817998
1341 0.816779
1343 0.815749
1340 0.817034
1342 0.816442
1344 0.816893
1347 0.811802
1345 0.810862
1348 0.811889
1346 0.811532
1349 0.812092
1352 0.812124
1350 0.812692
1351 0.813009
1354 0.812179
1353 0.812594
1355 0.811657
1358 0.812661
1356 0.811998
1357 0.813217
1359 0.813237
1362 0.815153
1360 0.815318
1361 0.815231
1363 0.81569
1364 0.815811
1365 0.815851
1366 0.815984
1368 0.817982
1367 0.816952
1369 0.817418
1373 0.820502
1370 0.817959
1374 0.820643
1372 0.819119
1371 0.819174
1376 0.819377
1375 0.821141
1378 0.819366
1377 0.819515
1379 0.819844
1380 0.819613
1381 0.819942
1383 0.820851
1384 0.821352
1382 0.820357
1385 0.818848
1386 0.81828
1387 0.8185
1389 0.820098
1388 0.819424
1390 0.820526
1393 0.822316
1392 0.821807
1391 0.82107
1394 0.822681
1398 0.823292
1396 0.823088
1397 0.823476
1399 0.824013
1395 0.82301
1401 0.819906
1404 0.827501
1400 0.819264
1402 0.826815
1403 0.827325
1405 0.827775
1408 0.82957
1406 0.82785
1407 0.828716
1409 0.829825
1411 0.832729
1410 0.833026
1412 0.832501
1414 0.832164
1413 0.832983
1415 0.832858
1417 0.833896
1416 0.833144
1418 0.833618
1419 0.836467
1421 0.837987
1420 0.837603
1424 0.838634
1423 0.838658
1422 0.838258
1429 0.838493
1428 0.838771
1425 0.838556
1426 0.837168
1427 0.83789
1430 0.840108
1431 0.840382
1433 0.842831
1432 0.840934
1434 0.843509
1436 0.848341
1435 0.8476
1438 0.849524
1439 0.851429
1437 0.848411
1441 0.852499
1440 0.850288
1443 0.85349
1442 0.852855
1444 0.852695
1446 0.85659
1448 0.860105
1445 0.85485
1447 0.857977
1449 0.86315
1451 0.867817
1452 0.868558
1453 0.870885
1450 0.864752
1454 0.873577
1455 0.875223
1457 0.867985
1456 0.876842
1458 0.870913
1459 0.883041
1460 0.877912
1462 0.881407
1463 0.884131
1461 0.880102
1464 0.885871
1466 0.891815
1465 0.888332
1467 0.894065
1468 0.898716
1469 0.899065
1470 0.904884
1471 0.904469
1472 0.90787
1474 0.914105
1473 0.914086
1476 0.926778
1475 0.917824
1478 0.921465
1479 0.923526
1477 0.920732
1480 0.921754
1484 0.927421
1481 0.922472
1483 0.92487
1482 0.923867
1485 0.943821
1488 0.94192
1489 0.934702
1487 0.946932
1486 0.943347
1491 0.937406
1490 0.937296
1493 0.94109
1494 0.938664
1492 0.937167
1495 0.943245
1497 0.949632
1499 0.953477
1496 0.945396
1498 0.950679
1502 0.94957
1500 0.949527
1501 0.95042
1504 0.948692
1503 0.950498
1505 0.944969
1507 0.942265
1506 0.943202
1509 0.935995
1508 0.941818
1511 0.959339
1510 0.938186
1512 0.946576
1513 0.945914
1514 0.940925
1519 0.941744
1517 0.950718
1518 0.947081
1515 0.938687
1516 0.947144
1521 0.933577
1520 0.933444
1522 0.946964
1524 0.948668
1523 0.955064
1526 0.943025
1527 0.947904
1525 0.946944
1529 0.947994
1528 0.947681
1531 0.951944
1530 0.953704
1533 0.925207
1534 0.926594
1532 0.9288
1536 0.896302
1535 0.908023
1537 0.904136
1538 0.898959
1539 0.893206
1540 0.892634
1542 0.885522
1541 0.901452
1543 0.904649
1544 0.873903
1548 0.882293
1547 0.894472
1545 0.869349
1549 0.876948
1546 0.863945
1550 0.855159
1553 0.850574
1551 0.856978
1554 0.848094
1552 0.846162
1557 0.854023
1558 0.849995
1555 0.849172
1559 0.849814
1556 0.853713
1560 0.843199
1561 0.845633
1562 0.852185
1564 0.847792
1563 0.847451
1565 0.85019
1567 0.853416
1566 0.850676
1568 0.854168
1569 0.8559
1571 0.858412
1570 0.855516
1572 0.860332
1573 0.864858
1574 0.869729
1576 0.874248
1575 0.879495
1577 0.877818
1578 0.905378
1579 0.883472
1582 0.899461
1581 0.895052
1580 0.89205
1583 0.901087
1584 0.901534
1585 0.89756
1586 0.901781
1588 0.893332
1587 0.891384
1589 0.888218
1590 0.877923
1593 0.88203
1591 0.87607
1592 0.880835
1594 0.882841
1595 0.884472
1599 0.883061
1596 0.88877
1597 0.887007
1598 0.885506
1600 0.887062
1602 0.890679
1603 0.893928
1604 0.902498
1601 0.888708
1606 0.905292
1605 0.907424
1608 0.899112
1609 0.897725
1607 0.913937
1613 0.90356
1610 0.89283
1612 0.906957
1611 0.905754
1614 0.898117
1615 0.8972
1616 0.898814
1617 0.897952
1619 0.89805
1618 0.897063
1620 0.897106
1622 0.892117
1624 0.889354
1623 0.89294
1621 0.897627
1626 0.855054
1625 0.856582
1627 0.856425
1628 0.855751
1629 0.853533
1631 0.862856
1630 0.850763
1633 0.877496
1634 0.902184
1632 0.869631
1635 0.867402
1636 0.888606
1637 0.894602
1638 0.897666
1639 0.902043
1640 0.902619
1643 0.902749
1641 0.903591
1642 0.900217
1644 0.9099
1648 0.875408
1649 0.872986
1645 0.913886
1647 0.879362
1646 0.915665
1650 0.844955
1653 0.876328
1651 0.843736
1652 0.863428
1654 0.864658
1656 0.871665
1657 0.873742
1655 0.862676
1659 0.867715
1658 0.874926
1661 0.873397
1660 0.869784
1664 0.880326
1662 0.887869
1663 0.86797
1665 0.888759
1666 0.892266
1668 0.891615
1667 0.891733
1669 0.895554
1672 0.892956
1670 0.896526
1671 0.900362
1673 0.882536
1674 0.890824
1675 0.891149
1679 0.897772
1677 0.89952
1678 0.892133
1676 0.89466
1680 0.898328
1681 0.905441
1683 0.899429
1684 0.878899
1682 0.893508
1685 0.843403
1686 0.884154
1688 0.838591
1687 0.901644
1689 0.830691
1690 0.818429
1691 0.813887
1692 0.814561
1693 0.814479
1694 0.827897
1695 0.830687
1696 0.825216
1698 0.832149
1697 0.826662
1699 0.830695
1700 0.831032
1701 0.82638
1702 0.831091
1703 0.831267
1704 0.802531
1708 0.797284
1707 0.798788
1705 0.804788
1706 0.806673
1709 0.785661
1710 0.832662
1711 0.825291
1713 0.826412
1714 0.836118
1712 0.836914
1715 0.820769
1716 0.814624
1717 0.817712
1718 0.820318
1719 0.823943
1720 0.825303
1722 0.819969
1721 0.823629
1723 0.818864
1724 0.817943
1725 0.81181
1727 0.809643
1726 0.815886
1728 0.810266
1729 0.813789
1730 0.792358
1731 0.778536
1733 0.767172
1732 0.78878
1734 0.779445
1735 0.762368
1738 0.735501
1737 0.766647
1736 0.772012
1739 0.737225
1740 0.728639
1742 0.72606
1741 0.729066
1743 0.706627
1744 0.702234
1745 0.699531
1748 0.682033
1746 0.692782
1747 0.672597
1749 0.659583
1751 0.663435
1750 0.658086
1752 0.655825
1754 0.653317
1753 0.656115
1755 0.590323
1756 0.590452
1757 0.583414
1758 0.58495
1759 0.584394
1760 0.566728
1761 0.572665
1763 0.588289
1764 0.587905
1762 0.576584
1765 0.585448
1767 0.590844
1766 0.589257
1769 0.597193
1768 0.593192
1770 0.599309
1772 0.608048
1771 0.605759
1773 0.607511
1774 0.606496
1777 0.604054
1775 0.612585
1778 0.599324
1779 0.596303
1776 0.606045
1780 0.59153
1783 0.571874
1781 0.584414
1782 0.575816
1784 0.562049
1786 0.545485
1785 0.55188
1787 0.539074
1788 0.533885
1789 0.52865
1790 0.52238
1793 0.515087
1791 0.523716
1792 0.521063
1794 0.498331
1795 0.492002
1796 0.498985
1798 0.479771
1799 0.476668
1797 0.482726
1801 0.470296
1800 0.475304
1804 0.47445
1802 0.470037
1803 0.472667
1805 0.477048
1807 0.476245
1808 0.477134
1806 0.474579
1809 0.480391
1810 0.468521
1811 0.465456
1812 0.470997
1813 0.473733
1814 0.471456
1815 0.467075
1818 0.440721
1817 0.452097
1816 0.465452
1819 0.443112
1820 0.436336
1821 0.435211
1824 0.428122
1823 0.43056
1822 0.430677
1827 0.453293
1826 0.450632
1825 0.4263
1828 0.453743
1829 0.440753
1832 0.43
1830 0.433475
1834 0.4296
1833 0.429929
1831 0.432993
1835 0.425168
1839 0.383849
1838 0.422374
1837 0.426477
1836 0.42465
1840 0.375455
1841 0.369118
1842 0.365321
1843 0.363126
1844 0.355316
1845 0.344771
1846 0.340221
1847 0.334014
1848 0.327458
1849 0.325353
1852 0.309941
1850 0.318696
1851 0.313147
1853 0.305078
1854 0.295501
1855 0.291492
1859 0.284497
1857 0.28532
1858 0.285543
1856 0.28617
1862 0.272286
1860 0.274288
1861 0.271902
1864 0.259186
1863 0.261646
1865 0.25308
1868 0.244204
1866 0.245274
1867 0.243546
1869 0.246442
1870 0.247849
1873 0.248832
1872 0.247774
1874 0.256964
1871 0.25123
1875 0.265287
1878 0.274665
1876 0.264746
1877 0.267489
1879 0.283505
1880 0.291903
1881 0.29822
1883 0.302562
1882 0.301716
1884 0.311665
1886 0.31219
1885 0.309773
1887 0.324609
1888 0.334664
1889 0.341354
1890 0.350665
1892 0.369996
1891 0.361602
1893 0.378688
1894 0.391682
1895 0.388857
1896 0.394253
1898 0.405398
1899 0.40048
1897 0.394308
1900 0.421723
1901 0.423248
1902 0.443935
1903 0.452568
1904 0.467627
1907 0.506094
1905 0.486398
1909 0.525668
1906 0.492339
1908 0.519833
1912 0.518645
1911 0.51946
1910 0.517458
1913 0.513955
1914 0.511035
1915 0.506952
1916 0.501681
1917 0.497633
1918 0.49855
1919 0.495356
1920 0.493311
1921 0.490826
1922 0.49085
1924 0.473654
1923 0.490477
1925 0.468971
1926 0.466299
1929 0.456192
1927 0.464014
1928 0.457051
1930 0.452709
1933 0.434193
1931 0.447865
1934 0.426022
1932 0.434698
1935 0.416194
1937 0.402321
1936 0.413427
1938 0.386407
1939 0.385553
1943 0.36663
1940 0.390648
1941 0.372034
1942 0.37154
1944 0.362025
1945 0.359674
1947 0.341906
1946 0.347028
1949 0.32861
1948 0.33941
1951 0.316238
1950 0.319597
1952 0.304992
1953 0.295728
1954 0.291676
1955 0.268014
1956 0.259875
1959 0.216232
1957 0.251517
1958 0.241061
1961 0.214755
1960 0.223552
1963 0.180329
1962 0.179772
1964 0.16813
1965 0.154876
1966 0.156707
1968 0.139856
1967 0.143038
1969 0.136619
1970 0.123405
1972 0.108106
1973 0.0999318
1971 0.112491
1974 0.09211
1976 0.0808985
1978 0.0753927
1975 0.0891318
1977 0.0769288
1979 0.0715954
1980 0.0694793
1981 0.0690952
1982 0.0699613
1984 0.0694714
1983 0.0696831
1986 0.066309
1985 0.0661915
1988 0.0657917
1987 0.0661993
1989 0.0657643
1990 0.0657878
1991 0.0661875
1992 0.0666304
1993 0.0668655
1994 0.0673749
1996 0.0672534
1995 0.0674376
1997 0.0660935
1999 0.067418
1998 0.0671947
2000 0.0676022
2002 0.080103
2001 0.0754945
2003 0.0921923
2004 0.110904
2005 0.119204
2006 0.136584
2007 0.154833
2008 0.165069
2009 0.185411
2012 0.237084
2011 0.215801
2013 0.255333
2014 0.252645
2010 0.203849
2016 0.281056
2015 0.265824
2017 0.289975
2018 0.309706
2019 0.322403
2021 0.328477
2020 0.32437
2023 0.345696
2022 0.340562
2024 0.353404
2026 0.383461
2025 0.370721
2028 0.413149
2027 0.395926
2029 0.423494
2032 0.430141
2030 2031 0.436912
0.437042
2034 0.422687
2033 0.42255
2037 0.419607
2035 0.455895
2038 0.421884
2039 0.423122
2036 0.434976
2040 0.416276
2041 0.410037
2042 0.399183
2043 0.390307
2044 0.385381
2045 0.378887
2048 0.365105
2046 0.368491
2049 0.362554
2047 0.367547
2050 0.361186
2051 0.351002
2054 0.336259
2052 0.35313
2053 0.347165
2055 0.330009
2057 0.266858
2056 0.327767
2059 0.250964
2058 0.269774
2063 0.191325
2060 0.214618
2061 0.205718
2062 0.204076
2064 0.182488
2065 0.197277
2068 0.179459
2066 0.171586
2067 0.185643
2069 0.150221
2070 0.141851
2072 0.132955
2074 0.122006
2073 0.128766
2071 0.137152
2075 0.115046
2076 0.111006
2077 0.109329
2079 0.0968674
2078 0.103345
2080 0.0940145
2081 0.0877759
2083 0.080683
2082 0.0823053
2084 0.0759844
2086 0.0733667
2085 0.0729748
2087 0.0729944
2088 0.073159
2089 0.0727318
2090 0.0724497
2091 0.0725398
2092 0.072771
2093 0.0726613
2094 0.0729317
2095 0.0731433
2096 0.0737468
2098 0.0731982
2097 0.073112
2099 0.07359
2100 0.0780456
2103 0.099344
2104 0.0983526
2102 0.0911186
2101 0.0838963
2108 0.131505
2105 0.10612
2107 0.120975
2106 0.12067
2109 0.142297
2110 0.144221
2111 0.156209
2113 0.17467
2112 0.169176
2114 0.187331
2115 0.199758
2118 0.23237
2117 0.219716
2119 0.243146
2116 0.206729
2120 0.256196
2122 0.276052
2123 0.29041
2121 0.267415
2124 0.303992
2126 0.324052
2128 0.340868
2125 0.308895
2127 0.334676
2129 0.351064
2130 0.359968
2131 0.36601
2134 0.382379
2133 0.380514
2132 0.372367
2135 0.388343
2137 0.390166
2139 0.400213
2138 0.391635
2136 0.394073
2140 0.403039
2141 0.398007
2142 0.401765
2143 0.401836
2144 0.4047
2145 0.404963
2149 0.399155
2147 0.402937
2148 0.400523
2146 0.403215
2150 0.394221
2152 0.377978
2151 0.379201
2154 0.359936
2153 0.367025
2155 0.362766
2157 0.376665
2156 0.362644
2159 0.376227
2158 0.373691
2163 0.368542
2160 0.369196
2161 0.369702
2164 0.370364
2162 0.367891
2167 0.358827
2166 0.359713
2165 0.365066
2169 0.351691
2168 0.35166
2171 0.348607
2170 0.35376
2172 0.343407
2173 0.341612
2174 0.333508
2175 0.319926
2176 0.309345
2178 0.277894
2177 0.297139
2179 0.267928
2180 0.256689
2181 0.243346
2183 0.228239
2182 0.238126
2184 0.215217
2185 0.201678
2188 0.179604
2187 0.183907
2186 0.191693
2189 0.168514
2191 0.154716
2192 0.144327
2190 0.159438
2194 0.129463
2193 0.134005
2196 0.113965
2195 0.121344
2197 0.111943
2198 0.102824
2199 0.0969653
2200 0.0954135
2201 0.0905621
2203 0.081788
2202 0.0845782
2204 0.0768308
2205 0.0749655
2206 0.0753652
2208 2207 0.0722616
2209 0.07118
0.0736096
2210 0.0679941
2211 0.0655174
2212 0.064334
2214 0.0592474
2213 0.0617476
2215 0.0578602
2216 0.0570098
2219 0.0565631
2218 0.0558225
2217 0.0565435
2221 0.0567199
2220 0.0565278
2224 0.0589026
2222 0.0568727
2223 0.0574879
2227 0.0583696
2225 0.0583226
2226 0.0580209
2229 0.0587341
2228 0.0591064
2233 0.0594355
2230 0.0585303
2232 0.0591299
2231 0.0590123
2234 0.0600625
2235 0.056665
2239 0.059126
2238 0.0582913
2236 0.0577544
2237 0.0577505
2240 0.0590946
2243 0.0584559
2241 0.0585813
2242 0.0591299
2244 0.0595492
2245 0.0598431
2246 0.0600978
2247 0.0596197
2249 0.0606974
2248 0.0592161
2250 0.0605093
2251 0.0609991
2252 0.0616222
2254 0.0625157
2253 0.0619827
2257 0.0638402
2255 0.0637932
2259 0.0647141
2258 0.063946
2256 0.0633582
2260 0.0615438
2261 0.0621081
2263 0.0645965
2264 0.0648121
2262 0.0641851
2265 0.0648904
2267 0.0704355
2268 0.0779947
2266 0.0658388
2269 0.0837317
2273 0.112754
2270 0.0877132
2274 0.11556
2271 0.0994224
2272 0.105508
2275 0.122081
2276 0.130098
2277 0.133923
2278 0.136533
2279 0.139245
2281 0.143293
2284 0.147372
2282 0.145154
2280 0.142427
2283 0.146412
2285 0.146385
2288 0.151404
2286 0.148603
2287 0.149841
2289 0.152831
2291 0.156828
2292 0.156883
2290 0.154112
2294 0.157094
2293 0.156883
2295 0.155637
2298 0.161856
2296 0.157243
2297 0.158031
2299 0.164352
2300 0.165242
2303 0.173095
2302 0.16947
2304 0.174697
2301 0.168141
2305 0.176108
2306 0.177139
2308 0.177546
2307 0.176978
2309 0.178436
2310 0.177264
2311 23120.177115
 0.173377
2313 0.171523
2314 0.17108
2315 0.16813
2316 0.163357
2319 0.154026
2318 0.156072
2317 0.161233
2321 0.151616
2320 0.153011
2323 0.14198
2322 0.146279
2324 0.135784
2326 0.131544
2327 0.125662
2325 0.129154
2328 0.124365
2329 0.12317
2331 0.119377
2332 0.118158
2330 0.122903
2334 0.11315
2333 0.115983
2335 0.10675
2337 0.0992539
2336 0.103592
2338 0.0960836
2339 0.0927096
2343 0.0862554
2342 0.0882971
2340 0.091385
2344 0.0860124
2341 0.0907463
2347 0.0822073
2349 0.0757062
2346 0.0835867
2348 0.0793075
2345 0.0841236
2351 0.074844
2352 0.0758159
2353 0.0760471
2350 0.0755455
2354 0.075667
2357 0.0722302
2355 0.0737076
2358 0.0711095
2359 0.070455
2356 0.0726809
2360 0.0663364
2361 0.0671359
2362 0.0673122
2363 0.0654195
2364 0.0658309
2366 0.0670144
2365 0.065972
2367 0.0676414
2368 0.067708
2369 0.0697653
2372 0.0712937
2370 0.0698555
2371 0.0702434
2374 0.0718344
2373 0.0721558
2376 0.070459
2377 0.0703061
2375 0.0708979
2379 0.0693696
2378 0.070941
2380 0.0688444
2381 0.0685309
2384 0.0770072
2383 0.0686759
2382 0.0678373
2388 0.109995
2385 0.0843117
2386 0.0901506
2389 0.112103
2387 0.0998887
2391 0.123182
2390 0.119753
2392 0.125027
2393 0.127285
2394 0.130404
2395 0.131787
2398 0.130239
2397 0.130949
2399 0.130122
2396 0.131004
2400 0.13192
2403 0.135616
2401 0.132222
2404 0.137364
2402 0.134201
2407 0.141502
2405 0.139468
2406 0.140796
2409 0.14642
2408 0.144225
2412 0.152388
2410 2411 0.147129
0.14952
2413 0.150793
2414 0.147274
2415 0.140436
2416 0.13736
2418 0.117331
2417 0.119866
2419 0.117045
2421 0.105786
2420 0.111668
2424 0.0904759
2423 0.0959033
2422 0.102781
2426 0.0809886
2425 0.0876426
2427 0.0748205
2429 0.0658466
2428 0.0714739
2431 0.0587027
2430 0.0609521
2433 0.0602036
2434 0.063993
2432 0.0554619
2436 0.0749812
2435 0.0701455
2438 0.0852209
2437 0.0804831
2439 0.0881442
2440 0.0898254
2442 0.0933052
2441 0.0917456
2444 0.0965617
2443 0.0944965
2445 0.0971848
2447 0.0995399
2446 0.0982546
2449 0.100578
2448 0.101029
2451 0.104062
2450 0.103682
2453 0.102996
2454 0.104199
2452 0.104689
2455 0.105814
2457 0.103455
2458 0.106104
2459 0.10929
2456 0.10284
2460 0.113111
2463 0.11699
2461 0.115724
2464 0.113028
2462 0.118107
2465 0.107667
2467 0.0987405
2468 0.0941791
2466 0.100618
2469 0.0896138
2472 0.0799462
2474 0.0743385
2470 0.0886811
2471 0.0851973
2473 0.077834
2475 0.0722459
2477 0.0692716
2479 0.0691501
2478 0.0686524
2476 0.0714191
2481 0.0659955
2480 0.0678491
2483 0.0657565
2484 0.0665206
2482 0.0650746
2486 0.065972
2485 0.0651452
2487 0.0670301
2488 0.0674572
2489 0.0683115
2492 0.0699691
2490 0.0692246
2491 0.0695028
2493 0.0707254
2494 0.0703884
2498 0.0726495
2495 0.0712427
2499 0.0734686
2497 0.072195
2496 0.0716816
2500 0.074025
2502 0.0744639
2501 0.0745501
2503 0.0752555
2504 0.0755259
2508 0.0780025
2505 0.075377
2506 0.0757767
2507 0.0756121
2509 0.0807848
2510 0.0846997
2513 0.103796
2511 0.0908247
2514 0.11159
2512 0.0952646
2515 0.114267
2516 0.120164
2517 0.122374
2518 0.123331
2519 0.125188
2522 0.128017
2520 0.125462
2523 0.128656
2524 0.129028
2521 0.125839
2527 0.133449
2525 0.130373
2526 0.132598
2528 0.135377
2529 0.137254
2530 0.138136
2531 0.139691
2533 0.141615
2534 0.142956
2532 0.141173
2538 0.147725
2535 0.143011
2539 0.14843
2537 0.145566
2536 0.14401
2540 0.148038
2541 0.149194
2544 0.154426
2542 0.149778
2543 0.151483
2548 0.159987
2545 0.155237
2547 0.158599
2546 0.155864
2549 0.158999
2551 0.154351
2550 0.155856
2553 0.146996
2554 0.141184
2552 0.150295
2556 0.131901
2555 0.135424
2558 0.12174
2557 0.129021
2559 0.114674
2561 0.103278
2563 0.0915418
2560 0.110356
2564 0.0847193
2562 0.0955311
2565 0.0785198
2569 0.0614615
2568 0.0639695
2566 0.0746207
2567 0.0690286
2572 0.0547801
2570 2571 0.0576643
0.0548702
2573 0.0538239
2574 0.0526757
2575 0.0525738
2577 0.0526287
2579 0.052613
2576 0.0526404
2578 0.0526209
2583 0.0525582
2580 0.052711
2581 0.052515
2582 0.0524406
2584 0.0524563
2585 0.0505518
2586 0.0512375
2588 0.0516568
2587 0.05141
2589 0.0514727
2590 0.0519468
2592 0.0521232
2593 0.0525386
2591 0.0521114
2594 0.0527698
2596 0.0528873
2595 0.0528325
2597 0.0531146
2599 0.0529304
2598 0.0528481
2600 0.0529344
2602 0.0530402
2604 0.0529971
2601 0.0529461
2603 0.0530049
2605 0.0530441
2607 0.0532831
2609 0.0533733
2608 0.0533223
2606 0.0532165
2613 0.0519939
2610 0.0519468
2611 0.0518645
2612 0.0521388
2614 0.0520683
2615 0.051794
2617 0.0520252
2616 0.0518018
2619 0.051939
2618 0.0519625
2620 0.0520605
2621 0.0522329
2624 0.0522055
2623 0.0523152
2622 0.0522486
2626 0.0593807
2628 0.0726182
2625 0.0562731
2627 0.066117
2629 0.0759687
2630 0.0778301
2632 0.0848603
2633 0.0875917
2634 0.089218
2631 0.0832419
2635 0.087
2636 0.0871019
2639 0.102467
2638 0.0930035
2637 0.0899194
2640 0.11152
2643 0.139162
2642 0.125533
2641 0.116195
2644 0.146968
2645 0.160931
2648 0.19292
2646 0.173099
2649 0.20321
2647 0.178769
2650 0.206251
2651 0.214802
2652 0.22222
2654 0.225402
2653 0.223023
2658 0.246936
2656 0.232193
2657 0.24181
2655 0.22802
2659 0.250071
2660 0.259687
2661 0.262422
2663 0.262383
2662 0.258464
2664 0.263085
2666 0.257167
2669 0.25002
2668 0.248879
2665 0.260248
2667 0.252085
2670 0.25223
2673 0.241955
2671 0.244874
2672 0.238777
2674 0.254973
2678 0.262959
2675 0.252825
2676 0.260067
2679 0.262379
2677 0.261004
2680 0.25973
2682 26810.24496
 0.249589
2683 0.242002
2684 0.239267
2688 0.226582
2685 0.234121
2686 0.233032
2687 0.230108
2689 0.223968
2690 0.214563
2691 0.212619
2693 0.192665
2692 0.200463
2694 0.194985
2695 0.192598
2699 0.170602
2698 0.176398
2697 0.179878
2696 0.186399
2702 0.154136
2700 0.163972
2703 0.147157
2704 0.14379
2701 0.160253
2705 0.137689
2706 0.131368
2707 0.127955
2708 0.121853
2709 0.116532
2710 0.113408
2713 0.113103
2711 0.111527
2714 0.113483
2712 0.112707
2716 0.114137
2715 0.114357
2718 0.114173
2719 0.113604
2717 0.114396
2720 0.113973
2723 0.115783
2721 0.11458
2722 0.115066
2724 0.116073
2725 0.116218
2726 0.116974
2727 0.117848
2728 0.118569
2729 0.122617
2732 0.137364
2730 0.127743
2733 0.142705
2731 0.131219
2734 0.144327
2737 0.150472
2735 0.145087
2736 0.15055
2738 0.155366
2739 0.158505
2741 0.158736
2740 0.159783
2744 0.163956
2743 0.163341
2742 0.162342
2745 0.16387
2746 0.163345
2748 0.167416
2747 0.164332
2749 0.167663
2750 0.169936
2751 0.172287
2753 0.174074
2752 0.17282
2754 0.176085
2756 0.177734
2758 0.178718
2755 0.176053
2759 0.179698
2757 0.177891
2760 0.176104
2762 0.178679
2763 0.17971
2761 0.17701
2764 0.180811
2768 0.186556
2765 0.181065
2766 0.182206
2767 0.18335
2769 0.186849
2770 0.187398
2772 0.187359
2771 0.186336
2773 0.18768
2774 0.188601
2775 0.189667
2776 0.189538
2777 0.191113
2778 0.192289
2779 0.192967
2780 0.194593
2782 0.19707
2784 0.199934
2783 0.19839
2781 0.196098
2788 0.200679
2785 2786 0.197207
0.198723
2787 0.198723
2789 0.202223
2790 0.202301
2791 0.20285
2793 0.204119
2792 0.203673
2794 0.204703
2796 0.204182
2795 0.205358
2797 0.204938
2798 0.204503
2799 0.205095
2800 0.205738
2801 0.205115
2802 0.205424
2804 0.205221
2803 0.20542
2805 0.206659
2808 0.206996
2806 0.205366
2807 0.207098
2809 0.206988
2810 0.206004
2811 0.207192
2814 0.209437
2813 0.209128
2812 0.207936
2815 0.210095
2816 0.210335
2817 0.211549
2819 0.211765
2818 0.211385
2820 0.213842
2821 0.213712
2823 0.212466
2824 0.21294
2822 0.212745
2826 0.211898
2827 0.211745
2825 0.212392
2828 0.210397
2829 0.210797
2830 0.210448
2832 0.210362
2834 0.210432
2833 0.210005
2831 0.210624
2836 0.205644
2838 0.206929
2837 0.207141
2835 0.205319
2839 0.207023
2841 0.208689
2842 0.209077
2840 0.207442
2843 0.208316
2844 0.208497
2846 0.209135
2845 0.208391
2848 0.209269
2847 0.209398
2849 0.20977
2851 0.211118
2850 0.210879
2852 0.212964
2853 0.214731
2854 0.215887
2856 0.216271
2855 0.215805
2857 0.216397
2859 0.212643
2858 0.214332
2860 0.207505
2862 0.207051
2861 0.207219
2863 0.207262
2864 0.208222
2865 0.209378
2868 0.211784
2867 0.21093
2869 0.21345
2866 0.209445
2870 0.215096
2871 0.217663
2872 0.217086
2873 0.215401
2874 0.215503
2875 0.214402
2876 0.212592
2877 0.212294
2878 0.211522
2879 0.212435
2880 0.214469
2882 0.21827
2881 0.215887
2883 0.221338
2884 0.22329
2885 0.224454
2887 0.229223
2886 0.227683
2888 0.229517
2889 0.230187
2890 0.231539
2891 0.231747
2892 0.230673
2893 0.229862
2894 0.22695
2897 0.228878
2895 0.227213
2898 0.230018
2896 0.22851
2899 0.231061
2900 0.231037
2902 0.231088
2901 0.231206
2904 0.229572
2903 0.23032
2905 0.230054
2908 0.232005
2906 0.230814
2907 0.23159
2909 0.231621
2910 0.226503
2913 0.228572
2911 0.226997
2914 0.22849
2912 0.227154
2917 0.227973
2916 0.228345
2918 0.22733
2919 0.227695
2915 0.228392
2921 0.228858
2922 0.229148
2923 0.229301
2920 0.227887
2924 0.229505
2925 0.228992
2928 0.230022
2926 0.228286
2927 0.22927
2929 0.23034
2930 0.233224
2932 0.234458
2934 0.237315
2931 0.233957
2933 0.237021
2937 0.233639
2935 0.234897
2936 0.233048
2938 0.233643
2939 0.239925
2941 0.240713
2943 0.240634
2940 0.239948
2944 0.242233
2942 0.240861
2945 0.245207
2947 0.255451
2946 0.251524
2948 0.259809
2949 0.264241
2950 0.26667
2951 0.272255
2952 0.273332
2953 0.274739
2954 0.281252
2958 0.298208
2955 0.283635
2956 0.286491
2959 0.303761
2957 0.291868
2960 0.305576
2963 0.321548
2961 0.311258
2962 0.314553
2964 0.327807
2965 0.331091
2966 0.338485
2967 0.344461
2968 0.34994
2969 0.357087
2972 0.370881
2974 0.379064
2971 0.365603
2973 0.376744
2970 0.362323
2975 0.384656
2976 0.392964
2977 0.395225
2979 0.404865
2978 0.400115
2980 0.405648
2982 0.415375
2984 0.422679
2981 0.410041
2983 0.418721
2986 0.437672
2985 0.435846
2987 0.441219
2989 0.450663
2988 0.445
2990 0.457513
2992 0.469563
2993 0.475347
2991 0.4614
2994 0.490039
2996 0.495493
2995 0.491767
2997 0.505259
2999 0.5193
2998 0.511815
3000 0.526988
3001 0.528591
3003 0.544874
3004 0.550074
3002 0.537114
3005 0.55554
3007 0.564702
3008 0.571979
3006 0.562524
3009 0.585001
3010 0.593195
3013 0.610438
3011 0.624718
3014 0.627661
3012 0.631243
3015 0.641925
3017 0.658141
3016 0.670289
3019 0.668945
3018 0.666002
3020 0.674345
3021 0.682123
3023 0.690807
3024 0.694456
3022 0.684126
3025 0.697477
3028 0.751003
3026 0.700941
3027 0.70497
3029 0.755071
3031 0.740826
3034 0.771412
3030 0.739208
3032 0.746693
3033 0.749487
3036 0.760643
3038 0.763798
3037 0.782541
3039 0.740427
3035 0.779916
3040 0.739165
3042 0.734227
3041 0.735242
3043 0.734831
3044 0.732546
3045 0.732558
3047 0.732048
3048 0.732197
3049 0.750725
3046 0.731997
3050 0.750074
3051 0.730442
3052 0.729407
3054 0.728082
3053 0.729195
3057 0.725543
3055 0.727021
3056 0.723878
3058 0.726409
3059 0.729963
3060 0.729638
3064 0.755145
3061 0.751979
3062 0.752488
3063 0.754722
3065 0.758147
3069 0.75779
3067 0.757069
3066 0.758241
3068 0.756721
3070 0.758586
3073 0.761682
3072 0.761055
3071 0.760165
3074 0.76475
3075 0.765753
3076 0.765695
3079 0.762799
3077 0.764084
3078 0.762842
3080 0.759468
3082 0.765338
3081 0.760679
3084 0.771044
3083 0.769703
3085 0.780731
3086 0.777102
3088 0.78541
3087 0.786029
3089 0.781663
3090 0.785257
3091 0.78644
3093 0.787785
3092 0.786762
3094 0.787428
3095 0.786182
3096 0.785508
3098 0.785175
3097 0.785237
3099 0.785711
3100 0.786338
3102 0.787832
3101 0.787765
3104 0.788333
3103 0.787232
3106 0.78829
3105 0.78838
3109 0.787902
3108 0.788666
3107 0.788611
3110 0.788125
3111 0.787389
3112 0.788282
3113 0.788772
3114 0.788568
3115 0.789955
3117 0.786962
3119 0.788298
3116 0.788737
3118 0.786158
3120 0.789376
3121 0.791323
3123 0.790853
3122 0.790626
3124 0.790818
3125 0.790653
3126 0.790359
3127 0.790316
3129 0.788937
3128 0.790477
3131 0.789912
3133 0.790653
3130 0.788408
3134 0.78976
3132 0.791934
3135 0.774461
3137 0.773505
3138 0.793561
3136 0.773465
3139 0.793106
3141 0.772725
3143 0.77182
3140 0.771953
3142 0.772862
3144 0.769852
3146 0.777361
3147 0.797417
3145 0.768955
3148 0.787353
3149 0.797299
3152 0.796037
3150 0.786781
3151 0.787142
3154 0.795551
3153 0.795845
3155 0.794654
3159 0.790187
3156 0.79309
3157 0.791754
3158 0.790445
3160 0.768007
3164 0.771165
3161 0.770444
3162 0.771083
3163 0.770021
3166 0.77102
3165 0.771322
3169 0.771157
3167 0.77113
3168 0.7716
3170 0.771102
3172 0.769637
3173 0.76979
3174 0.769378
3171 0.771067
3177 0.771776
3175 0.769425
3178 0.770765
3179 0.770456
3176 0.769939
3181 0.770056
3182 0.771004
3183 0.772588
3180 0.770903
3184 0.773896
3185 0.802104
3186 0.802958
3189 0.812273
3187 0.801496
3188 0.801477
3190 0.810415
3191 0.803256
3192 0.802919
3194 0.818315
3193 0.813817
3195 0.815404
3197 0.813386
3198 0.810917
3196 0.815239
3199 0.811669
3200 0.810168
3201 0.811324
3202 0.810012
3204 0.809914
3203 0.809878
3206 0.810262
3209 0.810517
3205 0.809941
3207 0.809796
3208 0.810882
3210 0.787471
3213 0.808883
3211 0.7878
3212 0.788133
3214 0.80969
3216 0.80953
3217 0.809596
3219 0.809079
3218 0.80962
3215 0.789779
3220 0.808299
3221 0.808644
3224 0.807856
3222 0.808283
3223 0.80815
3225 0.808581
3226 0.808566
3227 0.80933
3228 0.811019
3229 0.811258
3232 0.811117
3230 0.811438
3231 0.81114
3233 0.811281
3234 0.811144
3235 0.789532
3236 0.810956
3237 0.810854
3238 0.810019
3239 0.809929
3240 0.809185
3241 0.80978
3242 0.809216
3243 0.809518
3244 0.809439
3247 0.810309
3245 0.809847
3248 0.809867
3246 0.809843
3249 0.809232
3250 0.809506
3252 0.80949
3254 0.808401
3253 0.809616
3251 0.809882
3257 0.807194
3256 0.807229
3255 0.807331
3259 0.808973
3258 0.808628
3260 0.805564
3264 0.80795
3262 0.806011
3263 0.80786
3261 0.805391
3265 0.806434
3268 0.805172
3267 0.805082
3269 0.806226
3266 0.805227
3270 0.806661
3271 0.807476
3272 0.807053
3274 0.807954
3273 0.80766
3276 0.811128
3279 0.811759
3275 0.808315
3278 0.811175
3277 0.810838
3280 0.81174
3283 0.814365
3284 0.815169
3282 0.813872
3281 0.812132
3285 0.822066
3287 0.822089
3286 0.822528
3289 0.819174
3288 0.820867
3290 0.81897
3293 0.822164
3291 0.819475
3294 0.822136
3292 0.820028
3295 0.8212
3296 0.820545
3297 0.820953
3299 0.820106
3298 0.820612
3300 0.819483
3304 0.818919
3301 0.818617
3303 0.819299
3302 0.81915
3306 0.818982
3305 0.819413
3309 0.818268
3308 0.818002
3307 0.818989
3310 0.799764
3311 0.822383
3312 0.800904
3313 0.80045
3314 0.799063
3316 0.797287
3315 0.797593
3318 0.7957
3317 0.796394
3319 0.796143
3320 0.796911
3323 0.794928
3321 0.793608
3322 0.795261
3324 0.793968
3327 0.795442
3325 0.79487
3328 0.795156
3326 0.794924
3329 0.794681
3330 0.794133
3331 0.794439
3332 0.794141
3333 0.794435
3334 0.794172
3337 0.809596
3335 0.809882
3336 0.809561
3339 0.808703
3338 0.809271
3340 0.808726
3341 0.809349
3342 0.809106
3343 0.809059
3344 0.808922
3345 0.80797
3347 0.807088
3349 0.806779
3346 0.808217
3348 0.806736
3350 0.8067
3351 0.806736
3352 0.806512
3354 0.806692
3353 0.806442
3355 0.809702
3358 0.807284
3356 0.809573
3357 0.809984
3359 0.809588
3360 0.811744
3361 0.81098
3362 0.811058
3363 0.810807
3364 0.810717
3365 0.809796
3367 0.808103
3366 0.808374
3368 0.807233
3369 0.806238
3370 0.805967
3372 0.80534
3374 0.804322
3371 0.805705
3373 0.804878
3375 0.803828
3376 0.803883
3379 0.803456
3378 0.803722
3377 0.803377
3382 0.80306
3380 0.80333
3381 0.80326
3384 0.803718
3383 0.803855
3386 0.778113
3385 0.778991
3389 0.777478
3388 0.777392
3387 0.777843
3391 0.777176
3390 0.777157
3392 0.776546
3394 0.777188
3393 0.776318
3395 0.777321
3396 0.777435
3397 0.777882
3398 0.777945
3399 0.779077
3400 0.780041
3402 0.780417
3401 0.780174
3403 0.781064
3404 0.781389
3405 0.781083
3406 0.781475
3408 0.78095
3409 0.780304
3407 0.78117
3411 0.80063
3410 0.800893
3413 0.800078
3412 0.800842
3414 0.798914
3416 0.798581
3415 0.798886
3419 0.798592
3418 0.798361
3417 0.798538
3420 0.798185
3422 0.798118
3423 0.797813
3424 0.798573
3421 0.797836
3427 0.798244
3425 0.79936
3429 0.798459
3426 0.798585
3428 0.798514
3430 0.798475
3432 0.799929
3433 0.800187
3431 0.798553
3434 0.804663
3436 0.815678
3435 0.816728
3437 0.81625
3439 0.794552
3438 0.794971
3440 0.794971
3443 0.797393
3441 0.796715
3444 0.797213
3442 0.79686
3445 0.797005
3446 0.797852
3449 0.798902
3447 0.798322
3448 0.798334
3452 0.801555
3451 0.80114
3450 0.799886
3453 0.802209
3454 0.802174
3455 0.801704
3458 0.801665
3456 0.801692
3457 0.801798
3459 0.801567
3461 0.831631
3460 0.832282
3464 0.831114
3462 0.831275
3463 0.831318
3465 0.830761
3468 0.83004
3469 0.830691
3466 0.830534
3467 0.830718
3471 0.830342
3470 0.830107
3472 0.829946
3473 0.829782
3474 0.82959
3475 0.82955
3478 0.828916
3477 0.8291
3479 0.828955
3476 0.829856
3482 0.828896
3480 0.828743
3483 0.828845
3481 0.828461
3484 0.828771
3485 0.842557
3489 0.818264
3488 0.818523
3486 0.841652
3487 0.818366
3492 0.821772
3490 0.818633
3491 0.820502
3493 0.82415
3494 0.826169
3495 0.845127
3496 0.842761
3499 0.826404
3497 0.828285
3498 0.825894
3500 0.853149
3504 0.855504
3502 0.85525
3501 0.855967
3503 0.856488
3507 0.857311
3505 0.855457
3506 0.850469
3509 0.825859
3508 0.826733
3510 0.849736
3511 0.848878
3512 0.849246
3514 0.843615
3513 0.84691
3515 0.843787
3516 0.839606
3519 0.83845
3518 0.838505
3517 0.83816
3520 0.836494
3522 0.837392
3523 0.836984
3521 0.836126
3524 0.836075
3525 0.836169
3526 0.837529
3529 0.839563
3527 0.838454
3528 0.838932
3531 0.815745
3530 0.839759
3532 0.8156
3533 0.816093
3534 0.815721
3536 0.811226
3535 0.811783
3537 0.812143
3538 0.812116
3539 0.812445
3540 0.811556
3542 0.811148
3541 0.811305
3543 0.811183
3544 0.810047
3545 0.809565
3546 0.809534
3549 0.809514
3547 0.809722
3548 0.809667
3550 0.809349
3552 0.832274
3554 0.833105
3551 0.8322
3553 0.833195
3555 0.832944
3558 0.833105
3556 0.83283
3559 0.832501
3557 0.833273
3561 0.829648
3560 0.830126
3563 0.829903
3562 0.829864
3564 0.830025
3566 0.830174
3565 0.830083
3569 0.828806
3567 0.831263
3568 0.829476
3570 0.828504
3573 0.830542
3574 0.829684
3572 0.830013
3571 0.828955
3575 0.829609
3578 0.829954
3576 0.829378
3577 0.829609
3579 0.831639
3581 0.831
3580 0.830699
3582 0.830957
3583 0.830514
3584 0.830503
3585 0.830467
3588 0.830209
3586 0.830828
3587 0.830334
3589 0.828982
3590 0.828978
3592 0.829127
3593 0.829609
3591 0.828735
3594 0.823241
3595 0.82245
3596 0.822889
3597 0.821748
3599 0.821783
3598 0.821474
3601 0.821082
3600 0.821662
3602 0.821525
3604 0.822058
3603 0.821717
3606 0.822144
3605 0.822171
3608 0.823892
3607 0.822697
3609 0.822744
3611 0.824358
3612 0.823935
3610 0.823727
3613 0.825056
3614 0.824542
3618 0.825075
3616 0.825263
3615 0.824836
3617 0.824852
3619 0.829719
3620 0.828712
3623 0.830044
3624 0.827454
3622 0.829731
3621 0.830177
3625 0.827329
3628 0.828293
3626 0.826799
3627 0.82687
3629 0.829699
3630 0.830757
3631 0.831192
3634 0.831138
3632 0.830895
3633 0.830898
3636 0.831118
3638 0.835856
3635 0.831765
3639 0.836608
3637 0.832736
3643 0.837176
3640 0.837486
3641 0.837345
3642 0.837039
3644 0.822802
3645 0.822183
3648 0.821149
3649 0.821407
3647 0.821125
3646 0.82283
3650 0.821399
3651 0.821055
3652 0.821921
3653 0.822152
3654 0.82174
3656 0.845688
3659 0.845892
3657 0.8455
3658 0.845178
3655 0.844822
3660 0.846405
3663 0.848196
3661 0.846824
3662 0.846954
3664 0.849089
3665 0.849505
3666 0.850226
3669 0.826682
3668 0.850657
3667 0.850398
3671 0.826815
3673 0.841275
3670 0.826827
3674 0.821431
3672 0.823661
3675 0.820149
3678 3676 0.820447
0.820114
3677 0.820404
3679 0.819973
3680 0.839786
3681 0.840127
3683 0.840241
3682 0.840782
3684 0.840245
3685 0.839328
3687 0.839727
3686 0.839516
3688 0.839888
3689 0.839238
3693 0.838258
3690 0.817202
3692 0.838665
3691 0.839124
3694 0.816141
3695 0.815259
3698 0.816748
3697 0.817536
3696 0.816227
3699 0.816141
3700 0.815807
3703 0.81518
3701 0.816191
3702 0.816031
3704 0.814597
3705 0.814275
3706 0.814228
3707 0.814428
3708 0.81364
3709 0.81306
3712 0.812179
3711 0.811752
3713 0.815169
3714 0.815118
3710 0.812226
3715 0.815004
3717 37160.815388
 0.815294
3718 0.81522
3719 0.809439
3722 0.808969
3720 0.809294
3723 0.809275
3724 0.80953
3721 0.809106
3727 0.808389
3726 0.808726
3725 0.808644
3728 0.808142
3729 0.808687
3730 0.808025
3732 0.808613
3733 0.808887
3734 0.809275
3731 0.809298
3736 0.8096
3737 0.809291
3735 0.809816
3738 0.810431
3739 0.810533
3740 0.810439
3741 0.810396
3742 0.810329
3744 0.807484
3743 0.810137
3747 0.807833
3746 0.807672
3745 0.808091
3748 0.807633
3749 0.80712
3750 0.807229
3753 0.806591
3751 0.806692
3752 0.806594
3754 0.827607
3755 0.805956
3756 0.827842
3757 0.80565
3758 0.80478
3759 0.80507
3762 0.805775
3764 0.803887
3761 0.803232
3763 0.805254
3760 0.804024
3765 0.80226
3766 0.797742
3767 0.795395
3769 0.788713
3768 0.794141
3771 0.788145
3770 0.7886
3773 0.788831
3774 0.789152
3772 0.78827
3775 0.789372
3776 0.789575
3777 0.813103
3779 0.81288
3778 0.812951
3780 0.813194
3781 0.810929
3784 0.810686
3783 0.810768
3782 0.810858
3785 0.810599
3786 0.810862
3788 0.810721
3789 0.810791
3787 0.810623
3790 0.810678
3794 0.812437
3792 0.810415
3793 0.810129
3791 0.810447
3795 0.8121
3797 0.812445
3796 0.811908
3799 0.81163
3798 0.811865
3800 0.810803
3801 0.810752
3802 0.810454
3803 0.809914
3804 0.810035
3805 0.809776
3807 0.80902
3809 0.824687
3806 0.809275
3808 0.814687
3813 0.847937
3810 0.828363
3812 0.844305
3811 0.838277
3814 0.848235
3815 0.888069
3817 0.930027
3818 0.938123
3819 0.948135
3816 0.902737
3823 0.951376
3821 0.948324
3822 0.948696
3820 0.948167
3824 0.952164
3825 0.952505
3826 0.953308
3829 0.964512
3828 0.964085
3827 0.962556
3830 0.964865
3832 0.96526
3831 0.964998
3833 0.971785
3834 0.972067
3837 0.972157
3835 0.972059
3836 0.97202
3839 0.972181
3838 0.972408
3840 0.972204
3843 0.972032
3842 0.972106
3841 0.972153
3844 0.968548
3848 0.968548
3845 0.968548
3846 0.96838
3847 0.968533
3849 0.968525
3851 0.968721
3850 0.968501
3853 0.968881
3854 0.968881
3852 0.968846
3855 0.969065
3856 0.969179
3859 0.964841
3857 0.96528
3858 0.964982
3860 0.964508
3863 0.963979
3861 0.964379
3862 0.964916
3864 0.964006
3867 0.96392
3865 0.964222
3866 0.964136
3868 0.964049
3869 0.966389
3870 0.966197
3873 0.969755
3871 0.96586
3872 0.970896
3874 0.969837
3875 0.969763
3877 0.9697
3876 0.969677
3878 0.969712
3879 0.96972
3881 0.970108
3883 0.969034
3880 0.9697
3884 0.968971
3882 0.969077
3885 0.968591
3888 0.964136
3886 0.969187
3887 0.964351
3889 0.96403
3892 0.963826
3890 0.963779
3891 0.963763
3893 0.963677
3894 0.963658
3895 0.963352
3897 0.963477
3898 0.963223
3899 0.963293
3896 0.963489
3901 0.963904
3900 0.963603
3903 0.963912
3902 0.963556
3904 0.963728
3906 0.962121
3905 0.962161
3907 0.962114
3908 0.961628
3909 0.962223
3910 0.960785
3911 0.957921
3912 0.95825
3914 0.952136
3913 0.955887
3917 0.948668
3915 0.951698
3919 0.947728
3916 0.949068
3918 0.948594
3920 0.94725
3921 0.947861
3922 0.94861
3923 0.94821
3924 0.950663
3925 0.950667
3926 0.950032
3928 0.949993
3927 0.949456
3929 0.950126
3930 0.950381
3934 0.957721
3931 0.951529
3933 0.9516
3932 0.954656
3935 0.961886
3936 0.964128
3937 0.964339
3939 0.964328
3938 0.96432
3940 0.965327
3941 0.96443
3942 0.964414
3943 0.964375
3944 0.965072
3945 0.965115
3946 0.965354
3948 0.964994
3947 0.965315
3949 0.964743
3952 0.964829
3951 0.964959
3950 0.964974
3953 0.965013
3954 0.96497
3957 0.965237
3955 0.965358
3958 0.965464
3956 0.965358
3959 0.965476
3961 0.964814
3960 0.965695
3964 0.965068
3962 0.964512
3963 0.960546
3965 0.965586
3966 0.965519
3968 0.965797
3969 0.964857
3967 0.96568
3970 0.964708
3973 0.964963
3972 0.965084
3974 0.964884
3971 0.964908
3976 0.964437
3975 0.964727
3977 0.964743
3979 0.964528
3978 0.96439
3981 0.964422
3980 0.963693
3982 0.962674
3983 0.963152
3984 0.96236
3988 0.96307
3987 0.962741
3986 0.962795
3985 0.962372
3989 0.962807
3990 0.962991
3992 0.963199
3993 0.963258
3991 0.96296
3994 0.964622
3995 0.964818
3996 0.963089
3999 0.962964
3998 0.964994
3997 0.965155
4001 0.957282
4000 0.958387
4002 0.956431
4004 0.961087
4003 0.960456
4005 0.964547
4006 0.964994
4007 0.967161
4009 0.967032
4008 0.967063
4010 0.967098
4013 0.966863
4011 0.966926
4014 0.967102
4012 0.965017
4015 0.967051
4018 0.96711
4016 0.967157
4019 0.967145
4017 0.967275
4020 0.96702
4022 0.967196
4024 0.966934
4023 0.967173
4021 0.967114
4025 0.966926
4028 0.965045
4026 0.966922
4027 0.966961
4029 0.964747
4031 0.965064
4030 0.964371
4032 0.965147
4034 0.964606
4033 0.964857
4036 0.964818
4035 0.964735
4038 0.964763
4037 0.964626
4039 0.964861
4042 0.956808
4040 0.964763
4044 0.950154
4043 0.952999
4041 0.964653
4046 0.948633
4047 0.948919
4045 0.947712
4048 0.953982
4049 0.964896
4050 0.965405
4051 0.965543
4053 0.965868
4054 0.965868
4052 0.965691
4057 0.965417
4056 0.965448
4055 0.96539
4058 0.965484
4059 0.965511
4062 0.965429
4063 0.965237
4060 0.965225
4061 0.965445
4064 0.965335
4065 0.965484
4066 0.965801
4068 0.965715
4069 0.963959
4067 0.96588
4070 0.964093
4071 0.963865
4073 0.963759
4072 0.963924
4074 0.963614
4075 0.962933
4076 0.963038
4078 0.964551
4077 0.962968
4079 0.964829
4082 0.964277
4080 0.965029
4083 0.964159
4084 0.964876
4081 0.964144
4087 0.964857
4085 0.964833
4088 0.964959
4089 0.964825
4086 0.96385
4091 0.964735
4090 0.964696
4092 0.964853
4094 0.96439
4093 0.964841
4096 0.96392
4095 0.964434
4097 0.963716
4098 0.963697
4099 0.96374
4100 0.963779
4101 0.963744
4103 0.961357
4102 0.96372
4104 0.960899
4106 0.964026
4105 0.96414
4108 0.964002
4109 0.964167
4107 0.9641
4111 0.963897
4112 0.963908
4110 0.964108
4114 0.963783
4113 0.963799
4115 0.963952
4118 0.963552
4116 0.963779
4119 0.962176
4117 0.963607
4122 0.962509
4120 0.962513
4123 0.962572
4121 0.96269
4124 0.962737
4125 0.962631
4126 0.961831
4127 0.961267
4128 0.9616
4129 0.961263
4130 0.959809
4131 0.959649
4134 0.959739
4133 0.960029
4132 0.960052
4136 0.95979
4137 0.960193
4138 4135 0.96053
0.959974
4139 0.960585
4140 0.961063
4141 0.961228
4143 0.961122
4142 0.961012
4144 0.960558
4145 0.960182
4146 0.9597
4148 0.95901
4147 0.959445
4149 0.958591
4150 0.957207
4152 0.957047
4153 0.956902
4151 0.957474
4154 0.956725
4156 0.956247
4158 0.956196
4155 0.957521
4157 0.956114
4159 0.956635
4160 0.956725
4161 0.958461
4162 0.958414
4163 0.958406
4164 0.958853
4166 0.958826
4168 0.957787
4165 0.958975
4167 0.957772
4169 0.955381
4170 0.955624
4171 0.95816
4173 41720.954915
 0.955397
4174 0.954484
4175 0.954108
4179 0.954335
4176 0.953171
4177 0.953829
4178 0.9543
4181 0.954982
4180 0.954613
4183 0.957078
4182 0.956012
4184 0.957254
4185 0.958128
4187 0.959092
4186 0.958955
4188 0.959088
4189 0.958939
4190 0.959421
4192 0.959425
4193 0.959312
4191 0.959394
4194 0.958673
4196 0.959033
4197 0.959813
4195 0.958963
4198 0.959155
4199 0.958971
4200 0.958994
4203 0.959441
4201 0.959907
4204 0.957987
4202 0.959308
4207 0.95526
4206 0.958238
4205 0.958301
4209 0.956083
4208 0.955322
4210 0.956106
4213 0.940717
4214 0.933836
4211 0.956106
4212 0.939945
4215 0.934659
4216 0.934671
4218 0.94879
4219 0.949037
4217 0.934796
4223 0.946639
4220 0.949687
4221 0.93971
4224 0.950777
4222 0.940106
4225 0.933977
4227 0.949499
4226 0.947599
4228 0.937426
4229 0.938276
4230 0.939851
4231 0.941528
4232 0.94259
4233 0.946748
4234 0.950111
4235 0.951944
4237 0.9562
4236 0.95486
4239 0.958532
4238 0.956902
4240 0.959696
4241 0.959339
4242 0.957866
4243 0.956631
4244 0.947363
4246 0.948037
4245 0.947301
4247 0.947928
4249 0.931653
4248 0.934338
4250 0.931269
4253 0.925309
4252 0.924337
4254 0.906205
4251 0.928945
4255 0.898505
4256 0.895456
4259 0.89662
4257 0.898987
4258 0.900021
4261 0.86779
4260 0.867006
4264 0.857487
4263 0.868797
4262 0.868409
4267 0.846021
4265 0.855892
4266 0.856249
4268 0.847796
4269 0.851801
4270 0.859113
4273 0.920183
4271 0.86621
4272 0.917934
4274 0.925967
4276 0.92195
4275 0.927664
4278 0.926747
4277 0.927233
4279 0.927879
4282 0.936203
4280 0.93866
4281 0.943155
4284 0.926547
4283 0.927895
4285 0.914454
4288 0.924701
4287 0.918937
4289 0.922699
4286 0.912248
4290 0.92679
4291 0.92913
4293 0.908345
4292 0.910249
4294 0.89091
4295 0.893058
4297 0.893641
4299 0.892395
4296 0.894206
4298 0.892787
4300 0.893598
4303 0.893351
4301 0.89149
4304 0.896114
4302 0.894664
4306 0.895279
4305 0.891322
4307 0.895562
4309 0.898724
4308 0.895793
4312 0.922671
4311 0.92373
4313 0.922095
4310 0.893888
4314 0.924831
4315 0.917424
4316 0.918537
4317 0.904473
4319 0.882559
4318 0.881858
4320 0.878315
4321 0.858878
4322 0.849532
4324 0.812849
4323 0.818272
4326 0.815251
4325 0.818249
4328 0.785167
4327 0.779833
4329 0.800324
4330 0.796229
4331 0.786679
4333 0.786291
4334 0.777913
4332 0.785335
4335 0.789062
4338 0.78037
4337 0.780931
4339 0.782874
4336 0.780554
4341 0.777831
4340 0.781538
4343 0.774226
4344 0.776679
4342 0.774363
4345 0.78001
4347 0.776816
4346 0.780613
4348 0.776941
4349 0.777905
4350 0.778039
4351 0.780296
4352 0.781855
4354 0.791186
4353 0.789477
4355 0.790602
4357 0.781953
4358 0.780895
4356 0.785794
4359 0.775511
4363 0.773246
4360 0.773614
4364 0.76901
4361 0.772838
4362 0.771102
4366 0.750364
4365 0.758562
4369 0.745897
4368 0.7477
4367 0.750294
4372 0.73967
4370 0.74259
4371 0.750882
4374 0.736269
4373 0.73382
4375 0.731143
4377 0.717882
4376 0.718231
4378 0.70562
4379 0.701196
4380 0.69906
4381 0.718003
4382 0.719183
4384 0.728122
4383 0.718967
4385 0.727992
4388 0.74101
4386 0.740803
4387 0.737029
4389 0.737111
4393 0.758551
4390 0.769892
4391 0.738036
4392 0.767693
4394 0.747915
4395 0.701607
4396 0.733353
4398 0.690129
4399 0.717204
4397 0.729701
4400 0.71604
4401 0.707278
4403 0.708838
4404 0.698954
4402 0.713477
4407 0.676614
4405 0.683483
4408 0.667405
4409 4406 0.669799
0.673851
4411 0.668827
4410 0.668036
4413 0.668843
4412 0.666311
4414 0.655272
4418 0.670677
4416 0.659571
4415 0.655645
4417 0.667663
4419 0.670802
4421 0.68045
4420 0.678926
4423 0.715162
4424 0.717361
4422 0.683436
4425 0.717455
4428 0.713254
4426 0.716138
4429 0.709778
4427 0.716702
4433 0.704284
4431 0.694119
4432 0.695765
4434 0.673126
4430 0.701886
4435 0.672828
4439 0.647552
4437 0.652992
4436 0.672813
4438 0.65144
4440 0.643743
4442 0.631893
4441 0.632485
4443 0.636392
4444 0.628515
4445 0.632136
4447 0.650981
4446 0.643375
4448 0.657914
4449 0.65046
4450 0.657102
4453 0.661593
4451 0.661433
4454 0.667326
4452 0.674533
4455 0.656095
4456 0.651064
4457 0.653019
4459 0.654391
4458 0.653646
4460 0.652039
4461 0.641902
4463 0.63069
4462 0.637563
4464 0.62973
4466 0.637955
4465 0.63319
4469 0.645319
4467 0.664462
4468 0.660175
4470 0.657725
4471 0.664501
4474 0.672244
4473 0.662432
4472 0.661746
4476 0.675642
4475 0.670446
4477 0.679161
4479 0.643994
4478 0.670477
4482 0.61931
4480 0.649081
4483 0.618052
4481 0.669838
4484 0.619714
4485 0.638868
4489 0.601676
4486 0.606852
4488 0.603102
4487 0.606942
4492 0.610556
4491 0.614208
4490 0.601201
4493 0.58727
4494 0.577329
4495 0.597663
4497 0.604971
4498 0.607573
4496 0.600394
4499 0.612664
4504 0.647223
4500 0.604423
4501 0.613886
4502 0.618044
4503 0.635052
4508 0.682029
4509 0.719685
4505 0.649755
4506 0.667287
4507 0.677684
4510 0.739176
4511 0.743518
4514 0.763837
4512 0.755921
4513 0.758946
4516 0.792475
4515 0.777333
4517 0.791311
4518 0.792699
4519 0.841463
4521 0.843819
4523 0.844042
4524 0.822391
4520 0.843333
4522 0.79882
4527 0.863502
4525 0.869522
4526 0.862017
4528 0.876434
4529 0.882399
4530 0.906546
4532 0.917934
4533 0.911048
4531 0.918913
4534 0.911386
4535 0.909987
4536 0.903321
4539 0.88975
4537 0.903575
4538 0.903862
4542 0.90278
4541 0.885647
4540 0.888982
4543 0.893931
4544 0.882563
4547 0.884272
4545 0.870917
4548 0.882834
4549 0.874671
4546 0.875219
4551 0.864341
4550 0.868636
4552 0.869161
4553 0.871661
4554 0.87025
4555 0.866963
4556 0.865979
4557 0.817982
4558 0.800473
4559 0.814714
4561 0.821627
4562 0.82252
4560 0.79119
4563 0.79226
4564 0.763821
4567 0.793572
4565 0.757269
4566 0.766306
4569 0.742225
4568 0.752978
4571 0.722686
4572 0.724395
4570 0.720366
4573 0.7282
4574 0.731766
4575 0.736841
4576 0.734572
4578 0.728345
4577 0.730269
4579 0.722197
4581 0.712243
4582 0.670626
4580 0.718066
4584 0.656009
4583 0.662581
4587 0.645542
4585 0.654947
4586 0.645056
4588 0.635451
4589 0.639652
4590 0.644727
4593 0.689792
4592 0.693762
4594 0.685588
4591 0.688762
4595 0.713869
4598 0.707482
4597 0.710041
4596 0.712474
4599 0.711189
4601 0.708881
4602 0.694468
4600 0.710099
4604 0.691736
4603 0.688727
4606 0.700428
4608 0.646592
4605 0.70218
4609 0.648034
4607 0.662671
4610 0.657447
4611 0.669168
4614 0.660237
4613 0.662722
4612 0.662667
4615 0.657396
4618 0.632591
4617 0.641337
4616 0.656036
4619 0.621889
4622 0.589191
4620 0.61554
4624 0.548079
4623 0.556144
4621 0.594308
4626 0.542558
4625 0.543835
4629 0.531471
4627 0.537792
4628 0.535943
4632 0.53367
4630 0.508492
4633 0.491387
4631 0.533102
4634 0.492707
4636 0.506819
4635 0.503907
4637 0.505972
4639 0.576474
4638 0.565819
4640 0.585507
4641 0.58767
4642 0.590805
4643 0.585052
4644 0.549411
4647 0.590057
4646 0.582497
4645 0.58104
4648 0.58709
4649 0.579586
4650 0.601158
4651 0.590108
4652 0.603082
4654 0.600167
4653 0.604478
4655 0.605696
4656 0.608933
4657 0.605771
4659 0.581075
4658 0.601562
4660 0.569946
4663 0.564428
4664 0.572305
4661 0.581181
4662 0.563538
4666 0.567097
4667 0.56752
4668 0.572054
4665 0.565184
4669 0.530468
4671 0.546852
4670 0.532365
4672 0.549392
4673 0.547115
4674 0.538525
4675 0.485273
4677 0.467909
4676 0.47365
4679 0.449636
4678 0.463085
4680 0.441227
4682 0.428099
4681 0.430121
4683 0.427378
4684 0.413819
4686 0.397776
4685 0.39294
4687 0.400221
4689 0.397043
4688 0.397831
4692 0.401616
4690 0.397364
4693 0.39171
4691 0.39729
4694 0.364517
4695 0.365387
4696 0.379201
4697 0.377916
4698 0.385236
4699 0.390565
4700 0.391506
4703 0.389358
4704 0.41405
4702 0.392744
4701 0.382293
4705 0.39073
4707 0.393426
4708 0.409407
4706 0.392497
4709 0.425297
4710 0.433162
4711 0.439087
4713 0.464841
4712 0.443065
4714 0.464637
4715 0.455652
4716 0.488259
4717 0.49683
4718 0.494314
4719 0.515604
4721 0.527149
4723 0.530931
4720 0.51506
4722 0.519907
4724 0.536436
4725 0.538133
4726 0.552531
4727 0.549897
4729 0.536009
4728 0.552664
4731 0.5332
4730 0.533964
4732 0.541978
4734 0.533298
4733 0.540097
4738 0.514417
4736 0.521694
4735 0.522494
4739 0.514633
4737 0.518038
4740 0.512728
4741 0.53412
4743 0.495435
4744 0.485861
4742 0.504146
4745 0.482554
4746 0.477906
4747 0.459931
4748 0.457587
4749 0.446874
4750 0.445196
4752 0.430587
4751 0.438088
4753 0.410374
4754 0.410343
4757 0.399218
4755 0.422099
4756 0.405261
4759 0.367229
4758 0.382908
4760 0.364227
4762 0.34296
4761 0.351339
4763 0.339653
4764 0.327575
4767 0.299494
4765 4768 0.316278
0.290214
4766 0.311716
4769 0.260847
4770 0.269688
4772 0.252532
4771 0.25598
4773 0.244518
4774 0.23505
4778 0.196701
4775 0.233157
4779 0.192391
4776 0.213289
4777 0.201866
4780 0.182954
4783 0.155366
4781 0.178632
4784 0.151902
4782 0.161558
4788 0.122708
4786 0.136192
4787 0.131858
4789 0.114545
4785 0.14457
4790 0.109544
4792 0.093701
4791 0.10126
4794 0.0771287
4793 0.0895942
4796 0.0686759
4795 0.0713093
4798 0.0605289
4799 0.0589104
4797 0.0640949
4800 0.0551759
4802 0.0503284
4801 0.0521741
4803 0.0501873
4804 0.0504734
4805 0.0508104
4806 0.0509162
4808 0.0511709
4807 0.0510808
4809 0.0512023
4810 0.0512179
4813 0.0507399
4811 0.0512336
4812 0.050783
4814 0.0508809
4815 0.0508692
4818 0.0508143
4816 0.0507947
4817 0.0508065
4819 0.0504812
4820 0.0508692
4821 0.050779
4822 0.050928
4824 0.0509828
4823 0.0510847
4827 0.0510573
4825 0.0511004
4828 0.0510769
4829 0.0512336
4826 0.0511905
4831 0.0514374
4830 0.0512023
4832 0.0515001
4833 0.0523191
4834 0.0525856
4835 0.0528991
4836 0.0525072
4837 0.0529892
4838 0.0532047
4839 0.0534869
4840 0.0536045
4843 0.0538553
4841 0.0534987
4842 0.0535535
4844 0.0540081
4847 0.0541257
4845 0.0541452
4848 0.0543333
4849 0.0544979
4846 0.0540042
4851 0.0543451
4853 0.0545606
4852 0.0544235
4854 0.0550779
4850 0.0545214
4855 0.0551798
4856 0.055266
4857 0.0551288
4859 0.0525346
4858 0.0527463
4860 0.0528285
4861 0.053095
4863 0.0535614
4862 0.0532831
4864 0.0533458
4865 0.052758
4866 0.0527384
4868 0.0524641
4869 0.0528952
4867 0.0527306
4870 0.0525307
4872 0.0520761
4873 0.0519547
4871 0.0526404
4874 0.0517626
4875 0.0518763
4876 0.0519312
4878 0.0522015
4879 0.0522133
4877 0.052037
4880 0.052182
4883 0.0508653
4881 0.0522564
4884 0.0510965
4882 0.0521467
4886 0.0511317
4885 0.0510925
4888 0.0511631
4887 0.0513042
4889 0.0512179
4891 0.0512454
4893 0.051359
4890 0.0513669
4894 0.0516921
4892 0.0513786
4895 0.0515902
4896 0.0511788
4897 0.0508849
4898 0.0511004
4899 0.0515393
4900 0.0518214
4903 0.0521545
4902 0.051892
4901 0.0518802
4904 0.0530833
4908 0.0540355
4905 0.0535927
4907 0.053432
4906 0.0539297
4909 0.0541727
4910 0.0537259
4913 0.0519899
4911 0.0528756
4912 0.0526091
4914 0.051504
4915 0.0513786
4916 0.0529187
4917 0.0604035
4919 0.0721401
4918 0.0642125
4921 0.0814824
4920 0.0771678
4923 0.0874193
4924 0.0893238
4922 0.0860751
4926 0.0984349
4925 0.0922785
4928 0.113906
4929 0.124252
4927 0.1036
4930 0.129679
4931 0.139256
4933 0.147595
4934 0.151404
4932 0.147247
4936 0.15691
4935 0.154261
4937 0.159367
4938 0.161726
4939 0.1628
4940 0.163956
4942 0.165998
4941 0.164665
4944 0.17302
4943 0.169486
4946 0.179474
4945 0.173561
4948 0.187065
4949 0.186752
4947 0.184138
4950 0.183428
4952 0.179271
4951 0.182719
4953 0.174255
4954 0.17295
4955 0.168847
4956 0.164493
4958 0.160433
4957 0.164383
4959 0.158368
4960 0.157142
4962 0.151914
4963 0.151024
4961 0.153862
4964 0.146059
4966 0.135385
4965 0.13819
4969 0.133249
4968 0.133523
4967 0.134158
4970 0.134342
4972 0.138014
4974 0.14689
4973 0.142407
4971 0.1362
4975 0.150292
4978 0.161946
4977 0.161056
4979 0.163694
4976 0.156734
4980 0.163737
4981 0.16347
4982 0.162205
4984 0.158153
4983 0.157471
4985 0.158881
4986 0.162255
4987 0.163137
4989 0.1661
4988 0.164744
4991 0.170602
4990 0.167538
4992 0.172601
4994 0.174913
4993 0.173871
4996 0.178228
4995 0.177131
4997 0.181649
4999 0.184416
4998 0.1825
5000 0.185913
5001 0.185909
5003 0.181618
5004 0.17746
5002 0.185063
5005 0.175846
5007 0.16588
5006 0.168318
5009 0.163012
5008 0.162306
5010 0.161683
5011 0.159215
5012 0.152815
5013 0.14758
5014 0.144539
5015 0.1327
5016 0.124295
5018 0.112683
5017 0.121371
5019 0.106018
5020 0.10282
5021 0.098137
5022 0.0931916
5023 0.0920356
5024 0.0888888
5027 0.0801187
5025 0.085358
5028 0.0770229
5026 0.0833046
5029 0.0753143
5031 0.0702003
5030 0.0726339
5033 0.0659642
5032 0.0689267
5034 0.0673396
5036 0.0683272
5035 0.0675669
5037 0.0689659
5038 0.0695968
5039 0.0704119
5042 0.0715288
5041 0.0708665
5040 0.0708743
5044 0.0719638
5043 0.0720656
5045 0.0727005
5047 0.0762705
5048 0.0825875
5046 0.0751262
5049 0.0935913
5050 0.0963422
5051 0.102636
5052 0.108737
5053 0.113937
5054 0.122872
5055 0.131807
5057 0.145397
5058 0.150358
5056 0.136682
5059 0.160825
5061 0.181935
5060 0.171041
5062 0.197524
5063 0.211483
5064 0.2232
5066 0.234748
5067 0.233157
5065 0.222467
5068 0.233745
5069 0.2423
5070 0.250161
5071 0.256258
5072 0.26785
5073 0.287154
5074 0.29715
5075 0.303844
5076 0.312194
5078 0.325863
5077 0.319209
5079 0.327842
5082 0.344692
5080 0.328771
5083 0.328065
5084 0.343105
5081 0.332074
5087 0.338082
5086 0.339328
5085 0.338677
5089 0.330898
5088 0.331177
5090 0.326498
5091 0.310588
5092 0.306869
5093 0.30333
5094 0.299208
5095 0.297307
5097 0.294427
5098 0.287839
5096 0.298236
5099 0.275582
5100 0.266862
5101 0.261451
5102 0.24654
5104 0.230641
5103 0.233032
5105 0.221342
5106 0.217651
5107 0.210385
5109 0.174999
5108 0.199103
5112 0.159877
5111 0.180066
5113 0.159113
5114 0.15193
5110 0.188942
5118 0.124502
5115 0.149206
5116 0.146204
5117 0.13522
5119 0.120936
5120 0.112143
5121 0.105634
5122 0.102894
5124 0.084876
5123 0.0950295
5125 0.0816705
5126 0.0744796
5127 0.0687034
5128 0.0653842
5129 0.0594355
5131 0.0529148
5132 0.0528677
5130 0.0534751
5133 0.0520918
5134 0.0523152
5136 0.05295
5137 0.0527737
5135 0.0525817
5138 0.0530206
5139 0.0531068
5143 0.0532047
5141 0.0531852
5140 0.0530206
5144 0.0532596
5142 0.0530989
5145 0.0532831
5147 0.0533654
5148 0.0533733
5146 0.0533811
5149 0.0533733
5153 0.0534908
5151 5150 0.0533811
0.0534124
5154 0.0535809
5152 0.0535418
5156 0.0537808
5155 0.0536476
5158 0.0514296
5157 0.0537495
5159 0.0518332
5160 0.0518763
5161 0.0521467
5162 0.0523779
5163 0.0524328
5164 0.0524092
5165 0.0525346
5168 0.0526796
5167 0.0525973
5169 0.0528207
5166 0.0525542
5172 0.0532243
5170 0.0531342
5173 0.0532204
5171 0.0532204
5174 0.0532283
5175 0.0533615
5176 0.053287
5177 0.0535026
5178 0.0534477
5179 0.0536241
5182 0.0534007
5180 5183 0.0535574
0.0508496
5181 0.0533968
5184 0.0512258
5185 0.0511905
5186 0.0511121
5188 0.0514452
5187 0.0513629
5189 0.0514766
5190 0.0517117
5191 0.0518998
5193 0.0519233
5192 0.0519194
5194 0.0512689
5196 0.0520801
5195 0.0518058
5198 0.0520605
5199 0.0523936
5197 0.0521624
5201 0.0524602
5200 0.0525111
5203 0.0527463
5204 0.0526444
5202 0.0525542
5205 0.0526013
5207 0.0527502
5206 0.0528246
5209 0.0528364
5208 0.0528873
5211 0.0528403
5210 5213 0.0528756
0.0529265
5212 0.0528795
5214 0.0530245
5215 0.0530833
5216 0.053001
5218 0.0530519
5219 0.0514805
5217 0.0530206
5220 0.0515471
5221 0.0517117
5223 0.0516843
5222 0.0515981
5224 0.0518606
5225 0.0518724
5226 0.0518332
5228 0.0519507
5227 0.0518998
5229 0.0521114
5230 0.0526522
5232 0.0528912
5231 0.052856
5234 0.0530362
5233 0.0529931
5235 0.0530911
5236 0.0530754
5238 0.053146
5239 0.053001
5237 0.0530989
5240 0.0529814
5241 0.052903
5243 0.0529344
5242 0.0529344
5244 0.0516647
5247 0.052229
5245 0.0522133
5246 0.0522917
5248 0.0520605
5249 0.0520487
5250 0.0521114
5251 0.0524837
5253 0.0525777
5252 0.0524641
5254 0.0525464
5256 0.0527423
5255 0.0526326
5257 0.0532439
5259 0.0648944
5258 0.0567786
5260 0.0727985
5262 0.0849348
5264 0.0937911
5261 0.0766937
5263 0.0919493
5266 0.103263
5265 0.0991246
5269 0.108925
5267 0.104866
5268 0.107859
5270 0.110364
5271 0.111653
5273 0.114968
5274 0.116316
5272 0.11351
5276 0.11835
5277 0.119784
5275 0.117668
5278 0.120591
5279 0.121211
5281 0.122711
5280 0.122237
5284 0.124189
5282 0.123342
5283 0.124024
5286 0.125411
5285 0.124651
5288 0.12839
5287 0.126787
5289 0.131893
5290 0.139989
5292 0.151326
5291 0.142905
5294 0.159058
5293 0.15972
5295 0.168608
5296 0.177656
5298 0.191156
5299 0.196944
5297 0.183131
5301 0.202956
5300 0.199303
5302 0.209276
5304 0.214923
5303 0.210793
5306 0.220406
5305 0.218697
5309 0.225719
5307 0.224191
5308 0.225672
5312 0.230007
5310 0.227883
5311 0.229258
5314 0.232667
5313 0.230939
5315 0.232699
5316 0.231025
5317 0.232852
5318 0.231911
5319 0.230344
5320 0.229987
5321 0.228858
5322 0.227898
5324 0.226872
5323 0.226695
5325 0.226056
5326 0.224505
5328 0.222851
5327 0.224097
5329 0.225676
5331 0.230963
5330 0.227988
5332 0.23445
5333 0.236406
5334 0.23728
5336 0.247069
5335 0.244898
5337 0.253762
5338 0.259287
5339 0.259926
5341 0.258512
5342 0.259613
5340 0.261157
5344 0.260925
5343 0.260232
5347 0.266267
5345 0.262415
5348 0.267199
5346 0.26477
5349 0.268226
5351 0.270268
5350 0.269092
5352 0.274265
5353 0.278744
5354 0.281479
5355 0.290751
5357 0.301136
5356 0.298487
5358 0.307696
5359 0.313997
5361 0.326102
5362 0.328014
5364 0.333128
5360 0.318163
5363 0.32957
5365 0.336056
5367 0.335883
5366 0.337239
5368 0.337698
5369 0.331134
5370 0.332509
5372 0.334535
5371 0.334382
5374 0.336251
5373 0.334527
5375 0.336859
5378 0.340672
5377 0.340742
5379 0.342518
5376 0.338148
5380 0.343415
5382 0.347432
5381 0.344877
5383 0.348298
5384 0.349144
5385 0.351233
5386 0.353753
5388 0.357197
5389 0.362515
5387 0.35434
5391 0.369
5390 0.364717
5393 0.372018
5392 0.371136
5394 0.373464
5395 0.376289
5396 0.377876
5399 0.37714
5398 0.376838
5397 0.37886
5401 0.38042
5400 0.378155
5403 0.379965
5402 0.381058
5404 0.38022
5408 0.386827
5405 0.381192
5406 0.384186
5407 0.385365
5409 0.387826
5410 0.391141
5411 0.390444
5413 0.39187
5414 0.392015
5412 0.391208
5415 0.393093
5417 0.396561
5419 0.405155
5416 0.394543
5418 0.399962
5421 0.414709
5420 0.408803
5423 0.422816
5422 0.419936
5424 0.424451
5425 0.429741
5426 0.431152
5428 0.437429
5427 0.434584
5429 0.435121
5432 0.448496
5430 0.440337
5431 0.444009
5433 0.454923
5434 0.455432
5435 0.45542
5436 0.46122
5437 0.468329
5438 0.470496
5439 0.473905
5441 0.482393
5440 0.480971
5443 0.49643
5442 0.490481
5444 0.49009
5445 0.497664
5448 0.515169
5447 0.510295
5446 0.504687
5449 0.516588
5450 0.517317
5451 0.519511
5453 0.526307
5452 0.526977
5454 0.522952
5457 0.522078
5455 0.527948
5458 0.522043
5459 0.522196
5456 0.528031
5460 0.522545
5462 0.534599
5461 0.533564
5464 0.532639
5463 0.532424
5465 0.538564
5467 0.552687
5466 0.537569
5469 0.541852
5468 0.536981
5471 0.529908
5470 0.540504
5473 0.525491
5472 0.527913
5474 0.525946
5475 0.526561
5476 0.525832
5478 0.551116
5477 0.551622
5479 0.553726
5480 0.556438
5481 0.555466
5482 0.561226
5483 0.561215
5484 0.565439
5485 0.567069
5487 0.57955
5488 0.583211
5489 0.582337
5486 0.57564
5491 0.588195
5490 0.58546
5492 0.588658
5494 0.591965
5493 0.587176
5495 0.593117
5498 0.599842
5496 0.594402
5497 0.59492
5499 0.611226
5501 0.616477
5500 0.61621
5502 0.619643
5503 0.621438
5504 0.622806
5506 0.634001
5505 0.626074
5508 0.638496
5509 0.640557
5507 0.634809
5510 0.65142
5513 0.655833
5512 0.655735
5511 0.654931
5514 0.655366
5515 0.654249
5517 0.644073
5516 0.644178
5518 0.65383
5519 0.662867
5522 0.672142
5520 0.664693
5524 0.677213
5523 0.675258
5521 0.670971
5526 0.679823
5525 0.678773
5529 0.701929
5528 0.695079
5527 0.70071
5531 0.710205
5530 0.70696
5534 0.696909
5532 0.692281
5533 0.693637
5535 0.698676
5538 0.713826
5536 0.704539
5537 0.706976
5539 0.718286
5540 0.714857
5541 0.722996
5542 0.725524
5543 0.722138
5544 0.741496
5546 0.737166
5545 55470.735062
 0.747813
5548 0.749412
5549 0.753868
5551 0.780257
5552 0.780151
5554 0.779814
5553 0.779449
5550 0.75607
5556 0.780813
5557 0.779822
5555 0.781319
5558 0.779822
5559 0.77651
5560 0.778603
5561 0.778767
5562 0.77747
5563 0.792048
5564 0.792859
5565 0.793145
5568 0.79322
5566 0.793537
5567 0.793467
5569 0.799012
5571 0.801288
5570 0.799607
5573 0.800908
5572 0.800869
5574 0.809561
5575 0.809675
5578 0.795379
5577 0.798918
5576 0.80799
5579 0.796022
5580 0.795932
5582 0.792644
5583 0.790343
5581 0.793612
5584 0.789544
5585 0.788866
5586 0.7936
5587 0.793145
5588 0.794599
5589 0.794364
5590 0.794419
5591 0.778117
5593 0.795453
5592 0.77912
5594 0.785986
5595 0.786158
5598 0.784128
5596 0.785214
5597 0.784289
5599 0.783266
5600 0.782812
5603 0.782439
5602 0.782592
5601 0.782725
5604 0.781805
5605 0.782157
5606 0.782514
5608 0.786789
5607 0.785155
5609 0.787608
5612 0.785813
5611 0.785888
5613 0.785755
5614 0.785304
5610 0.785998
5615 0.785461
5618 0.785774
5616 0.785566
5617 0.786001
5619 0.78608
5620 0.785308
5622 0.785112
5623 0.784026
5621 0.78615
5624 0.778376
5625 0.784763
5626 0.784446
5627 0.78425
5629 0.784936
5628 0.784618
5630 0.785108
5634 0.788886
5633 0.787067
5632 0.786213
5631 0.785982
5635 0.789536
5636 0.789662
5638 0.789117
5639 0.78954
5637 0.788474
5640 0.78827
5643 0.792436
5641 0.788792
5644 0.834641
5642 0.792961
5645 0.83479
5648 0.839575
5646 0.836428
5649 0.84539
5647 0.840409
5651 0.844751
5653 0.858839
5652 0.856276
5654 0.862875
5650 0.846452
5655 0.91559
5656 0.915175
5657 0.914003
5659 0.912177
5658 0.912757
5660 0.911981
5662 0.911045
5664 0.911558
5661 0.911793
5663 0.911965
5666 0.911977
5667 0.906805
5665 0.889695
5668 0.911726
5669 0.892329
5672 0.885588
5670 0.888202
5671 0.88736
5674 0.884632
5673 0.88618
5675 0.884621
5676 0.888038
5678 0.882457
5679 0.895859
5677 0.890354
5682 0.893124
5680 0.897497
5681 0.896929
5683 0.892219
5684 0.891228
5685 0.889942
5688 0.898027
5686 0.890965
5687 0.891114
5689 0.89263
5690 0.898042
5692 0.898011
5694 0.911687
5693 0.897372
5691 0.894355
5696 0.910539
5697 0.907185
5698 0.910159
5695 0.91173
5699 0.909724
5700 0.912734
5701 0.912009
5703 0.912835
5702 0.912353
5704 0.912569
5707 0.912585
5708 0.912506
5706 0.912557
5705 0.912749
5709 0.911762
5710 0.911209
5712 0.910951
5711 0.911045
5714 0.911013
5713 0.910911
5716 0.910496
5717 0.910457
5715 0.910621
5718 0.910606
5719 0.910708
5722 0.910907
5720 0.910747
5721 0.910782
5724 0.911009
5723 0.910743
5725 0.910845
5728 0.911307
5727 0.911413
5726 0.910892
5729 0.911241
5730 0.91128
5732 0.910684
5733 0.910641
5731 0.910825
5734 0.910723

