19 0.14071
23 0.147243
19 0.145652
20 0.143136
21 0.14459
18 0.14466
20 0.147145
20 21 0.147615
0.148352
19 0.144997
22 0.150499
18 0.147709
23 0.154708
22 0.153399
22 0.143924
18 0.148062
22 0.153646
23 0.154375
26 0.148771
25 0.147646
25 0.155233
27 0.153003
24 0.154931
27 0.150045
24 0.148904
29 0.154959
27 0.159093
26 0.155053
28 0.161703
29 0.16309
30 0.165461
32 0.169129
35 0.171504
31 0.168847
33 0.17034
34 0.170806
36 0.172621
38 0.175301
37 0.175403
41 0.17746
40 0.176872
39 0.175191
42 0.17793
43 0.178883
45 0.177245
47 0.179145
44 0.17632
46 0.179345
48 0.178785
49 0.179741
50 0.180913
51 0.17967
53 0.181786
52 0.18058
55 0.185306
54 0.184733
57 0.187241
56 0.18567
59 0.189612
58 0.18926
62 0.189334
60 0.189138
63 0.189726
64 0.188774
65 0.188405
61 0.189444
66 0.186038
70 0.182766
67 0.184185
68 0.184161
69 0.180556
71 0.184114
73 0.188006
72 0.185823
75 0.190243
77 0.191952
76 0.191082
74 0.188762
78 0.191415
80 0.195643
82 0.203508
81 0.202595
79 0.194166
83 0.205366
84 0.207768
85 0.212839
86 0.214865
87 0.219234
88 0.223356
89 0.22847
90 0.234035
92 0.235548
91 0.235947
94 0.234552
93 0.240332
95 0.235783
96 0.23784
101 0.246375
98 0.242308
97 0.242037
100 0.246661
99 0.246101
102 0.247069
103 0.246434
104 0.246485
107 0.242582
105 0.244357
106 0.243996
110 0.24674
108 0.242288
109 0.244643
111 0.249643
112 0.252829
113 0.254295
114 0.257156
116 0.261008
115 0.260443
119 0.261968
117 0.260972
118 0.262089
120 0.264644
121 0.266251
122 0.26767
123 0.268978
125 0.271533
124 0.267862
127 0.27345
128 0.271271
131 0.279398
126 0.268685
129 0.275774
130 0.278172
132 0.281146
133 0.283345
134 0.284795
137 0.289336
136 0.287091
135 0.286425
139 0.293122
138 0.291558
142 0.294936
141 0.294203
140 0.294662
143 0.296727
145 0.287992
146 0.288631
147 0.288564
144 0.288905
149 0.287628
148 0.287781
150 0.287338
153 0.286005
152 0.283035
154 0.284124
151 0.282079
155 0.280625
156 0.27905
157 0.278019
159 0.274908
158 0.277416
161 0.274308
160 0.275037
166 0.271569
165 0.275456
167 0.275268
163 0.272533
164 0.272588
162 0.273442
168 0.276879
170 0.268277
171 0.268061
169 0.268563
173 0.266584
172 0.267211
174 0.267301
177 0.268179
179 0.267677
176 0.269374
175 0.267242
178 0.26747
180 0.272274
181 0.272023
182 0.271773
183 0.27133
184 0.270828
185 0.270887
186 0.26995
187 0.268328
189 0.269555
188 0.269837
191 0.271161
190 0.270957
192 0.270954
194 0.267176
197 0.269915
195 0.268751
193 0.270758
196 0.269378
198 0.269504
199 0.27142
202 0.270589
200 0.272137
201 0.27111
203 0.270479
208 0.268261
204 0.270291
206 0.268124
205 0.268395
207 0.268281
209 0.268152
210 0.268814
211 0.268712
213 0.26776
212 0.268728
214 0.267932
215 0.267932
216 0.267235
218 0.267587
219 217 0.2672350.26734

220 0.267999
221 0.268316
222 0.268575
224 0.269002
227 223 0.268947
0.269143
226 0.269139
225 0.269104
228 0.26901
233 0.271557
229 0.269801
232 0.271385
231 0.270593
230 0.270193
234 0.271757
236 0.271157
238 0.269754
237 0.270362
235 0.27142
239 0.268692
240 0.269076
244 0.265887
241 0.272125
242 0.271753
243 0.271847
245 0.26754
249 0.267152
247 0.268336
246 0.269018
251 0.268626
248 0.267462
250 0.268559
253 0.267489
254 0.267513
252 0.267975
255 0.268551
256 0.268912
257 0.268998
258 0.269237
260 0.269382
259 0.26939
261 0.268351
263 0.269504
262 0.268857
265 0.269899
266 0.270182
264 0.270291
267 0.269958
269 0.265945
268 0.270683
272 0.265448
270 0.266474
271 0.26484
274 0.266188
275 0.265847
273 0.266831
278 0.26495
276 0.264636
280 0.267873
277 0.264789
281 0.268759
279 0.266463
282 0.271388
284 0.274935
283 0.273254
285 0.277396
286 0.277952
287 0.277533
288 0.278862
289 0.279061
291 0.278528
290 0.278995
293 0.2768
292 0.277392
294 0.272494
297 0.27026
295 0.271518
296 0.271863
298 0.268344
299 0.268042
303 0.261933
301 0.264589
300 0.266537
304 0.262646
302 0.26301
305 0.26263
307 0.262277
306 0.261635
309 0.262661
308 0.262074
311 0.265005
310 0.265068
312 0.265577
314 0.267462
313 0.266482
315 0.267266
317 0.26736
316 0.267246
318 0.267521
322 0.264668
320 0.264045
321 0.264354
323 0.265134
319 0.264198
324 0.265467
326 0.265636
325 0.265718
327 0.265193
329 0.265463
328 0.265412
330 0.267309
332 0.267352
331 0.267348
335 0.267619
334 0.26767
333 0.26776
337 0.267525
338 0.26783
339 0.26825
340 0.268618
341 0.268065
336 0.267701
342 0.268688
346 0.269598
344 0.266525
347 0.270722
343 0.269084
345 0.267991
348 0.271918
351 0.274128
353 0.274598
350 0.273885
349 0.274186
352 0.274892
354 0.274241
355 0.274653
356 0.274755
358 0.274688
359 0.274876
357 0.274269
360 0.274998
363 0.274876
361 0.274821
362 0.2747
364 0.274833
365 0.274704
366 0.274704
367 0.274226
368 0.274022
371 0.272368
369 0.271114
370 0.272208
372 0.272419
373 0.271612
374 0.272396
375 0.271839
376 0.271545
377 0.271216
379 0.270844
381 0.271146
382 0.270722
378 0.27091
380 0.27124
383 0.271428
384 0.272791
389 0.278826
385 0.2741
386 0.274904
387 0.276365
388 0.276851
392 0.285445
390 0.280586
391 0.284156
393 0.287616
394 0.285112
395 0.285817
396 0.287255
397 0.288176
400 0.290316
398 0.288368
401 0.29068
399 0.288909
402 0.291582
404 0.291719
403 0.292217
405 0.292781
406 0.294623
407 0.296449
410 0.3131
409 0.310678
408 0.303107
411 0.317849
413 0.324993
412 0.319354
414 0.324629
416 0.330405
415 0.327701
419 0.337658
418 0.344822
417 0.340292
421 0.348035
420 0.344849
423 0.358455
424 0.36565
422 0.351296
425 0.374428
426 0.378723
428 0.390683
427 0.387226
430 0.402945
429 0.396722
431 0.405797
432 0.411679
433 0.414066
434 0.415876
437 0.421849
436 0.421022
435 0.418063
439 0.424584
438 0.422789
441 0.427613
443 0.418059
442 0.416664
440 0.425407
444 0.415586
445 0.432707
447 0.435043
448 0.418185
449 0.419164
446 0.432829
451 0.444013
450 4520.421249
 453 0.446878
0.447113
455 0.425654
454 0.425415
458 0.431493
456 0.428028
457 0.430078
459 0.433707
460 0.435756
461 0.435627
463 0.439589
465 0.441842
462 0.438844
466 0.443245
467 0.443558
464 0.439796
468 0.444174
469 0.445459
473 0.447834
472 0.447399
470 0.446012
471 0.446666
474 0.449954
477 0.450914
475 0.449484
476 0.449985
479 0.453469
478 0.452266
480 0.454895
481 0.455891
482 0.455044
484 0.456592
483 0.455922
485 0.456855
487 0.45729
490 0.457803
488 0.457866
489 0.457537
486 0.457435
491 0.458642
496 0.457384
492 0.459335
493 0.459398
497 0.45716
494 0.456651
495 0.457215
498 0.457466
499 0.457729
501 0.460805
502 0.46501
500 0.458563
503 0.467682
504 0.472581
506 0.480786
507 0.485998
505 0.477867
508 0.490599
509 0.492703
510 0.503182
513 0.504205
511 0.507093
512 0.508958
515 0.508515
514 0.507022
516 0.512168
518 0.517043
519 0.542679
520 0.54523
521 0.548071
517 0.515005
524 0.55498
525 0.557284
526 0.558542
522 0.551002
527 0.55942
523 0.553773
528 0.560113
531 0.584586
530 0.586526
529 0.587094
533 0.582505
532 0.583034
536 0.578191
535 0.578778
537 0.576921
538 0.576705
534 0.580146
539 0.576008
540 0.574585
541 0.574241
543 0.573171
542 0.574229
545 0.568264
544 0.567594
547 0.567892
546 0.567696
551 0.564808
550 0.565274
549 0.56667
548 0.567602
552 0.564401
553 0.572414
554 0.572077
557 0.572117
555 0.572552
556 0.572277
559 0.571823
560 0.569001
558 0.571897
563 0.561465
562 0.56212
561 0.562817
565 0.560157
568 0.5592
567 0.559306
569 0.553193
566 0.564702
564 0.561097
570 0.553283
572 0.55382
571 0.553369
574 0.557359
573 0.555548
575 0.55893
576 0.560403
577 0.5621
579 0.565388
578 0.563213
581 0.569107
580 0.567696
584 0.573809
585 0.575961
582 0.569899
586 0.578528
587 0.590629
583 0.572344
588 0.591738
589 0.584468
592 0.5874
593 0.587839
591 0.587215
590 0.584704
594 0.59124
595 0.594449
597 0.601413
596 0.597283
599 0.606194
598 0.603243
600 0.609917
601 0.614803
602 0.617821
603 0.621442
605 0.634852
604 0.632058
606 0.641192
608 0.648975
607 0.646729
610 0.654873
611 0.656424
609 0.652169
613 0.668874
616 0.69163
614 0.670426
612 0.658854
615 0.673655
617 0.691673
618 0.692253
621 0.69839
619 0.696819
620 0.697708
623 0.698296
622 0.69859
625 0.698316
627 0.697638
626 0.698261
624 0.698378
629 0.697775
628 0.697697
630 0.698096
631 0.699233
635 0.703242
632 0.699099
633 0.699421
634 0.703116
636 0.703046
637 0.696082
639 638 0.7025640.696223

640 0.695823
641 0.69618
642 0.695718
644 0.692739
643 0.694969
647 0.69279
645 0.692818
646 0.692379
648 0.693437
653 649 0.697218
0.694852
650 0.695392
651 0.696274
652 0.696995
654 0.69754
655 0.698982
656 0.699389
657 0.69995
659 0.693817
658 0.693727
660 0.694209
663 0.695996
664 0.696921
662 0.695028
665 0.714735
661 0.694773
666 0.715472
669 0.719865
667 0.714649
668 0.714484
671 0.720096
670 0.719069
672 0.700016
673 0.700208
674 0.692806
677 0.694683
676 0.694577
675 0.69357
680 0.696019
678 0.694985
682 0.71439
679 0.695631
681 0.713728
683 0.714857
684 0.715445
687 0.715703
685 0.715813
688 0.715778
689 0.715907
686 0.715531
692 0.716334
690 0.716146
693 0.716581
691 0.715797
695 0.717659
694 0.716938
696 0.717435
697 0.717949
698 0.718482
699 0.71925
700 0.719156
701 0.719148
702 0.71983
703 0.720049
704 0.720265
705 0.720515
706 0.720602
707 0.719712
711 0.720927
708 0.720002
709 0.720429
710 0.720845
712 0.720896
713 0.720625
716 0.722843
717 0.723184
714 0.721566
719 0.734979
718 0.723231
715 0.721985
720 0.734509
724 0.735532
721 0.734588
723 0.73478
722 0.734599
725 0.735313
726 0.736696
727 0.737864
730 0.743205
731 0.74375
728 0.73853
729 0.738056
732 0.744369
733 0.745062
734 0.746532
736 0.749581
737 0.748303
735 0.74549
738 0.749193
741 0.750404
739 0.749107
742 0.7502
740 0.750458
743 0.749961
747 0.757959
744 0.750698
745 0.753523
746 0.755596
748 0.756615
749 0.756423
750 0.757011
752 0.758845
753 0.759617
751 0.757289
754 0.760569
755 0.760933
756 0.760251
757 0.757857
758 0.757485
759 0.758809
761 0.763418
760 0.761611
764 0.762031
763 0.76292
762 0.762042
765 0.76011
766 0.762168
767 0.763477
768 0.7689
771 0.777604
769 0.778525
770 0.778818
772 0.775758
773 0.776079
774 0.777741
775 0.777079
777 0.77691
778 0.774335
776 0.777298
779 0.77381
780 0.773646
781 0.776209
782 0.77642
784 0.776839
783 0.777208
785 0.775538
786 0.774241
789 0.775292
787 0.774422
788 0.774061
790 0.776542
791 0.776871
792 0.77635
793 0.774931
795 0.766964
794 0.767568
796 0.768939
797 0.769018
798 0.770185
799 0.770421
801 0.767803
802 0.766568
803 0.76622
800 0.768465
804 0.767043
806 0.766988
808 0.767525
807 0.767215
809 0.767815
805 0.766921
813 0.783345
810 0.768594
815 0.791566
811 0.770452
812 0.77751
814 0.786288
816 0.792714
817 0.795348
818 0.796519
819 0.803307
820 0.802778
821 0.80304
822 0.804576
824 0.811814
823 0.811947
825 0.813977
827 0.822281
826 0.820526
828 0.823371
831 0.824205
830 0.823375
832 0.827399
833 0.82863
829 0.826267
834 0.829323
836 0.829934
838 0.828637
839 0.82879
837 0.828426
835 0.829135
840 0.829213
842 0.828516
845 0.835613
844 0.83615
841 0.828833
843 0.828822
846 0.835632
847 0.834935
851 0.834425
850 0.833794
849 0.834402
848 0.834962
852 0.834617
853 0.834555
855 0.833634
857 0.833544
854 0.834441
856 0.833783
858 0.832196
859 0.833316
861 0.833042
862 0.832086
860 0.832513
863 0.832133
864 0.832595
866 0.832662
867 0.833085
869 0.834367
865 0.832235
868 0.833356
870 0.835182
873 0.834308
874 0.834817
871 0.834809
875 0.83294
872 0.834739
876 0.82984
877 0.829355
878 0.82743
880 0.851056
881 0.851397
879 0.851464
883 0.850904
882 0.850398
884 0.84965
887 0.84985
886 0.849168
885 0.849391
889 0.848423
888 0.84932
890 0.849563
891 0.847487
893 0.843411
892 0.846867
895 0.839849
894 0.841369
897 0.839547
899 0.838697
898 0.839477
896 0.83939
903 0.838818
900 0.838748
905 0.834841
904 0.841162
901 0.838857
902 0.839375
908 0.840699
906 0.840876
907 0.840821
909 0.840672
910 0.840558
911 0.837698
912 0.835397
915 0.840684
916 0.841154
913 0.835875
914 0.835511
917 0.835511
920 0.83535
918 0.831843
921 0.84037
923 0.839692
922 0.834829
919 0.834849
924 0.834903
926 0.840057
928 0.841836
927 0.840495
925 0.839771
929 0.840182
930 0.840492
931 0.839904
933 0.841652
935 0.843344
934 0.842376
932 0.840162
936 0.841957
937 0.842365
940 0.8447
939 0.845723
938 0.845155
941 0.845868
942 0.845214
944 0.847271
945 0.846879
946 0.846252
947 0.846048
943 0.84722
948 0.845472
950 0.839994
951 0.839285
953 0.839343
952 0.839567
949 0.846687
955 0.853541
954 0.849853
959 0.850535
958 0.851499
957 0.847671
956 0.849187
960 0.848795
964 0.841283
961 0.846664
962 0.842326
965 0.842239
963 0.842576
966 0.841326
967 0.841471
971 0.837168
970 0.839912
968 0.841154
969 0.840323
972 0.837086
973 0.837372
975 0.836314
976 0.837505
977 0.836193
974 0.836698
978 0.835307
981 0.829982
980 0.833034
982 0.829805
979 0.832776
983 0.830322
984 0.829958
985 0.829449
987 0.829198
986 0.829844
988 0.829425
989 0.829543
990 0.830444
991 0.830554
993 0.830969
992 0.830785
994 0.83151
995 0.830989
999 0.830346
996 0.830416
997 0.830452
1001 0.830503
1000 0.830683
998 0.832889
1003 0.830742
1002 0.830671
1004 0.835095
1005 0.834962
1006 0.83526
1007 0.83515
1008 0.833826
1010 0.827454
1013 1009 0.829413
0.831859
1011 0.826482
1012 0.827082
1014 0.829692
1017 0.826964
1015 0.827285
1019 0.826788
1018 0.82734
1016 0.826082
1020 0.827873
1021 0.826247
1022 0.826392
1023 0.82696
1024 0.827297
1025 0.827787
1026 0.828202
1029 0.827552
1027 0.828108
1030 0.82776
1028 0.827979
1031 0.827732
1032 0.827932
1033 0.82794
1035 0.830189
1034 0.827474
1037 0.830146
1036 0.829554
1039 0.830334
1041 0.829652
1038 0.830699
1043 0.829507
1042 0.829496
1040 0.829938
1046 0.829601
1048 0.829112
1045 0.829437
1044 0.829425
1047 0.829817
1049 0.829002
1052 0.82921
1051 0.829398
1050 0.829527
1053 0.829108
1055 0.829104
1054 0.829119
1056 0.828935
1058 0.831815
1057 0.831459
1060 0.830922
1059 0.831588
1061 0.830334
1062 0.830362
1064 0.829837
1063 0.829594
1065 0.828982
1066 0.828618
1067 0.828841
1070 0.828104
1068 0.82852
1071 0.826702
1072 0.826803
1073 0.825009
1069 0.827897
1075 0.823794
1074 0.824103
1077 0.825165
1076 0.82435
1078 0.825495
1079 0.825016
1080 0.825553
1082 0.827199
1081 0.826329
1083 0.827658
1085 0.835817
1084 0.828994
1087 0.833403
1086 0.83555
1089 0.830507
1090 0.830691
1088 0.832431
1091 0.83401
1097 0.837125
1092 0.836028
1094 0.838979
1095 0.835695
1096 0.836032
1093 0.837462
1099 0.836796
1098 0.836451
1100 0.834974
1101 0.832638
1103 0.831913
1102 0.831667
1104 0.832533
1106 0.83316
1108 0.832497
1107 0.833069
1105 0.83238
1109 0.831447
1111 0.841463
1110 0.839865
1115 0.839363
1113 0.841342
1114 0.839441
1112 0.841891
1118 0.838571
1117 0.839296
1116 0.839383
1119 0.838638
1120 0.838783
1121 0.836455
1123 0.836522
1126 0.837584
1125 0.837118
1124 0.836228
1122 0.836161
1127 0.837764
1128 1129 0.836816
0.839273
1130 0.840809
1131 0.838352
1132 0.84075
1133 0.842565
1134 0.843262
1137 0.84945
1139 0.849689
1135 0.847185
1138 0.848678
1136 0.849215
1140 0.853318
1141 0.850453
1142 0.849799
1143 0.845856
1145 0.847028
1144 0.846072
1146 0.840578
1149 0.834394
1148 0.840311
1150 0.833504
1147 0.839633
1151 0.831188
1152 0.829174
1154 0.824197
1153 0.82834
1157 0.824327
1155 0.825577
1156 0.824135
1158 0.825036
1160 0.821031
1159 0.825318
1163 0.816748
1162 0.816521
1161 0.818848
1164 0.813989
1167 0.818449
1165 0.813656
1168 0.820851
1166 0.819577
1169 0.819965
1170 0.820138
1173 0.820377
1172 0.820365
1175 0.817739
1171 0.82071
1174 0.819828
1176 0.817775
1179 0.818739
1177 0.817379
1178 0.818323
1180 0.819044
1181 0.819887
1183 0.827062
1182 0.824131
1184 0.826545
1186 0.848325
1185 0.841064
1187 0.847694
1188 0.848231
1191 0.841318
1189 1190 0.845069
0.843642
1193 0.842318
1192 0.840672
1195 0.842772
1196 0.84704
1194 0.843282
1199 0.852977
1198 0.850382
1197 0.848447
1200 0.851241
1204 0.857965
1202 0.855203
1201 0.853666
1203 0.860712
1205 0.84702
1206 0.842792
1209 0.847259
1207 0.843435
1211 0.841166
1210 0.841832
1208 0.841891
1212 0.845825
1213 0.84479
1214 0.843395
1216 0.848897
1215 0.848521
1217 0.847667
1218 0.849991
1223 0.853412
1220 0.846687
1222 0.850947
1219 0.849834
1221 0.851413
1227 0.848615
1224 0.853298
1225 0.852561
1229 0.847773
1226 0.856041
1228 0.848815
1232 1231 1230 1233 0.8445830.8471650.846785


0.842239
1234 0.84501
1235 0.839253
1238 0.840155
1236 0.838967
1239 0.838325
1240 0.839026
1241 0.838485
1237 0.841616
1245 0.84122
1242 0.84068
1244 0.8422
1246 0.84626
1243 0.838873
1247 0.84693
1249 0.842886
1248 0.843529
1251 0.840068
1250 0.839861
1253 0.843305
1252 0.84048
1254 0.844904
1258 0.83988
1259 0.84039
1257 0.841271
1255 0.842823
1256 0.842639
1260 0.848188
1261 0.847769
1264 0.8511
1265 0.853231
1263 0.852491
1262 0.85021
1268 0.849223
1266 0.847867
1267 0.847792
1271 0.849387
1269 0.845923
1270 0.846456
1273 0.846119
1275 0.841377
1277 0.840684
1274 0.842847
1272 0.846358
1276 0.842263
1278 0.837729
1279 0.838309
1281 0.838234
1280 0.837705
1282 0.837525
1283 0.831823
1284 0.831533
1286 0.839394
1287 0.8403
1285 0.840253
1288 0.839543
1289 0.839586
1291 0.837396
1292 0.836741
1290 0.839163
1295 0.837839
1293 0.838477
1294 0.838328
1297 0.831929
1296 0.832862
1298 0.832854
1301 0.835672
1299 0.833559
1300 0.834139
1302 0.83818
1303 0.837451
1306 0.836984
1305 0.8397
1304 0.838677
1307 0.835307
1313 0.827697
1308 0.834974
1310 0.833904
1312 0.826439
1309 0.834986
1311 0.830499
1314 0.827093
1315 0.825636
1316 0.824311
1318 0.823904
1317 0.824476
1319 0.824331
1320 0.824515
1321 0.824922
1322 1325 0.823335
0.819366
1323 0.822673
1324 0.822156
1327 0.819358
1326 0.820008
1331 0.816979
1329 0.821423
1330 0.818888
1328 0.82013
1332 0.816913
1333 0.817336
1336 0.818382
1334 0.81683
1337 0.817489
1335 0.821286
1338 0.818182
1340 0.817034
1339 0.817998
1343 0.815768
1342 0.81645
1341 0.816779
1347 0.811802
1344 0.816893
1346 0.811532
1345 0.810862
1349 0.812092
1348 0.811889
1351 0.813041
1350 0.812692
1352 0.812147
1355 0.811657
1354 0.81223
1353 0.812645
1357 0.813217
1356 0.812049
1358 0.812716
1360 0.815318
1359 0.813241
1361 0.815231
1365 0.815851
1362 0.815153
1363 0.81569
1367 0.816952
1366 0.815984
1364 0.815811
1369 0.817418
1370 0.817959
1368 0.817982
1371 0.819174
1372 0.819119
1373 0.820502
1375 0.821141
1374 0.820671
1376 0.819448
1377 0.819538
1379 0.819891
1378 0.81937
1380 0.81964
1383 0.820851
1381 0.819942
1382 0.820357
1384 0.821352
1385 0.818848
1387 0.8185
1389 0.820098
1386 0.81828
1391 0.82107
1388 0.819424
1390 0.820526
1396 0.823088
1395 0.82301
1392 0.821807
1394 0.822681
1397 0.823476
1393 0.822316
1399 0.824013
1400 0.819264
1398 0.823292
1402 0.826815
1403 0.827325
1401 0.819906
1409 0.829825
1406 0.82785
1404 0.827501
1405 0.827775
1408 0.82957
1407 0.828716
1410 0.833026
1413 0.832983
1411 0.832729
1412 0.832501
1414 0.832164
1415 0.832858
1416 0.833144
1417 0.833896
1419 0.836467
1418 0.833618
1421 0.837987
1420 0.837603
1422 0.838258
1423 0.838658
1424 0.838634
1426 0.837168
1427 0.83789
1425 0.838556
1429 0.838493
1430 0.840108
1428 0.838771
1432 0.840934
1433 0.842831
1431 0.840382
1434 0.843509
1438 0.849524
1437 0.848411
1436 0.848341
1435 0.8476
1439 0.851429
1440 0.850288
1443 0.853467
1441 0.852499
1442 0.852855
1444 0.852695
1445 0.85485
1446 0.85659
1448 0.860105
1447 0.857977
1449 0.86315
1450 0.864752
1451 0.867817
1452 0.868558
1453 0.870885
1455 0.875223
1454 0.873577
1457 0.867989
1456 0.876842
1459 0.883041
1461 0.880106
1460 0.877912
1458 0.870917
1462 0.881415
1463 0.884135
1464 0.885871
1466 0.891815
1469 0.899049
1468 0.898708
1465 0.888332
1467 0.894065
1470 0.904884
1472 0.90787
1471 0.904469
1474 0.914105
1475 0.917824
1473 0.914086
1478 0.921465
1476 0.926778
1479 0.923526
1477 0.920732
1481 0.922472
1480 0.921754
1482 0.923867
1483 0.92487
1484 0.927421
1485 0.943821
1486 0.943347
1487 0.946932
1488 0.94192
1492 0.937167
1491 0.937406
1490 0.937296
1493 0.94109
1489 0.934702
1496 0.9454
1494 0.938664
1497 0.949632
1498 0.950679
1499 0.953477
1495 0.943245
1501 0.95042
1505 0.944969
1504 0.948692
1503 0.950498
1500 0.949527
1502 0.94957
1507 0.942265
1506 0.943225
1511 0.959339
1510 0.938186
1509 0.935995
1508 0.941811
1513 0.945914
1512 0.946576
1514 0.940925
1516 0.947144
1515 0.938691
1517 0.950714
1518 0.947081
1520 0.933444
1519 0.941744
1522 0.946964
1521 0.933577
1523 0.955064
1524 0.948668
1525 0.946834
1527 0.947904
1528 0.947681
1526 0.943025
1529 0.947994
1531 0.951948
1530 0.953704
1532 0.928796
1535 0.907992
1534 0.926602
1533 0.925246
1536 0.896302
1539 0.893214
1538 0.898975
1537 0.904171
1541 0.901455
1540 0.892677
1543 0.904649
1542 0.885545
1547 0.894472
1546 0.863965
1544 0.873907
1545 0.869353
1548 0.882281
1549 0.876936
1551 0.856954
1553 0.850574
1550 0.855159
1552 0.846162
1554 0.848094
1555 0.849172
1557 0.854015
1558 0.850018
1559 0.84981
1556 0.853713
1563 0.847451
1560 0.843246
1561 0.845633
1565 0.850089
1562 0.852189
1564 0.847792
1566 0.850578
1569 0.8559
1567 0.85157
1570 0.855516
1568 0.854164
1571 0.858412
1572 0.860305
1573 0.864858
1574 0.869721
1575 0.879483
1577 0.877782
1576 0.874232
1578 0.905378
1579 0.883472
1580 0.892101
1581 0.895052
1582 0.899461
1583 0.901087
1585 0.89756
1586 0.901781
1589 0.888222
1587 0.89138
1584 0.901534
1588 0.893332
1590 0.877931
1594 0.882841
1592 0.880819
1591 0.876042
1595 0.884374
1593 0.882034
1597 0.887007
1596 0.88877
1598 0.885506
1601 0.888723
1599 0.883088
1600 0.887144
1602 0.890698
1603 0.893951
1607 0.913917
1604 0.902498
1606 0.905272
1605 0.907392
1608 0.899112
1610 0.892803
1611 0.905668
1609 0.89774
1613 0.903552
1612 0.906934
1614 0.898089
1617 0.89794
1616 0.898814
1615 0.897192
1618 0.897063
1619 0.89805
1621 0.897646
1620 0.897117
1622 0.892113
1623 0.892948
1625 0.856578
1624 0.889362
1626 0.85505
1629 0.853561
1631 0.86286
1628 0.855735
1630 0.850767
1627 0.856421
1633 0.8775
1632 0.869612
1634 0.902184
1635 0.867417
1636 0.88861
1637 0.894602
1639 0.902043
1638 0.89765
1643 0.902749
1640 0.902619
1641 0.903591
1642 0.900217
1644 0.9099
1645 0.913886
1646 0.915665
1649 0.872986
1647 0.879424
1648 0.875439
1651 0.84376
1650 0.844932
1652 0.863432
1654 0.864682
1653 0.876328
1655 0.862711
1658 0.874926
1656 0.871693
1659 0.867715
1657 0.873836
1661 0.873346
1660 0.869784
1662 0.887861
1663 0.867993
1665 0.888759
1666 0.892266
1664 0.880326
1667 0.891737
1671 0.900362
1668 0.891608
1673 0.882626
1669 0.895554
1670 0.896526
1672 0.892956
1676 0.894649
1674 0.890855
1679 0.897768
1677 0.89952
1675 0.891165
1678 0.892133
1680 0.898324
1682 0.893508
1681 0.905468
1683 0.899429
1684 0.878899
1685 0.843462
1688 0.838654
1686 0.884178
1687 0.901659
1691 0.813762
1689 0.830742
1690 0.818484
1692 1695 0.830667
0.814683
1696 0.825197
1693 0.814487
1694 0.827905
1697 0.826643
1700 0.831032
1698 0.832129
1699 0.830675
1703 0.831243
1701 0.82638
1702 0.831091
1707 0.798824
1704 0.802531
1706 0.806677
1705 0.804788
1709 0.785676
1708 0.797287
1710 0.832658
1711 0.825369
1712 0.836926
1715 0.820784
1714 0.83613
1713 0.826529
1716 0.814632
1717 0.817732
1718 0.820353
1721 0.823672
1719 0.823943
1720 0.825306
1722 0.819997
1723 0.818899
1724 0.817963
1727 0.809651
1725 0.811822
1726 0.815921
1728 0.810106
1730 0.792217
1729 0.813923
1732 0.788811
1733 0.76716
1731 0.778544
1736 0.772004
1735 0.762375
1734 0.779422
1738 0.735505
1737 0.766662
1739 0.737307
1742 0.72606
1740 0.728604
1741 0.72907
1743 0.706604
1744 0.702246
1745 0.699491
1749 0.65954
1747 0.672597
1746 1748 0.6927120.682033

1751 0.663423
1750 0.658082
1752 0.655821
1756 0.590441
1755 0.590303
1753 0.656115
1757 0.583312
1754 0.653317
1762 0.576572
1759 0.584351
1761 0.572653
1760 0.56672
1758 0.580577
1763 0.588262
1764 0.587905
1765 0.585448
1767 0.590844
1769 0.597197
1766 0.589281
1768 0.593207
1772 0.608048
1770 0.599305
1771 0.605755
1773 0.607562
1774 0.606484
1775 0.612397
1777 0.603909
1776 0.605755
1779 0.596307
1778 0.599301
1781 0.584374
1780 0.591503
1782 0.5758
1783 0.57187
1784 0.562034
1786 0.545457
1787 0.53907
1785 0.551853
1789 0.52865
1788 0.533885
1791 0.523716
1790 0.522376
1792 0.521063
1793 0.515087
1796 0.498985
1794 0.498331
1795 0.492002
1797 0.482758
1798 0.479775
1799 0.476672
1801 0.470296
1800 0.475304
1803 0.472655
1802 0.470037
1805 0.476664
1804 0.474403
1806 0.474595
1807 0.476264
1809 0.480387
1808 0.47713
1810 0.468489
1811 0.465327
1814 0.471425
1813 0.473686
1815 0.467012
1817 0.452031
1812 0.470962
1816 0.46539
1819 0.443092
1818 0.440698
1823 0.430478
1822 0.430564
1821 0.435196
1820 0.436293
1824 0.428048
1825 0.426245
1827 0.453308
1826 0.45064
1829 0.440753
1828 0.453575
1830 0.433456
1831 0.432993
1832 0.429976
1833 0.429968
1834 0.395052
1835 0.425164
1839 0.383774
1837 0.426555
1836 0.4246
1838 0.422648
1840 0.375361
1841 0.369028
1842 0.365344
1844 0.35532
1843 0.363134
1847 0.334092
1845 0.344857
1846 0.340245
1849 0.325451
1850 0.318696
1848 0.327575
1852 0.309941
1851 0.313147
1853 0.305078
1855 0.291492
1857 0.28532
1856 0.28617
1859 0.284497
1854 0.295501
1858 0.285543
1860 0.274245
1862 0.272243
1861 1864 0.2591620.271859

1863 0.261623
1865 0.253041
1867 0.243483
1868 0.244094
1866 0.245207
1869 0.246328
1871 0.251187
1870 0.247751
1874 0.256924
1873 0.248824
1875 0.265271
1872 0.247735
1876 0.264707
1877 0.26745
1878 0.274633
1879 0.28349
1880 0.291907
1882 0.301673
1883 0.302417
1881 0.298177
1884 0.311657
1885 0.309745
1886 0.312183
1888 0.334563
1889 0.341283
1887 0.324597
1891 0.361582
1890 0.35061
1893 0.378668
1894 0.391725
1892 0.369992
1895 0.388888
1898 0.405562
1897 0.394437
1896 0.394276
1899 0.400484
1901 0.423138
1900 0.421845
1902 0.443966
1905 0.48628
1903 0.452552
1906 0.492311
1904 0.467631
1907 0.506117
1908 0.519801
1910 0.517478
1911 0.519433
1913 0.513943
1912 0.518634
1909 0.52568
1914 0.511031
1915 0.506866
1918 0.498425
1917 0.4975
1916 0.501575
1919 0.495149
1920 0.493134
1921 0.490591
1922 0.490869
1925 0.468952
1924 0.473635
1923 0.490434
1926 0.466264
1930 0.452485
1927 0.464006
1928 0.457031
1929 0.456169
1931 0.447736
1932 0.434667
1933 0.434193
1936 0.413423
1935 0.41619
1937 0.402318
1934 0.426022
1939 0.385526
1938 0.386364
1941 0.372014
1940 0.390589
1943 0.366645
1942 0.371544
1944 0.362072
1947 0.342122
1945 0.359717
1948 0.339563
1949 0.328759
1946 0.347165
1952 0.305007
1950 0.319781
1951 0.31625
1953 0.295747
1954 0.291546
1955 0.267999
1956 0.259895
1957 0.251579
1959 0.216177
1960 0.223384
1958 0.241046
1961 0.214692
1962 0.179623
1965 0.154857
1966 0.156707
1964 0.16811
1963 0.180199
1967 0.143038
1969 0.136619
1971 0.112495
1968 0.139954
1972 0.108138
1970 0.123405
1973 0.0999318
1974 0.09211
1976 0.0808985
1977 0.0769288
1979 0.0715954
1975 0.0891318
1978 0.0753927
1981 0.0690952
1980 0.0694793
1985 0.0661915
1982 0.0699613
1984 0.0694714
1983 0.0696831
1987 0.0661993
1986 0.066309
1989 0.0657643
1990 0.0657878
1988 0.0657917
1991 0.0661875
1993 0.0668655
1992 0.0666304
1994 0.0673749
1995 0.0674376
1996 0.0672534
1997 0.0660935
2000 0.0676022
1998 0.0671947
1999 0.067418
2001 2002 0.0754945
0.080103
2003 0.0921923
2004 0.110904
2005 0.119204
2007 0.154833
2008 0.165069
2006 0.136584
2009 0.185411
2010 0.203849
2011 0.215801
2015 0.265828
2012 0.237084
2014 0.252665
2013 0.255333
2016 0.281036
2017 0.289975
2019 0.322387
2018 0.309718
2020 0.324354
2021 0.328465
2022 0.340586
2023 0.345754
2025 0.370705
2027 0.395891
2026 0.383441
2024 0.353451
2028 0.413161
2029 0.423498
2031 0.43703
2033 0.422538
2032 0.430133
2030 0.436904
2034 0.422699
2036 0.434965
2035 0.455906
2039 0.423236
2038 0.421982
2037 0.419627
2040 0.416378
2041 0.410135
2042 0.399245
2045 0.379072
2044 0.385447
2043 0.390377
2046 0.368616
2048 0.365125
2051 0.350939
2047 0.36766
2049 0.362562
2050 0.361151
2052 0.353055
2053 0.347091
2055 0.330005
2054 0.336259
2056 0.327713
2057 0.266886
2058 0.269778
2059 0.250948
2061 0.205683
2063 0.191333
2062 0.203947
2060 0.214606
2064 0.182406
2069 0.150198
2067 0.185646
2065 0.197121
2068 0.179459
2066 0.171633
2070 0.141851
2071 0.137152
2072 0.132955
2075 0.115046
2074 0.122006
2073 0.128766
2076 0.111006
2078 0.103345
2077 0.109329
2079 0.0968674
2080 0.0940145
2081 0.0877759
2083 0.080683
2082 0.0823053
2084 0.0759844
2085 0.0729748
2087 0.0729944
2086 0.0733667
2090 0.0724497
2088 0.073159
2089 0.0727318
2093 0.0726613
2092 0.072771
2091 0.0725398
2095 0.0731433
2094 0.0729317
2097 0.073112
2098 0.0731982
2099 0.07359
2096 0.0737468
2101 0.0838963
2103 0.099344
2100 0.0780456
2102 0.0911186
2104 0.0983526
2105 0.10612
2107 0.120975
2106 0.12067
2110 0.144221
2108 0.131505
2111 0.156209
2109 0.142297
2112 0.169176
2114 0.187331
2116 0.206729
2113 0.17467
2117 0.219716
2115 0.199758
2118 0.23237
2120 0.256196
2119 0.243146
2123 0.29041
2122 0.276052
2121 0.267415
2128 0.340946
2125 0.308895
2124 0.303988
2126 0.324052
2129 0.351139
2127 0.334774
2131 0.366104
2130 0.360046
2134 0.382453
2132 0.372457
2135 0.388512
2133 0.380557
2136 0.394025
2141 0.397936
2140 0.402968
2138 0.391674
2137 0.390236
2139 0.400162
2142 0.401706
2143 0.401761
2145 0.404876
2144 0.404649
2146 0.40316
2147 0.402882
2153 0.366955
2148 0.400499
2149 0.39912
2152 0.377935
2151 0.379158
2150 0.394206
2154 0.359901
2155 0.362738
2158 0.373644
2156 0.362617
2157 0.376685
2159 0.376203
2161 0.369725
2162 0.367911
2160 0.369098
2165 0.36516
2164 0.370443
2163 0.368616
2166 0.359807
2171 0.348678
2168 0.351734
2167 0.358906
2170 0.353843
2169 0.35177
2173 0.341749
2176 0.309577
2177 0.297264
2174 0.333661
2172 0.343689
2175 0.320142
2179 0.267834
2178 0.277894
2180 0.256587
2182 0.238095
2181 0.243303
2183 0.228251
2187 0.183907
2184 0.215072
2186 0.191689
2185 0.201658
2188 0.17958
2189 0.168514
2190 0.159438
2191 0.154739
2192 0.144331
2195 0.121352
2193 0.134017
2194 0.129467
2196 0.114016
2197 0.111947
2198 0.102843
2200 0.0954135
2199 0.0969653
2201 0.0905621
2202 0.0845782
2204 0.0768308
2203 0.081788
2205 0.0749655
2207 0.0736096
2206 0.0753652
2208 0.0722616
2209 0.07118
2210 0.0679941
2213 0.0617476
2211 0.0655174
2212 0.064334
2214 0.0592474
2215 0.0578602
2219 0.0565631
2216 0.0570098
2218 0.0558225
2217 0.0565435
2221 0.0567199
2220 0.0565278
2222 0.0568727
2225 0.0583226
2224 0.0589026
2223 0.0574879
2226 0.0580209
2229 0.0587341
2228 0.0591064
2231 0.0590123
2230 0.0585303
2227 0.0583696
2232 0.0591299
2234 0.0600625
2233 0.0594355
2236 0.0577544
2237 0.0577505
2235 0.056665
2239 0.059126
2238 0.0582913
2243 0.0584559
2240 0.0590946
2242 0.0591299
2241 0.0585813
2247 0.0596197
2244 0.0595492
2245 0.0598431
2248 0.0592161
2246 0.0600978
2249 0.0606974
2250 0.0605093
2253 0.0619827
2251 0.0609991
2254 0.0625157
2252 0.0616222
2255 0.0637932
2256 0.0633582
2257 0.0638402
2258 0.063946
2259 0.0647141
2261 0.0621081
2260 0.0615438
2262 0.0641851
2263 0.0645965
2267 0.0704315
2264 0.0648121
2265 0.0648904
2266 0.0658388
2270 0.0877132
2268 0.0779908
2273 0.112754
2269 0.0837317
2271 0.0994224
2272 0.105508
2274 0.11556
2275 0.122081
2276 0.130098
2279 0.139249
2278 0.136533
2277 0.133927
2281 0.143293
2282 0.145154
2280 0.142427
2283 0.146412
2284 0.147368
2285 0.146388
2286 0.148603
2287 0.149841
2288 0.151404
2289 0.152831
2291 0.156828
2290 0.154112
2292 0.156883
2295 0.155637
2293 0.156883
2294 0.157087
2296 0.157239
2297 0.158031
2300 0.165242
2299 0.164352
2298 0.161856
2303 0.173095
2302 0.169474
2301 0.168122
2307 0.176978
2305 0.176108
2304 0.174697
2308 0.177691
2309 0.178444
2306 0.177135
2314 0.171073
2310 0.177264
2312 0.173369
2311 0.177104
2313 0.171472
2315 0.168138
2317 0.161268
2319 0.153991
2316 0.163384
2318 0.156029
2320 0.152976
2321 0.151569
2323 0.14198
2322 0.146349
2326 0.131544
2325 0.129154
2324 0.135784
2327 0.125662
2328 0.124342
2331 0.119373
2329 0.123162
2332 0.118032
2330 0.122888
2333 0.116022
2334 0.113173
2335 0.10675
2337 0.0992617
2338 0.0960836
2339 0.0927096
2336 0.103596
2343 0.0862554
2340 0.091385
2341 0.0907267
2344 0.0860124
2342 0.0882696
2345 0.0841236
2346 0.0835828
2347 0.0821878
2348 0.0793075
2349 0.0757062
2350 0.0755455
2351 0.074844
2352 0.0758159
2354 0.075667
2353 0.0760471
2357 0.0722302
2356 0.072677
2355 0.0737076
2361 0.0671359
2358 0.0711095
2363 0.0654195
2359 0.070455
2362 0.0673122
2360 0.0663364
2365 0.065972
2364 0.0658309
2368 0.0676923
2369 0.0697614
2366 0.0670144
2367 0.0676414
2370 0.0698555
2372 0.0712937
2371 0.0702669
2373 0.0721558
2374 0.0718344
2375 0.0708979
2377 0.0702787
2376 0.0704315
2378 0.0709175
2379 0.0693696
2380 0.0688523
2381 0.0685701
2382 0.0678922
2385 0.0843117
2383 0.0686759
2384 0.0770072
2387 0.0998887
2386 0.0901506
2388 0.109995
2389 0.112103
2391 0.123182
2393 0.127285
2390 0.119753
2392 0.125027
2396 0.131004
2394 0.130404
2398 0.130239
2395 0.131787
2397 0.130949
2399 0.130122
2400 0.13192
2402 0.134201
2403 0.135604
2401 0.13223
2404 0.137364
2405 0.139468
2409 0.146439
2408 0.144225
2406 0.140796
2407 0.141502
2411 0.14952
2410 0.147129
2413 0.150793
2415 0.140338
2412 0.152368
2416 0.137356
2414 0.147255
2417 0.12
2418 0.117331
2421 0.105786
2420 0.111668
2423 0.0959033
2422 0.102781
2419 0.117068
2428 0.0714739
2424 0.0904759
2425 0.0876426
2427 0.0748205
2426 0.0809886
2429 0.0658466
2430 0.0609521
2433 0.0602036
2431 0.0587027
2432 0.0554619
2435 0.0701455
2434 0.063993
2436 0.0749812
2437 0.0804831
2438 0.0852209
2439 0.0881442
2440 0.0898254
2441 0.0917456
2442 0.0933052
2443 0.0944965
2444 0.0965617
2446 0.0982546
2447 0.0995399
2445 0.0971848
2449 0.100578
2448 0.101029
2452 0.104685
2450 0.103682
2453 0.102996
2451 0.104062
2454 0.104195
2457 0.103459
2456 0.102871
2455 0.10581
2459 0.10929
2458 0.106104
2460 0.113111
2462 0.118111
2463 0.11699
2461 0.115724
2464 0.11284
2465 0.107711
2467 0.0987797
2466 0.100708
2468 0.0941791
2469 0.0896138
2471 0.0851973
2470 0.0886811
2473 0.077834
2474 0.0743385
2476 0.0714191
2472 0.0799462
2475 0.0722459
2477 0.0692716
2478 0.0686524
2480 0.0678491
2482 0.0650746
2483 0.0657565
2479 0.0691501
2481 0.0659955
2486 0.065972
2484 0.0665206
2485 0.0651491
2487 0.0670301
2488 0.0674572
2489 0.0683115
2491 0.0695028
2490 0.0692246
2492 0.0699691
2494 0.0703884
2495 0.0712427
2493 0.0707254
2497 0.072191
2496 0.0716816
2499 0.0734725
2500 0.074025
2498 0.0726535
2501 0.074554
2503 0.075279
2505 0.0754005
2502 0.0744639
2506 0.075808
2504 0.0755494
2507 0.0756121
2509 0.0808044
2508 0.0780221
2510 0.0846997
2511 0.0908247
2513 0.103796
2512 0.0952646
2514 0.11159
2516 0.120164
2517 0.122374
2515 0.114267
2519 0.125188
2518 0.123331
2520 0.125462
2522 0.128017
2525 0.130373
2523 0.128656
2521 0.125839
2524 0.129028
2529 0.137254
2527 0.133449
2526 0.132598
2528 0.135377
2530 0.138136
2531 0.139691
2533 0.141619
2535 0.143011
2532 0.141173
2534 0.142956
2537 0.145562
2536 0.144006
2539 0.148446
2538 0.147729
2540 0.148062
2542 0.149759
2541 0.149175
2543 0.151483
2544 0.154426
2545 0.155237
2549 0.158999
2546 0.155856
2547 0.158603
2548 0.159963
2550 0.15584
2551 0.154375
2552 0.150295
2553 0.147051
2554 0.141188
2555 0.135424
2556 0.131901
2557 0.129021
2560 0.110356
2559 0.114674
2558 0.12174
2561 0.103278
2562 0.0955311
2565 0.0785198
2563 0.0915418
2564 0.0847193
2567 0.0690286
2566 0.0746207
2568 0.0639695
2569 0.0614615
2571 0.0548702
2570 0.0576643
2573 0.0538239
2572 0.0547801
2575 0.0525738
2574 0.0526757
2579 0.052613
2576 0.0526404
2578 0.0526209
2577 0.0526287
2581 0.052515
2580 0.052711
2583 0.0525582
2582 0.0524406
2584 0.0524563
2585 0.0505518
2588 0.0516568
2586 0.0512375
2589 0.0514727
2590 0.0519468
2587 0.05141
2591 0.0521114
2593 0.0525386
2595 0.0528325
2592 0.0521232
2594 0.0527698
2597 0.0531146
2596 0.0528873
2598 0.0528481
2602 0.0530402
2601 0.0529461
2599 0.0529304
2600 0.0529344
2603 0.0530049
2604 0.0529971
2606 0.0532165
2605 0.0530441
2608 0.0533223
2607 0.0532831
2609 0.0533733
2614 0.0520683
2610 0.0519468
2611 0.0518645
2615 0.051794
2613 0.0519939
2612 0.0521388
2617 0.0520252
2619 0.051939
2620 0.0520605
2616 0.0518018
2618 0.0519625
2621 0.0522329
2622 0.0522486
2623 0.0523152
2624 0.0522055
2626 0.0593807
2627 0.066117
2625 0.0562731
2631 0.0832419
2628 0.0726182
2629 0.0759687
2630 0.0778301
2632 0.0848603
2633 0.0875917
2634 0.089218
2637 0.0899194
2635 0.087
2639 0.102467
2636 0.0870979
2638 0.0930035
2645 0.160931
2640 0.11152
2642 0.125533
2644 0.146968
2641 0.116195
2643 0.139162
2646 0.173099
2648 0.192896
2647 0.178773
2651 0.21479
2649 0.20321
2650 0.206232
2653 0.223098
2652 0.222216
2656 0.23233
2655 0.228032
2657 0.241908
2654 0.225402
2658 0.246936
2663 0.26234
2661 0.262395
2659 0.250161
2662 0.258378
2660 0.259695
2664 0.263085
2666 0.257171
2667 0.252112
2668 0.248852
2665 0.2602
2669 0.250016
2670 0.252253
2671 0.244874
2673 0.241955
2672 0.238773
2674 0.254977
2675 0.252829
2676 0.26004
2679 0.262356
2678 0.263002
2680 0.259985
2681 0.24991
2677 0.261047
2685 0.234117
2682 0.245078
2683 0.24197
2687 0.230132
2686 0.233044
2684 0.239286
2689 0.223964
2688 0.226582
2691 0.212607
2692 0.20044
2693 0.192653
2690 0.214539
2697 0.179878
2694 0.194985
2696 0.186399
2695 0.192598
2698 0.176398
2699 0.170602
2702 0.154136
2701 0.160253
2700 0.163972
2703 0.147157
2704 0.14379
2705 0.137689
2706 0.131368
2708 0.121853
2707 0.127955
2709 0.116532
2711 0.111527
2710 0.113408
2714 0.113479
2712 0.112707
2715 0.114318
2713 0.113103
2716 0.114075
2717 0.114396
2718 0.114063
2719 0.113608
2720 0.113973
2721 0.11458
2722 0.115066
2723 0.115783
2727 0.117848
2724 0.116073
2725 0.116218
2726 0.116974
2728 0.118569
2729 0.122617
2730 0.127743
2731 0.131219
2732 0.137364
2733 0.142705
2734 0.144327
2735 0.145087
2738 0.155366
2736 0.15055
2737 0.150472
2740 0.159783
2739 0.158505
2741 0.158736
2743 0.163341
2742 0.162338
2745 0.16387
2746 0.163345
2744 0.163956
2747 0.164332
2748 0.167416
2749 0.167663
2750 0.169932
2751 0.172287
2752 0.17282
2753 0.17407
2754 0.176085
2755 0.176053
2757 0.177891
2756 0.177734
2758 0.178718
2759 0.179702
2760 0.176104
2763 0.17971
2761 27620.17701
 0.178679
2765 0.181065
2764 0.180811
2766 0.182206
2769 0.186849
2767 0.18335
2768 0.186556
2770 0.187398
2771 0.186336
2773 0.18768
2777 0.191113
2774 0.188601
2772 0.187359
2776 0.189538
2775 0.189667
2779 0.192967
2780 0.194624
2783 0.198394
2778 0.192289
2781 0.196098
2782 0.197073
2786 0.198723
2785 0.197207
2784 0.19993
2787 0.198727
2788 0.200683
2789 0.202227
2790 0.202297
2791 0.20285
2792 0.203677
2793 0.204135
2795 0.205366
2794 0.204719
2799 0.205103
2796 0.204194
2797 0.204891
2798 0.204503
2800 0.205746
2801 0.205123
2804 0.205224
2802 0.20546
2805 0.20671
2806 0.205432
2807 0.207227
2803 0.205467
2808 0.206996
2810 0.205902
2809 0.206988
2811 0.20709
2813 0.20903
2812 0.20783
2814 0.209335
2815 0.209994
2818 0.211373
2819 0.211757
2816 0.210229
2817 0.211538
2822 0.212807
2820 0.213838
2823 0.212462
2821 0.213709
2825 0.212458
2824 0.213027
2827 0.211812
2828 0.210464
2826 0.211965
2830 0.210585
2831 0.210762
2829 0.210844
2833 0.210005
2832 0.210389
2834 0.210432
2836 0.205679
2837 0.207176
2835 0.205354
2838 0.206933
2839 0.207051
2841 0.208712
2840 0.207446
2843 0.208344
2842 0.209104
2846 0.209135
2844 0.208532
2845 0.208442
2847 0.209398
2848 0.209269
2849 0.209739
2852 0.21298
2851 0.211146
2855 0.21584
2850 0.210922
2853 0.214782
2854 0.216005
2859 0.212772
2856 0.216401
2858 0.214461
2857 0.216526
2860 0.207231
2861 0.207219
2862 0.207027
2863 0.207235
2865 0.209363
2866 0.209508
2864 0.208105
2867 0.210852
2868 0.211753
2869 0.213375
2870 0.215041
2871 0.21771
2872 0.217102
2873 0.21537
2875 0.214379
2874 0.215472
2876 0.212572
2878 0.211498
2879 0.212411
2877 0.21227
2880 0.214457
2882 0.218364
2885 0.224477
2883 0.221448
2884 0.22327
2881 0.215876
2888 0.229509
2887 0.229207
2889 0.230144
2890 0.231523
2886 0.227683
2891 0.23175
2892 0.230681
2893 0.229869
2895 0.227228
2896 0.228514
2894 0.226962
2897 0.228886
2900 0.231006
2899 0.231069
2903 0.230363
2902 0.231131
2898 0.230054
2901 0.231206
2904 0.229787
2909 0.231605
2906 0.23081
2907 0.231586
2905 0.230085
2908 0.232009
2910 0.226538
2911 0.227032
2912 0.227185
2915 0.228419
2913 0.2286
2914 0.228514
2918 0.227373
2916 0.228372
2920 0.227922
2917 0.228
2921 0.228878
2919 0.227745
2922 0.229176
2923 0.229329
2924 0.229532
2926 0.22829
2927 0.22927
2925 0.229015
2930 0.233224
2932 0.234462
2928 2931 0.230022
0.233961
2929 0.230344
2933 0.237025
2936 0.233102
2935 0.234929
2934 0.237319
2937 0.233639
2938 0.233643
2939 0.239929
2940 0.239945
2941 0.240709
2942 0.240846
2945 0.245203
2944 0.24221
2943 0.240611
2946 0.251524
2949 0.264237
2947 0.255443
2948 0.259805
2950 0.266635
2951 0.272219
2952 0.273305
2953 0.274735
2954 0.281244
2955 0.283627
2957 0.29184
2956 0.286483
2958 0.298189
2959 0.30373
2963 0.32156
2960 0.305564
2961 0.311246
2962 0.314573
2964 0.327822
2965 0.331106
2966 0.338505
2967 0.344481
2968 0.349955
2969 0.357103
2970 0.362342
2973 0.376756
2974 0.379056
2975 0.384609
2972 0.370893
2971 0.365619
2978 0.400107
2976 0.392928
2981 0.410006
2979 0.404841
2980 0.405609
2977 0.395221
2984 0.422675
2982 0.415367
2983 0.41869
2987 0.441078
2985 0.435772
2986 0.437598
2990 0.456996
2988 0.444609
2989 0.450165
2991 0.461255
2992 0.466565
2993 0.472796
2995 0.491735
2996 2994 0.495356
0.489866
2999 0.519167
2997 0.505126
2998 0.511682
3003 0.544823
3001 0.52854
3002 0.537063
3000 0.526914
3004 0.550046
3005 0.555399
3006 0.562382
3007 0.564726
3008 0.572003
3009 0.585021
3010 0.593109
3011 0.624639
3012 0.631211
3013 0.634824
3015 0.665418
3014 0.651549
3017 0.681591
3016 0.670258
3018 0.689122
3020 0.696713
3023 0.712611
3019 0.691728
3021 0.704057
3022 0.705969
3024 0.694679
3027 0.705319
3028 0.751093
3025 0.69783
3029 0.755161
3026 0.701298
3030 0.739376
3033 0.749745
3031 0.741101
3034 0.771447
3032 0.746885
3035 0.779916
3038 0.763868
3037 0.782541
3039 0.740466
3040 0.739212
3036 0.760643
3041 0.735266
3044 0.752434
3042 0.734262
3045 0.75239
3043 0.735117
3046 0.751799
3047 0.732084
3049 0.750729
3050 0.750082
3048 0.732232
3052 0.72945
3053 0.729239
3051 0.730461
3054 0.728118
3057 0.725578
3055 0.727056
3056 0.723909
3058 0.726444
3059 0.729999
3060 0.729654
3063 0.754761
3061 0.751979
3062 0.752492
3065 0.758182
3064 0.755184
3066 0.75828
3067 0.757109
3068 0.75676
3069 0.75783
3071 0.760165
3070 0.758586
3073 0.761717
3072 0.76109
3074 0.764754
3075 0.765757
3076 0.765698
3077 0.764084
3079 0.762803
3078 0.762842
3081 0.760679
3082 0.765338
3080 0.759468
3083 0.769703
3085 0.780978
3084 0.771044
3086 0.777345
3087 0.786252
3089 0.78191
3088 0.785657
3092 0.787063
3091 0.786687
3090 0.785504
3093 0.787785
3094 0.787428
3095 0.786182
3097 0.785237
3098 0.785175
3096 0.785508
3099 0.785711
3101 0.787765
3100 0.786338
3102 0.787832
3103 0.787232
3106 0.78829
3107 0.788611
3104 0.788333
3105 0.78838
3108 0.788666
3109 0.787902
3110 0.788125
3111 0.787389
3112 0.788282
3113 0.788772
3114 0.788568
3117 0.786962
3116 0.788737
3115 0.789955
3118 0.786158
3119 0.788298
3122 0.790626
3120 0.789376
3123 0.790853
3121 0.791323
3124 0.790818
3125 0.790653
3127 0.790316
3129 0.788937
3131 0.789912
3128 0.790477
3126 0.790359
3130 0.788408
3133 0.790653
3135 0.774461
3134 0.78976
3132 0.791934
3137 0.773481
3136 0.773462
3138 0.793561
3140 0.771929
3139 0.793138
3143 0.771796
3141 0.772701
3142 0.772838
3145 0.768931
3147 0.797417
3144 0.769829
3146 0.777337
3149 0.797299
3148 0.787353
3150 0.786781
3154 0.795551
3151 0.787142
3155 0.794654
3153 0.795845
3152 0.796037
3158 0.790445
3156 0.79309
3157 0.791754
3161 0.770464
3159 0.790187
3160 0.768007
3163 0.77004
3162 0.771102
3164 0.771185
3166 0.77104
3165 0.771322
3167 0.771126
3168 0.7716
3173 0.769813
3171 0.770926
3170 0.771126
3169 0.771157
3172 0.769496
3174 0.769402
3175 0.769468
3177 0.77182
3179 0.770499
3176 0.770001
3178 0.770809
3182 0.771087
3180 0.770946
3185 0.802104
3181 0.770099
3184 0.773979
3183 0.77267
3186 0.802958
3187 0.801496
3189 0.812273
3191 0.803256
3188 0.801477
3190 0.810415
3193 0.813817
3192 0.802919
3194 0.818315
3197 0.813386
3195 0.815404
3196 0.815239
3198 0.810917
3199 0.811669
3200 0.810168
3201 0.811324
3203 0.809878
3202 0.810012
3205 0.809941
3204 0.809914
3207 0.809796
3206 0.810262
3208 0.810882
3209 0.810517
3210 0.787491
3213 0.80891
3212 0.788153
3214 0.809718
3215 0.789826
3211 0.78782
3216 0.809569
3218 0.809624
3217 0.809596
3219 0.809099
3221 0.808664
3220 0.808319
3222 0.808303
3225 0.808624
3224 0.807899
3223 0.808174
3226 0.808605
3227 0.809373
3228 0.811062
3229 0.811301
3230 0.811481
3233 0.811305
3231 0.811164
3232 0.81114
3236 0.810995
3234 0.811168
3238 0.810059
3235 0.789575
3237 0.810893
3239 0.809929
3241 0.80978
3244 0.809439
3242 0.809216
3240 0.809185
3243 0.809518
3245 0.809847
3246 0.809843
3250 0.809506
3248 0.809867
3251 0.809882
3247 0.810309
3249 0.809232
3257 0.807194
3252 0.80949
3255 0.807331
3253 0.809616
3256 0.807229
3254 0.808401
3258 0.808628
3263 0.80786
3259 0.808973
3260 0.805564
3261 0.805391
3262 0.806011
3265 0.806434
3264 0.80795
3267 0.805082
3266 0.805227
3268 0.805172
3269 0.806226
3271 0.807476
3273 0.80766
3272 0.807053
3274 0.807954
3270 0.806661
3275 0.808315
3276 0.811128
3277 0.810838
3278 0.811293
3281 0.812132
3279 0.811759
3280 0.81174
3282 0.813872
3285 0.822066
3283 0.814365
3284 0.815169
3286 0.822528
3287 0.822089
3288 0.820867
3290 0.81897
3293 0.822187
3289 0.819174
3292 0.820051
3291 0.819475
3296 0.820545
3295 0.8212
3294 0.822136
3297 0.820953
3298 0.820612
3299 0.820106
3302 0.81915
3300 0.819503
3303 0.819299
3304 0.818919
3305 0.819413
3301 0.818617
3310 0.799764
3306 0.818982
3307 0.818989
3311 0.822383
3309 0.818268
3308 0.818002
3312 0.800881
3316 0.797287
3315 0.797593
3314 0.799063
3317 0.796394
3313 0.80043
3319 0.796143
3318 0.7957
3320 0.796884
3322 0.795234
3323 0.794905
3321 0.79358
3324 0.793945
3326 0.794928
3327 0.795446
3325 0.794874
3329 0.794681
3328 0.79516
3330 0.794133
3331 0.794439
3334 0.794172
3333 0.794435
3335 0.809882
3332 0.794141
3336 0.809561
3339 0.808703
3337 0.809596
3340 0.808726
3338 0.809271
3341 0.809349
3342 0.809106
3344 0.808922
3343 0.809059
3345 0.80797
3346 0.808217
3347 0.807127
3353 0.806485
3350 0.806739
3348 0.806775
3351 0.806779
3352 0.806555
3349 0.806818
3354 0.806736
3355 0.809745
3356 0.809616
3359 0.809631
3357 0.810027
3358 0.807327
3360 0.811744
3365 0.809796
3362 0.811058
3364 0.810717
3361 0.81098
3363 0.810807
3369 0.806238
3367 0.808103
3368 0.807233
3366 0.808374
3371 0.805705
3370 0.805967
3372 0.80534
3374 0.804322
3376 0.803883
3375 0.803828
3373 0.804878
3377 0.803377
3380 0.803334
3382 0.80306
3379 0.803459
3383 0.803859
3381 0.803264
3378 0.803726
3388 0.777392
3384 0.803722
3386 0.778133
3385 0.77901
3387 0.777843
3389 0.777478
3390 0.777157
3393 0.776318
3391 0.777176
3392 0.776546
3394 0.777188
3395 0.777321
3396 0.777431
3398 0.777945
3397 0.777882
3401 0.780174
3400 0.780041
3399 0.779077
3405 0.781083
3402 0.780417
3404 0.781389
3406 0.781475
3407 0.78117
3403 0.781064
3408 0.780954
3409 0.780323
3411 0.80063
3413 0.800078
3410 0.800893
3412 0.800842
3414 0.798914
3415 0.798886
3417 0.798538
3416 0.798581
3419 0.798592
3418 0.798361
3420 0.798185
3423 0.797813
3425 0.79938
3424 0.798573
3422 0.798118
3421 0.797836
3426 0.798604
3427 0.798263
3429 0.798479
3428 0.798534
3431 0.798573
3430 0.798494
3432 0.799929
3434 0.804663
3433 0.800187
3436 0.815702
3435 0.816732
3437 0.816278
3438 0.794889
3439 0.79447
3440 0.794913
3443 0.797393
3441 0.796657
3442 0.796911
3444 0.797213
3446 0.797852
3447 0.798318
3445 0.797005
3448 0.79833
3449 0.798902
3451 0.80112
3455 0.801704
3452 0.801551
3453 0.802209
3450 0.799886
3454 0.802174
3456 0.801692
3458 0.801665
3459 0.801567
3460 0.832309
3457 0.801794
3461 0.831659
3462 3463 0.831345
0.831302
3464 0.831141
3465 0.830789
3467 0.830718
3466 0.830534
3468 0.83004
3470 0.830107
3469 0.830691
3471 0.830342
3472 0.829946
3473 0.829782
3475 0.82955
3474 0.82959
3476 0.829856
3477 0.8291
3478 0.828916
3479 0.828955
3480 0.828743
3481 0.828461
3483 0.828845
3484 0.828771
3485 0.842557
3482 0.828896
3489 0.818264
3490 0.818633
3491 0.820502
3488 0.818523
3486 0.841652
3487 0.818366
3493 0.82415
3492 0.821772
3495 0.845049
3494 0.826169
3496 0.842686
3497 0.828285
3499 0.826404
3498 0.825894
3500 0.853149
3502 0.85525
3501 0.855967
3503 0.856488
3507 0.857311
3504 0.855504
3506 0.850469
3509 0.825859
3505 0.855457
3508 0.826733
3513 0.84691
3510 0.849736
3511 0.848878
3515 0.843787
3514 0.843615
3512 0.849246
3517 0.83816
3516 3518 3519 0.8385050.839606

0.83845
3521 0.836134
3520 0.836498
3523 0.836984
3522 0.837411
3525 0.836169
3526 0.837529
3524 0.836075
3527 0.838454
3530 0.839759
3529 0.839563
3533 0.816093
3532 0.8156
3528 0.838932
3531 0.815745
3534 0.815721
3536 0.811203
3539 0.812273
3535 0.811759
3537 0.81212
3538 0.812092
3541 0.81114
3544 0.809871
3540 0.811383
3543 0.811003
3542 0.810968
3545 0.8094
3549 0.809357
3546 0.809373
3548 0.80951
3547 0.809561
3550 0.809189
3551 0.8322
3555 0.832944
3552 0.832274
3553 0.833195
3554 0.833109
3557 0.833273
3556 0.83283
3558 0.833105
3560 0.830126
3559 0.832501
3562 0.829864
3563 0.829903
3561 0.829648
3564 0.830025
3565 0.830083
3567 0.831263
3566 0.830174
3568 0.829476
3569 0.828806
3572 0.830013
3570 0.828504
3573 0.830542
3574 0.829684
3571 0.828955
3575 0.829613
3576 0.829378
3580 0.830699
3578 0.829954
3579 0.831639
3577 0.829609
3581 0.831
3586 0.830828
3583 0.830514
3582 0.830957
3585 0.830467
3584 0.830503
3587 0.830334
3590 0.828978
3588 0.830209
3591 0.828735
3589 0.828982
3592 0.829127
3593 0.829609
3594 0.823249
3598 0.821478
3597 0.821756
3596 0.822896
3595 0.822458
3599 0.821787
3602 0.821529
3600 0.821666
3601 0.821086
3605 0.822171
3603 0.821721
3604 0.822058
3606 0.822144
3607 0.822697
3608 0.823892
3610 0.823731
3609 0.822744
3611 0.824358
3613 0.825056
3616 0.825263
3612 0.823935
3615 0.824836
3617 0.824852
3614 0.824542
3621 0.830177
3618 0.825075
3620 3619 0.828712
0.829719
3622 0.829731
3623 0.830044
3624 0.827454
3626 0.826799
3628 0.828293
3627 0.82687
3629 0.829699
3625 0.827329
3631 0.831192
3630 0.830757
3634 0.831138
3632 0.830895
3633 0.830898
3635 0.831765
3636 0.831118
3640 0.837486
3637 0.832736
3641 0.837345
3639 0.836608
3638 0.835856
3643 0.837176
3644 0.822787
3645 0.822164
3642 0.837039
3646 0.82281
3647 0.821125
3650 0.821399
3648 0.821149
3651 0.821055
3652 0.821921
3653 0.822152
3649 0.821407
3655 0.844822
3654 0.82174
3657 0.8455
3656 0.845688
3658 0.845178
3659 0.845892
3663 0.8482
3661 3660 0.846824
0.846405
3662 0.846954
3664 0.849093
3665 0.849505
3666 0.850226
3667 0.850418
3668 0.850657
3671 0.826815
3670 0.826827
3669 0.826686
3675 0.820028
3674 0.821309
3672 0.823661
3677 0.820283
3673 0.841275
3676 0.819993
3681 0.840127
3678 0.820326
3682 0.840782
3680 0.839786
3683 0.840245
3679 0.819871
3685 0.839328
3684 0.840245
3689 0.839238
3688 0.839888
3687 0.839727
3686 0.839516
3690 0.817179
3692 0.838665
3693 0.838258
3691 0.839124
3694 0.816117
3695 0.815235
3696 0.816203
3698 0.816724
3700 0.815784
3697 0.817512
3699 0.816117
3701 0.816168
3704 0.814573
3702 0.816007
3705 0.814252
3706 0.814205
3703 0.815157
3707 0.814405
3710 0.812202
3709 0.813037
3708 0.813617
3711 0.811728
3712 0.812155
3713 0.815145
3714 0.815118
3717 0.815388
3715 0.815004
3718 0.81522
3716 0.815294
3719 0.809439
3721 0.809106
3720 0.809294
3722 0.80895
3724 0.80951
3725 0.80864
3723 0.809255
3726 0.808707
3727 0.80837
3729 0.808667
3728 0.808142
3730 0.808025
3731 0.809279
3734 0.809275
3733 0.808867
3737 0.809271
3732 0.808593
3735 0.809796
3736 0.809581
3738 0.810423
3740 0.810427
3743 0.810125
3741 0.810384
3742 0.810317
3739 0.810521
3748 0.807594
3744 0.807484
3745 0.808091
3746 0.807672
3749 0.807096
3747 0.807809
3750 0.807214
3752 0.806567
3753 0.806591
3754 0.827607
3755 0.805956
3751 0.806665
3757 0.80565
3758 0.8048
3756 0.827842
3760 0.804024
3759 0.80507
3761 0.803232
3762 0.805775
3763 0.805254
3764 0.803891
3766 0.797742
3765 0.80226
3767 0.795395
3769 0.788713
3770 0.7886
3768 0.794141
3771 0.788145
3772 0.78827
3773 0.788831
3774 0.789046
3775 0.789266
3777 0.813103
3776 0.78947
3779 0.81288
3778 0.812951
3781 0.810929
3780 0.813194
3783 0.810768
3782 0.810858
3784 0.810686
3785 0.810599
3786 0.810862
3789 0.810791
3791 0.810447
3790 0.810678
3787 0.810623
3788 0.810721
3793 0.810129
3794 0.812437
3796 0.811908
3792 0.810415
3795 0.8121
3797 0.812445
3800 0.810803
3798 0.811865
3799 0.81163
3803 0.809914
3801 0.810752
3802 0.810454
3804 0.810035
3806 0.809275
3807 0.80902
3805 0.809776
3808 0.814691
3809 0.824691
3813 0.847937
3810 0.828371
3811 0.838285
3815 0.888069
3812 0.844305
3814 0.848235
3816 0.902737
3817 0.930027
3818 0.938123
3820 0.948167
3819 0.948135
3821 0.948324
3823 0.951376
3824 0.952164
3822 0.948696
3827 0.962556
3826 0.953308
3825 0.952505
3828 0.964085
3829 0.964512
3830 0.964865
3831 0.964998
3832 0.96526
3833 0.971785
3834 0.972067
3835 0.972059
3837 0.972157
3839 0.972181
3838 0.972408
3836 0.97202
3840 0.972204
3841 0.972153
3842 0.972106
3843 0.972032
3844 0.968548
3845 0.968548
3847 0.968533
3846 0.96838
3848 0.968548
3849 0.968525
3851 0.968721
3850 0.968501
3853 0.968881
3854 0.968881
3852 0.968846
3855 0.969065
3856 0.969179
3857 0.96528
3858 0.964982
3863 0.963979
3861 0.964379
3862 0.964916
3859 0.964841
3860 0.964508
3865 0.964222
3868 0.964049
3867 0.96392
3869 0.966389
3864 0.964006
3866 0.964136
3871 0.96586
3873 0.969755
3872 0.970896
3870 0.966197
3874 0.969837
3875 0.969763
3877 0.9697
3876 0.969677
3879 0.96972
3881 0.970108
3878 0.969712
3880 0.9697
3883 0.969034
3882 0.969077
3885 0.968591
3887 0.964351
3884 0.968971
3886 0.969187
3888 0.964136
3890 0.963779
3891 0.963763
3889 0.96403
3892 0.963826
3893 0.963677
3896 0.963489
3895 0.963352
3897 0.963477
3894 0.963658
3898 0.963223
3899 0.963293
3900 0.963603
3901 0.963904
3902 0.963556
3904 0.963728
3903 0.963912
3905 0.962161
3907 0.962114
3906 0.962121
3908 0.961628
3910 0.960785
3911 0.957921
3909 0.962223
3912 0.95825
3914 0.952136
3913 0.955887
3915 0.951698
3917 0.948668
3916 0.949068
3918 0.948594
3919 0.947728
3920 0.94725
3921 0.947861
3922 0.94861
3923 0.94821
3924 0.950663
3926 0.950032
3925 0.950667
3928 0.949993
3927 0.949456
3929 0.950126
3932 0.954656
3930 0.950381
3935 0.961886
3931 0.951529
3933 0.9516
3934 0.957721
3937 0.964339
3936 0.964128
3938 0.96432
3939 0.964328
3941 0.96443
3940 0.965327
3943 0.964375
3942 0.964414
3944 0.965072
3947 0.965315
3946 0.965354
3945 0.965115
3948 0.964994
3951 0.964959
3950 0.964974
3949 0.964743
3953 0.965013
3952 0.964829
3954 0.96497
3956 0.965358
3957 0.965237
3959 0.965476
3958 0.965464
3955 0.965358
3960 0.965695
3961 0.964814
3962 0.964512
3965 0.965586
3964 0.965068
3963 0.960546
3969 0.964857
3967 0.96568
3966 0.965519
3971 0.964908
3968 0.965797
3970 0.964708
3972 0.965084
3973 0.964963
3977 0.964731
3976 0.964437
3974 0.964884
3975 0.964727
3979 0.964528
3980 0.963693
3982 0.962674
3978 0.96439
3983 0.963152
3981 0.964422
3987 0.962741
3985 0.962372
3986 0.962795
3988 0.96307
3984 0.96236
3989 0.962807
3990 0.962991
3992 0.963199
3991 0.96296
3994 0.964622
3995 0.964818
3993 0.963258
3997 0.965155
3996 0.963089
4000 0.958387
3999 0.962964
4001 0.957282
3998 0.964994
4002 0.956431
4003 0.960456
4004 0.961087
4006 0.964994
4005 0.964547
4007 0.967161
4009 0.967032
4011 0.966926
4010 0.967098
4012 0.965017
4013 0.966863
4008 0.967063
4015 0.967051
4014 0.967102
4016 0.967157
4017 0.967275
4018 0.96711
4019 0.967145
4020 0.96702
4022 0.967196
4024 0.966934
4023 0.967173
4021 0.967114
4025 0.966926
4028 0.965045
4026 0.966922
4027 0.966961
4029 0.964747
4030 0.964371
4031 0.965064
4032 0.965147
4033 0.964857
4037 0.964626
4035 0.964735
4034 0.964606
4036 0.964818
4040 0.964763
4039 0.964861
4038 0.964763
4041 0.964653
4042 0.956808
4043 0.952999
4044 0.950154
4047 0.948919
4045 0.947712
4046 0.948633
4049 0.964896
4048 0.953982
4051 0.965543
4050 0.965405
4053 0.965868
4054 0.965868
4055 0.96539
4052 0.965691
4056 0.965448
4058 0.965484
4057 0.965417
4060 0.965225
4059 0.965511
4061 0.965445
4062 0.965429
4066 0.965801
4067 0.96588
4065 0.965484
4063 0.965237
4064 0.965335
4068 0.965715
4071 0.963865
4069 0.963959
4070 0.964093
4072 0.963924
4073 0.963759
4074 0.963614
4078 0.964539
4075 0.962933
4077 0.962968
4076 0.963038
4079 0.964829
4081 0.964132
4082 0.964265
4080 0.965017
4083 0.964147
4085 0.964833
4084 0.964876
4086 0.96385
4088 0.964959
4087 0.964857
4089 0.964825
4090 0.964696
4091 0.964735
4094 0.96439
4097 0.963716
4092 0.964853
4095 0.964434
4093 0.964841
4096 0.96392
4098 0.963697
4101 0.963744
4102 0.96372
4099 0.96374
4103 0.961357
4100 0.963779
4106 0.964026
4104 0.960899
4107 0.9641
4108 0.964002
4105 0.96414
4109 0.964167
4110 0.964108
4111 0.963897
4113 0.963787
4112 0.963908
4114 0.963771
4115 0.96394
4116 0.963767
4117 0.963595
4121 0.96269
4119 0.962176
4118 0.96354
4120 0.962513
4122 0.962509
4123 0.962572
4125 0.962631
4126 0.961831
4124 0.962737
4127 0.961267
4129 0.961263
4128 0.9616
4131 0.959649
4132 0.960052
4130 0.959809
4133 0.960029
4134 0.959739
4136 0.95979
4135 0.959974
4137 0.960193
4139 0.960585
4138 0.96053
4142 0.961012
4141 0.961228
4140 0.961063
4145 0.960182
4143 0.961122
4144 0.960558
4149 0.958591
4148 0.95901
4147 0.959445
4150 0.957207
4146 0.9597
4151 0.957474
4152 0.957047
4153 0.956902
4156 0.956247
4157 0.956114
4154 0.956725
4155 0.957521
4160 0.956725
4159 0.956635
4158 0.956196
4163 0.958406
4161 0.958461
4162 0.958414
4164 0.958853
4167 0.957772
4165 0.958975
4166 0.958826
4169 0.955381
4168 0.957787
4170 0.955624
4173 0.954915
4171 0.95816
4175 0.954108
4172 0.955397
4174 0.954484
4176 0.953171
4178 0.9543
4179 0.954335
4181 0.954982
4177 0.953829
4180 0.954613
4182 0.956012
4185 0.958128
4186 0.958955
4184 0.957254
4183 0.957078
4187 0.959092
4188 0.959088
4191 0.959394
4193 0.959312
4189 0.958939
4190 0.959421
4192 0.959425
4194 0.958673
4196 0.959033
4199 0.958971
4198 0.959155
4195 0.958963
4197 0.959813
4200 0.958994
4202 0.959308
4201 0.959907
4203 0.959441
4205 0.958301
4204 0.957987
4207 0.95526
4208 0.955322
4206 0.958238
4211 0.956106
4210 0.956106
4209 0.956083
4217 0.934796
4215 0.934659
4212 0.939945
4214 0.933836
4213 0.940717
4216 0.934671
4220 0.949687
4218 0.94879
4219 0.949037
4222 0.940106
4221 0.93971
4223 0.946635
4228 0.937531
4224 0.950777
4227 0.949503
4225 0.933977
4226 0.947603
4229 0.938276
4231 0.941509
4234 0.950099
4230 0.939855
4232 0.94259
4233 0.946752
4235 0.951944
4236 0.95486
4237 0.956212
4238 0.95691
4240 0.959696
4241 0.959339
4239 0.958532
4243 0.956631
4242 4247 0.957866
0.947928
4245 0.947301
4244 0.947363
4246 0.948037
4248 0.934338
4249 0.931653
4250 0.931269
4251 0.928945
4252 0.924337
4253 0.925309
4255 0.898548
4254 0.906201
4256 0.895597
4259 0.89662
4257 0.899175
4258 0.900021
4262 0.868397
4261 0.867786
4263 0.868797
4264 0.857511
4265 0.855896
4260 0.867006
4267 0.846025
4269 0.851801
4268 0.8478
4266 0.856409
4270 0.859113
4271 0.86621
4272 0.917934
4273 0.920183
4274 0.925967
4277 0.927233
4275 0.927664
4276 0.92195
4281 0.943155
4280 0.938656
4278 0.926747
4279 0.927876
4282 0.936203
4283 0.927895
4284 0.926531
4285 0.914454
4287 0.918815
4286 0.912228
4288 0.924694
4289 0.922699
4290 0.926755
4291 0.92913
4293 0.908345
4292 0.910249
4295 0.893046
4294 0.891396
4296 0.89419
4299 0.892442
4297 0.893587
4298 0.892807
4301 0.89151
4300 0.893618
4302 0.89488
4303 0.893422
4304 0.896106
4307 0.895703
4306 0.895279
4305 0.891302
4309 0.898634
4310 0.893884
4308 0.895801
4311 0.923733
4312 0.922668
4313 0.922092
4315 0.91742
4314 0.924827
4317 0.904469
4316 0.918533
4319 0.882516
4318 0.881772
4320 0.878335
4322 0.849532
4323 0.818272
4321 0.858917
4324 0.812841
4325 0.818241
4327 0.779841
4329 0.800328
4326 0.815251
4331 0.786683
4328 0.785167
4330 0.796233
4333 0.786162
4332 0.785371
4336 0.780539
4334 0.777882
4337 0.780931
4335 0.788991
4339 0.782866
4338 0.780362
4340 0.78142
4341 0.777796
4342 0.774351
4343 0.774202
4344 0.776679
4345 0.779963
4348 0.776941
4349 0.777905
4347 0.776792
4346 0.780382
4350 0.778035
4352 0.781832
4351 0.780296
4353 0.789477
4355 0.790418
4354 0.79119
4359 0.775515
4357 0.78182
4356 0.785551
4360 0.773575
4358 0.780817
4361 0.772772
4364 0.768928
4362 0.770946
4363 0.773046
4365 0.758429
4366 0.750231
4367 0.750094
4369 0.745897
4368 0.747661
4372 0.739662
4371 0.750874
4370 0.742586
4373 0.73382
4375 0.731123
4374 0.736222
4376 0.718207
4377 0.717772
4379 0.701212
4378 0.705648
4380 0.69906
4382 0.719191
4381 0.718019
4383 0.719026
4384 0.728126
4385 0.727992
4386 0.740709
4389 0.737205
4387 0.737033
4390 0.770777
4388 0.740948
4391 0.738161
4392 0.767834
4393 0.758547
4394 0.74786
4395 0.701588
4397 0.729666
4396 0.733353
4398 0.690035
4399 0.717141
4400 0.716017
4401 0.707219
4402 0.713524
4403 0.708775
4404 0.69897
4406 0.673875
4407 0.676618
4405 0.683522
4408 0.667405
4409 0.669799
4410 0.668036
4411 0.668827
4412 0.666311
4414 0.655272
4413 0.668843
4415 0.655645
4418 0.670677
4416 0.659571
4417 0.667663
4420 0.67891
4419 0.670802
4421 0.68047
4424 0.717384
4422 0.683436
4425 0.717474
4423 0.715158
4427 0.716702
4426 0.716134
4428 0.713156
4429 0.709711
4432 0.695729
4431 0.694099
4433 0.704253
4430 0.701866
4435 0.672816
4434 0.673251
4436 0.672797
4438 0.651444
4437 0.652992
4439 0.647548
4442 0.63192
4440 0.643739
4443 0.6364
4441 0.632536
4444 0.628511
4445 0.632132
4448 0.657949
4446 0.643414
4450 0.657161
4449 0.650499
4451 0.661476
4447 0.651017
4453 0.661632
4452 0.674596
4454 0.667358
4456 0.65106
4457 0.652984
4455 0.656072
4459 0.654328
4458 0.65354
4463 0.630455
4461 0.641874
4460 0.651984
4462 0.637489
4464 0.629224
4465 0.632657
4467 0.664293
4466 0.637603
4469 0.645029
4468 0.660069
4474 0.672178
4471 0.664462
4470 0.657479
4475 0.670363
4473 0.661875
4472 0.661687
4476 0.675595
4478 0.670548
4479 0.643912
4481 0.669874
4480 0.64903
4477 0.679102
4482 0.619251
4484 0.619714
4486 0.606829
4485 0.638927
4487 0.606911
4483 0.61826
4488 0.603063
4489 0.60168
4490 0.601237
4491 0.614184
4492 0.610751
4493 0.587431
4494 0.577309
4495 0.597616
4496 0.600367
4499 0.61266
4498 0.607381
4497 0.604897
4500 0.603992
4501 0.613824
4502 0.617833
4503 0.63502
4505 0.649743
4504 0.647208
4508 0.682045
4506 0.667295
4507 0.677668
4509 0.719692
4511 0.743522
4510 0.73918
4512 0.755753
4517 0.791311
4513 0.758794
4515 0.777333
4514 0.763837
4516 0.792475
4521 0.843815
4518 0.792695
4520 0.843333
4523 0.844038
4522 0.798816
4519 0.841463
4524 0.822387
4526 0.861951
4527 0.863522
4528 0.876473
4525 0.869471
4529 0.882399
4532 0.917891
4531 0.918921
4534 0.911382
4530 0.906542
4533 0.911017
4535 0.909983
4536 0.903321
4537 0.903556
4538 0.903842
4539 0.889731
4541 0.885628
4540 0.888974
4542 0.902764
4544 0.882532
4543 0.893931
4545 0.870893
4546 0.875219
4547 0.884272
4549 0.874671
4548 0.882834
4550 0.868577
4551 0.864325
4553 0.871653
4552 0.869122
4554 0.8702
4555 0.866963
4556 0.865967
4559 0.814714
4558 0.800317
4557 0.817924
4562 0.82252
4560 0.79119
4563 0.792193
4561 0.821627
4564 0.763821
4565 0.757269
4566 0.766318
4568 0.752978
4567 0.793572
4571 0.722706
4569 0.742288
4570 0.720382
4574 0.731766
4573 0.728212
4572 0.724395
4576 0.734572
4575 0.736841
4577 0.730261
4578 0.728416
4579 0.722314
4580 0.718246
4581 0.712266
4583 0.662612
4582 0.670673
4584 0.655989
4587 0.645287
4585 0.654994
4586 0.644864
4588 0.635436
4589 0.639625
4590 0.644656
4591 0.688762
4592 0.693762
4593 0.689808
4594 0.685599
4595 0.713857
4596 0.712423
4597 0.710041
4598 0.70738
4601 0.708834
4600 0.71008
4599 0.711091
4602 0.694436
4605 0.702117
4603 0.688738
4607 0.662683
4604 0.69172
4606 0.70044
4610 0.657416
4609 0.64805
4608 0.646588
4613 0.662647
4611 0.669027
4612 0.662467
4614 0.660186
4616 0.656025
4615 0.657357
4617 0.641353
4619 0.621892
4618 0.632642
4625 0.543855
4620 0.61554
4623 0.556159
4621 0.594308
4622 0.589187
4624 0.548075
4629 0.531471
4626 0.542558
4630 0.50848
4627 0.537785
4628 0.535943
4631 0.532906
4633 0.49141
4632 0.53367
4634 0.492754
4636 0.506834
4637 0.506062
4635 0.503934
4638 0.565839
4640 0.585186
4639 0.576192
4641 0.587588
4642 0.590805
4643 0.585052
4646 0.582364
4648 0.587023
4649 0.579515
4644 0.549423
4645 0.580906
4647 0.589986
4650 0.601158
4651 0.5901
4653 0.604532
4654 0.600155
4652 0.60309
4655 0.605681
4656 0.608929
4657 0.605779
4658 0.601538
4659 0.581
4660 0.569938
4661 0.581169
4662 0.563499
4663 0.564542
4666 0.567054
4665 0.565173
4664 0.572387
4667 0.567492
4668 0.572019
4670 0.532451
4671 0.546903
4669 0.530507
4672 0.549388
4673 0.547052
4674 0.538067
4677 0.467878
4676 0.473509
4678 0.463023
4679 0.449691
4675 0.485124
4680 0.44125
4682 0.428087
4681 0.430282
4684 0.413772
4683 0.427382
4685 0.39294
4686 0.397795
4687 0.400225
4690 0.397364
4689 0.397066
4691 0.397462
4688 0.397842
4692 0.401608
4694 0.364517
4695 0.365387
4697 0.377931
4696 0.379217
4693 0.391717
4698 0.38524
4699 0.390561
4700 0.391439
4701 0.382477
4703 0.389268
4702 0.392697
4704 0.413796
4705 0.390749
4706 0.392674
4708 0.409469
4707 0.39323
4709 0.425199
4713 0.464814
4712 0.443037
4710 0.433138
4715 0.455554
4714 0.464457
4711 0.438989
4716 0.488032
4717 0.496708
4718 0.494149
4719 0.515977
4721 0.52718
4720 0.515436
4722 0.519935
4725 0.538149
4723 0.530935
4726 0.552484
4727 0.549882
4724 0.536401
4728 0.552687
4731 0.533137
4729 0.536021
4733 0.53992
4730 0.534007
4732 0.541891
4737 0.518265
4735 0.522239
4734 0.533254
4738 0.51468
4739 0.514887
4736 0.521839
4740 0.512611
4742 0.504315
4741 0.534073
4743 0.495352
4744 0.485795
4745 0.482503
4749 0.446827
4746 0.47764
4747 0.459935
4750 0.445196
4748 0.457607
4751 0.438088
4752 0.430544
4753 0.410273
4754 0.410261
4756 0.405119
4757 0.399092
4755 0.421982
4758 0.38274
4760 0.3646
4762 0.343011
4761 0.351374
4763 0.339657
4759 0.367511
4764 0.327571
4767 0.299584
4766 0.31172
4768 0.290202
4769 0.260827
4765 0.316301
4772 0.252567
4771 0.255972
4770 0.269637
4774 0.23532
4773 0.244475
4775 0.233169
4778 0.196721
4776 0.213317
4779 0.192347
4777 0.201917
4781 0.178632
4780 0.18295
4783 0.155366
4782 0.161558
4784 0.151922
4786 0.136192
4785 0.14457
4787 0.131858
4790 0.109544
4793 0.0895942
4789 0.114545
4788 0.122708
4792 0.093701
4791 0.10126
4794 0.0771287
4795 0.0713093
4796 0.0686759
4799 0.0589104
4797 0.0640949
4798 0.0605289
4801 0.0521741
4800 0.0551759
4803 0.0501873
4802 0.0503284
4804 0.0504734
4805 0.0508104
4806 0.0509162
4808 0.0511709
4807 0.0510808
4811 0.0512336
4809 0.0512023
4810 0.0512179
4812 0.050783
4815 0.0508692
4814 0.0508809
4817 0.0508065
4813 0.0507399
4816 0.0507947
4819 0.0504773
4818 0.0508143
4820 0.0508653
4823 0.0510808
4821 0.0507751
4822 0.050924
4829 0.0512336
4824 0.0509789
4828 0.0510769
4825 0.0510965
4826 0.0511905
4827 0.0510573
4831 0.0514374
4830 0.0512023
4835 0.0528991
4832 0.0515001
4834 0.0525856
4833 0.0523191
4837 0.0529892
4836 0.0525072
4838 0.0532047
4839 0.0534869
4841 0.0534987
4840 0.0536045
4842 0.0535535
4843 0.053914
4845 0.0541452
4844 0.0540081
4847 0.0541257
4846 0.0540042
4848 0.0543333
4852 0.0544235
4849 0.0544979
4850 0.0545214
4853 0.0545606
4851 0.0543451
4854 0.055074
4855 0.0551798
4859 0.0525346
4857 0.0551288
4856 0.0552425
4858 0.0527463
4863 0.0535614
4862 0.0532831
4861 0.053095
4860 0.0528285
4865 0.052758
4864 0.0533458
4866 0.0527384
4868 0.0524641
4869 0.0528952
4870 0.0525307
4867 0.0527306
4871 0.0526404
4873 0.0519547
4875 0.0518763
4874 0.0517626
4872 0.0520761
4877 0.052037
4876 0.0519312
4881 0.0522564
4880 0.052182
4878 0.0522015
4882 0.0521467
4883 0.0508653
4879 0.0522133
4884 0.0510965
4885 0.0510925
4887 0.0513042
4886 0.0511317
4888 0.0511631
4889 0.0512179
4890 0.0513669
4893 0.051359
4892 0.0513786
4891 0.0512454
4895 0.0515902
4894 0.0516921
4897 0.0508849
4898 0.0511004
4896 0.0511788
4901 0.0518802
4900 0.0518214
4899 0.0515393
4906 0.0539297
4902 0.051892
4903 0.0521545
4904 0.0530833
4907 0.053432
4905 0.0535927
4909 0.0541727
4908 0.0540355
4911 0.0528756
4912 0.0526091
4910 0.0537259
4913 0.0519899
4915 0.0513786
4914 0.051504
4917 0.0604035
4916 0.0529187
4918 0.0642125
4919 0.0721401
4925 0.0922707
4920 0.0771678
4922 0.0860751
4923 0.0874193
4921 0.0814824
4924 0.0893238
4926 0.0984349
4928 0.113906
4927 0.103596
4930 0.129679
4931 0.139256
4929 0.124252
4933 0.147595
4934 0.151404
4935 0.154265
4932 0.147247
4937 0.159367
4936 0.156914
4941 0.164646
4938 0.161723
4939 0.162804
4943 0.169489
4940 0.163913
4942 0.165974
4945 0.173933
4949 0.186783
4944 0.172954
4947 0.184267
4948 0.187179
4946 0.179474
4950 0.183428
4953 0.174286
4951 0.182719
4952 0.179318
4954 0.172958
4955 0.16887
4956 0.16447
4957 0.164383
4958 0.16039
4961 0.15383
4959 0.158368
4960 0.157094
4962 0.151937
4964 0.146063
4963 0.151056
4965 0.13819
4967 0.134158
4966 0.135338
4969 0.133249
4968 0.133523
4971 0.1362
4972 0.138014
4973 0.142407
4970 0.134342
4974 0.14689
4978 0.161946
4976 0.156734
4977 0.161056
4979 0.163694
4975 0.150292
4980 0.163737
4983 0.157471
4981 0.16347
4985 0.158881
4982 0.162205
4984 0.158153
4986 0.162244
4987 0.163137
4990 0.167538
4991 0.170602
4988 0.164748
4989 0.1661
4992 0.172601
4995 0.177131
4993 0.173871
4996 0.178228
4994 0.174909
4997 0.181489
4998 0.182421
4999 0.184357
5002 0.185063
5001 0.186011
5000 0.186027
5003 0.181626
5004 0.17746
5006 0.168275
5007 0.165833
5009 0.163008
5005 0.175838
5008 0.162279
5010 0.161597
5011 0.159191
5013 0.147576
5012 0.152811
5014 0.144492
5015 0.1327
5016 0.124295
5018 0.112683
5019 0.106018
5017 0.121371
5020 0.10282
5021 0.098137
5023 0.0920356
5024 0.0888888
5022 0.0931916
5025 0.085358
5027 0.0801187
5026 0.0833046
5028 0.0770229
5030 0.0726339
5031 0.0702003
5033 0.0659642
5032 0.0689267
5029 0.0753143
5034 0.0673396
5035 0.0675669
5038 0.0695968
5036 0.0683272
5037 0.0689659
5039 0.0704119
5043 0.0720656
5040 0.0708743
5041 0.0708665
5044 0.0719638
5042 0.071517
5045 0.0727005
5048 0.0825875
5047 0.0762469
5050 0.0963422
5046 0.0751262
5051 0.102636
5049 0.0935835
5052 0.108737
5054 0.122872
5055 0.131807
5053 0.113969
5057 0.145397
5056 0.136682
5058 0.150358
5062 0.197524
5063 0.211483
5060 0.171041
5059 0.160825
5061 0.181935
5066 5069 0.2423
5068 0.233749
0.234748
5067 0.233157
5064 0.2232
5065 0.222467
5071 0.256239
5070 0.250161
5074 0.29715
5072 0.267893
5073 0.287154
5075 0.303844
5078 0.325859
5076 0.312167
5080 0.328775
5077 0.319201
5079 0.327842
5081 0.332039
5083 0.328163
5082 0.344689
5086 0.339304
5087 0.337878
5085 0.338736
5084 0.342976
5089 0.330891
5092 0.306794
5088 0.331126
5090 0.326482
5093 0.303307
5091 0.310474
5094 0.299215
5095 0.297311
5097 0.294431
5099 0.275535
5098 0.287835
5096 0.298232
5101 0.261396
5100 0.266866
5102 0.246516
5104 0.230645
5103 0.233004
5105 0.221362
5108 0.199103
5106 0.217886
5107 0.210597
5111 0.179945
5109 0.174976
5110 0.188934
5112 0.159904
5116 0.146185
5115 0.149183
5114 0.15193
5113 0.159132
5117 0.135063
5119 0.120936
5118 0.124502
5120 0.112143
5122 0.102894
5123 0.0950295
5121 0.105634
5124 0.084876
5127 0.0687034
5125 0.0816705
5126 0.0744796
5128 0.0653842
5129 0.0594355
5131 0.0529148
5130 0.0534751
5132 0.0528677
5135 0.0525817
5134 0.0523152
5133 0.0520918
5137 0.0527737
5138 0.0530206
5136 0.05295
5140 0.0530206
5141 0.0531852
5139 0.0531068
5142 0.0530989
5145 0.0532831
5147 0.0533654
5146 0.0533811
5143 0.0532047
5144 0.0532596
5148 0.0533733
5149 0.0533733
5151 0.0533811
5153 0.0534908
5150 0.0534124
5152 0.0535418
5155 0.0536476
5156 0.0537808
5154 0.0535809
5157 0.0537495
5158 0.0514296
5159 0.0518332
5162 0.0523779
5160 0.0518763
5161 0.0521467
5163 0.0524328
5165 0.0525346
5164 0.0524092
5166 0.0525542
5169 0.0528207
5171 0.0532204
5168 0.0526796
5167 0.0525973
5170 0.0531342
5174 0.0532283
5176 0.053287
5172 0.0532243
5173 0.0532204
5175 0.0533615
5177 0.0535026
5178 0.0534477
5180 0.0535574
5182 0.0534007
5179 0.0536241
5183 0.0508496
5181 0.0533968
5185 0.0511905
5187 0.0513629
5184 0.0512258
5186 0.0511121
5188 0.0514452
5189 0.0514766
5190 0.0517117
5192 0.0519194
5193 0.0519233
5191 0.0518998
5194 0.0512689
5195 0.0518058
5196 0.0520801
5198 0.0520605
5199 0.0523936
5201 0.0524602
5197 0.0521624
5200 0.0525111
5202 0.0525542
5206 0.0528246
5207 0.0527502
5204 0.0526444
5205 0.0526013
5203 0.0527463
5208 0.0528873
5211 0.0528403
5213 0.0529265
5210 0.0528756
5209 0.0528364
5212 0.0528795
5215 0.0530833
5218 0.0530519
5214 0.0530245
5217 0.0530206
5219 0.0514805
5216 0.053001
5222 0.0515981
5221 0.0517117
5220 0.0515471
5223 0.0516843
5224 0.0518606
5225 0.0518724
5229 0.0521114
5228 0.0519507
5230 0.0526522
5227 0.0518998
5226 0.0518332
5231 0.052856
5232 0.0528912
5233 0.0529931
5235 0.0530911
5236 0.0530754
5237 0.0530989
5234 0.0530362
5239 0.053001
5238 0.053146
5240 0.0529814
5241 0.052903
5242 0.0529344
5243 0.0529344
5244 0.0516647
5246 0.0522917
5245 0.0522133
5248 0.0520605
5247 0.052229
5249 0.0520487
5250 0.0521114
5252 0.0524641
5251 0.0524837
5253 0.0525777
5255 0.0526326
5254 0.0525464
5258 0.0567786
5257 0.0532439
5256 0.0527423
5259 0.0648944
5261 0.0766937
5260 0.0727985
5262 0.0849348
5265 0.0991246
5263 0.0919493
5264 0.0937911
5267 0.104866
5266 0.103263
5268 0.107859
5270 0.110364
5269 0.108925
5273 0.114968
5271 0.111653
5272 0.11351
5274 0.116304
5275 0.117664
5276 0.118346
5278 0.120591
5279 0.121211
5277 0.119784
5282 0.123342
5280 0.122237
5283 0.124024
5281 0.122711
5285 0.124651
5284 0.124189
5286 0.125411
5288 0.128382
5290 0.139989
5287 0.126787
5289 0.131889
5291 0.142905
5293 0.15972
5295 0.168608
5292 0.151326
5294 0.159058
5296 0.177656
5297 0.183131
5298 0.191156
5301 0.202956
5299 0.19694
5300 0.199303
5303 0.210793
5302 0.209276
5306 0.220402
5305 0.218693
5304 0.214931
5307 0.224195
5308 0.225692
5309 0.225723
5312 0.230003
5310 0.227883
5311 0.229258
5313 0.230939
5314 0.232675
5315 0.232699
5316 0.231025
5319 0.230348
5317 0.232863
5318 0.231911
5320 0.229987
5321 0.228858
5322 0.227898
5324 0.226872
5327 0.224097
5323 0.226695
5326 0.224505
5325 0.226045
5329 0.22568
5330 0.227988
5328 0.222851
5332 0.234447
5331 0.230935
5333 0.236363
5335 0.244796
5336 0.246983
5337 0.253684
5334 0.237174
5338 0.259174
5339 0.259852
5341 0.258453
5340 0.261098
5343 0.260173
5344 0.260914
5345 0.262395
5342 0.259546
5347 0.266259
5350 0.269084
5349 0.268203
5346 0.264758
5348 0.267164
5351 0.27026
5352 0.274233
5354 0.281456
5355 0.290743
5356 0.298475
5353 0.278717
5357 0.301124
5358 0.307688
5359 0.313989
5360 0.318163
5362 0.328014
5363 0.329574
5361 0.326102
5368 0.337713
5365 0.336056
5364 0.333136
5367 0.335918
5369 0.331192
5366 0.337239
5372 0.334535
5374 0.336193
5373 0.334484
5371 0.33439
5370 0.332521
5375 0.336859
5376 0.338136
5378 0.340629
5379 0.34249
5381 0.344806
5380 0.34334
5377 0.340711
5383 0.348298
5385 0.351233
5382 0.347447
5386 0.353768
5384 0.349136
5387 0.354376
5393 0.372139
5389 0.362527
5388 0.357189
5390 0.364752
5392 0.37114
5391 0.369004
5394 0.373476
5396 0.3779
5395 0.376305
5398 0.376814
5399 0.377147
5397 0.378876
5401 0.380365
5400 0.37817
5403 0.379934
5402 0.381043
5404 0.380157
5405 0.381156
5406 0.384131
5408 0.386772
5407 0.385322
5411 0.39042
5410 0.391118
5409 0.387756
5412 0.391184
5415 0.393109
5417 0.396577
5414 0.392011
5416 0.394558
5413 0.391847
5419 0.405159
5420 0.408807
5421 0.414705
5418 0.399978
5422 0.419917
5423 0.422813
5426 0.431144
5424 0.424439
5425 0.429733
5429 0.435117
5427 0.434577
5428 0.437422
5431 0.44397
5430 0.440329
5432 0.44848
5433 0.454915
5434 0.45542
5435 0.455409
5438 0.470484
5436 0.461177
5437 0.468317
5439 0.473893
5440 0.480959
5441 0.482381
5442 0.49045
5447 0.510291
5445 0.497684
5444 0.490117
5446 0.504683
5443 0.496403
5448 0.515166
5450 0.517282
5452 0.526953
5449 0.516584
5451 0.51948
5453 0.526287
5456 0.528054
5454 0.522976
5458 0.52207
5457 0.522102
5455 0.527972
5459 0.522219
5461 0.533529
5460 0.522552
5462 0.534563
5464 0.532631
5465 0.538509
5463 0.532369
5466 0.537502
5467 0.552644
5468 0.536938
5470 0.540453
5469 0.541809
5471 0.529876
5476 0.525789
5472 0.527878
5473 0.52546
5475 0.526506
5474 0.525911
5477 0.551535
5479 0.553679
5478 0.551065
5480 0.556402
5482 0.561191
5483 0.561179
5481 0.555431
5485 0.567038
5486 0.575608
5484 0.565408
5488 0.583179
5489 0.582309
5487 0.579519
5490 0.585432
5491 0.588168
5492 0.58863
5495 0.593086
5494 0.591938
5493 0.587149
5496 0.594289
5499 0.611073
5498 0.599783
5497 0.594806
5500 0.616128
5501 0.616438
5505 0.62605
5502 0.619608
5504 0.622774
5507 0.634746
5503 0.62141
5506 0.633943
5509 0.640553
5508 0.638465
5510 0.65142
5511 0.654931
5512 0.655735
5513 0.655723
5514 0.655296
5515 0.654179
5517 0.644073
5518 0.653826
5519 0.662863
5516 0.644174
5522 0.672272
5524 0.677213
5523 0.675258
5521 0.670967
5525 0.6788
5520 0.664693
5527 0.700738
5526 0.679851
5528 0.695106
5530 0.70698
5529 0.701952
5531 0.710229
5535 0.698676
5532 0.692304
5533 0.69366
5536 0.704539
5534 0.696909
5537 0.706976
5538 0.713822
5540 0.714825
5539 0.718282
5543 0.722134
5541 0.722972
5542 0.725496
5544 0.741496
5546 0.7371
5547 0.747829
5545 0.735062
5548 0.7494
5549 0.753856
5551 0.780253
5550 0.756066
5552 0.780147
5554 0.779814
5555 0.781338
5553 0.779449
5556 0.780809
5557 0.779822
5558 0.779822
5560 0.778603
5561 0.778767
5559 0.77651
5562 0.77747
5565 0.793145
5564 0.792859
5563 0.792048
5567 0.793467
5566 0.793537
5569 0.799149
5570 0.799741
5568 0.79322
5571 0.801422
5572 0.801002
5573 0.801042
5575 0.809816
5576 0.808201
5578 0.795489
5579 0.796018
5574 0.809698
5577 0.799031
5580 0.795928
5581 0.793612
5585 0.789023
5584 0.789716
5583 0.790375
5582 0.792644
5587 0.793188
5586 0.793623
5589 0.794466
5588 0.794674
5591 0.77816
5590 0.794474
5592 0.77914
5594 0.785982
5593 0.795473
5596 0.78519
5597 0.783979
5595 0.786154
5599 0.783247
5598 0.784109
5600 0.782792
5603 0.782439
5602 0.782592
5601 0.782725
5606 0.782514
5604 0.781805
5605 0.782157
5607 0.785155
5609 0.787608
5608 0.786789
5611 0.785888
5610 0.785998
5613 0.785755
5612 0.785813
5615 0.785461
5614 0.785304
5616 0.785566
5618 0.785774
5621 0.78615
5620 0.785296
5619 0.785872
5617 0.786001
5625 0.784763
5623 0.784026
5622 0.785112
5627 0.78425
5626 0.784446
5624 0.778376
5628 0.784618
5629 0.784936
5630 0.785108
5632 0.786131
5631 0.785904
5633 0.786989
5634 0.788807
5635 0.789458
5636 0.789583
5637 0.788396
5639 0.789462
5638 0.789038
5640 0.788192
5641 0.788796
5643 0.79244
5642 0.792965
5645 0.834794
5644 0.834641
5648 0.839579
5646 0.836432
5647 0.840413
5649 0.845394
5650 0.846456
5651 0.844755
5652 0.85628
5654 0.862879
5655 0.915594
5653 0.858843
5657 0.914007
5656 0.915179
5658 0.912761
5659 0.912181
5661 0.911797
5662 0.911048
5660 0.911985
5663 0.911969
5664 0.911562
5666 0.911981
5665 0.889699
5667 0.906808
5669 0.892333
5668 0.91173
5673 0.886184
5670 0.888206
5672 0.885592
5671 0.887364
5675 0.884624
5674 0.884636
5676 0.888042
5678 0.882465
5677 0.890358
5680 0.897501
5679 0.895863
5681 0.896933
5683 0.892223
5682 0.893128
5684 0.891235
5686 0.890969
5685 0.889946
5687 0.891118
5688 0.89803
5691 0.894359
5690 0.89805
5692 0.898015
5689 0.892634
5693 0.897376
5694 0.911687
5695 0.91175
5697 0.9072
5696 0.910539
5698 0.910159
5699 0.909724
5700 0.912734
5701 0.912009
5702 0.912353
5703 0.912835
5704 0.912569
5705 0.912749
5706 0.912557
5707 0.912585
5709 0.911762
5711 0.911045
5708 0.912506
5710 0.911209
5712 0.910919
5715 0.910606
5714 0.910982
5713 0.91088
5716 0.91048
5717 0.910441
5719 0.910723
5718 0.91059
5721 0.910755
5720 0.910735
5722 0.91088
5723 0.910715
5724 0.910982
5729 0.911241
5725 0.910833
5726 0.91088
5727 0.911429
5728 0.911323
5731 0.910825
5730 0.91128
5733 0.910657
5734 0.910739
5735 0.910845
5732 0.9107

