21 0.147176
23 0.144931
23 0.150413
22 0.144406
21 0.143206
22 0.149896
21 0.14952
23 0.151103
23 0.14486
22 0.150507
23 0.146044
22 0.153019
22 0.150256
23 0.151894
21 0.148654
23 0.15211
21 0.152192
22 0.144852
21 0.149841
21 0.144711
22 0.147129
22 0.15325
21 0.152557
23 0.154398
24 0.152843
26 0.154822
25 0.15517
27 0.158893
28 0.161338
29 0.16269
31 0.168141
30 0.165085
32 0.16869
35 0.17112
33 0.169866
34 0.170414
36 0.172115
38 0.174929
37 0.174968
41 0.177225
40 0.176496
39 0.174803
43 0.178503
42 0.177852
44 0.176296
45 0.177147
46 0.179255
47 0.179106
48 0.178546
49 0.179404
50 0.180819
53 0.181618
51 0.179545
52 0.180387
55 0.185211
54 0.184573
56 0.185478
57 0.187092
58 0.189118
59 0.189518
61 0.189189
62 0.189212
60 0.189052
63 0.18962
65 0.188323
64 0.18866
66 0.185976
67 0.184157
68 0.184134
69 0.180666
71 0.184236
70 0.182903
72 0.18585
73 0.18806
74 0.188817
75 0.190294
77 0.191924
76 0.191125
79 0.194142
78 0.191411
80 0.195639
83 0.205373
81 0.202591
82 0.203535
84 0.207764
85 0.212839
86 0.214845
88 0.223341
87 0.219234
89 0.228459
90 0.234055
91 0.235936
92 0.235532
93 0.240317
94 0.234505
95 0.23572
97 0.242041
96 0.237844
98 0.242311
99 0.246105
100 0.246669
101 0.246379
102 0.247073
103 0.246434
104 0.246485
105 0.244357
106 0.243981
107 0.242578
108 0.242292
109 0.244682
110 0.246744
112 0.252833
111 0.249647
113 0.254299
115 0.260432
114 0.25716
116 0.261012
118 0.262097
117 0.26098
119 0.261976
120 0.264652
121 0.266255
122 0.26767
125 0.271549
124 0.267881
123 0.268998
126 0.2687
128 0.271287
127 0.273465
131 0.279398
130 0.278137
129 0.27577
133 0.283341
134 0.284787
132 0.281138
135 0.286425
136 0.287091
137 0.289336
139 0.293122
138 0.291554
140 0.294674
143 0.296739
141 0.294215
142 0.294932
145 0.287992
146 0.288631
144 0.288909
147 0.288686
148 0.287785
149 0.287628
150 0.287342
152 0.283043
151 0.282087
154 0.284124
153 0.286052
155 0.280621
158 0.277435
156 0.279116
157 0.278046
159 0.274908
161 0.274316
160 0.27506
163 0.272541
162 0.27345
164 0.272772
165 0.275499
166 0.271647
167 0.27535
169 0.268598
168 0.27693
170 0.268289
173 0.266588
171 0.268065
172 0.267231
174 0.267301
175 0.26725
176 0.269406
178 0.26747
177 0.268179
179 0.267701
180 0.272333
182 0.271773
181 0.272019
184 0.270824
183 0.27133
185 0.270883
187 0.268328
186 0.26995
188 0.269837
189 0.269586
191 0.271161
190 0.270957
193 0.270754
192 0.270969
194 0.267199
195 0.268747
196 0.269378
197 0.269907
198 0.269504
199 0.271416
200 0.272141
203 0.270479
201 0.27111
202 0.270585
205 0.268391
206 0.268124
204 0.270291
207 0.268277
208 0.268257
209 0.268148
211 0.268704
210 0.268814
212 0.268728
213 0.267764
214 0.267873
215 0.267873
216 0.267192
217 0.267188
218 0.267544
220 0.268105
219 0.267337
221 0.26834
223 0.268951
222 0.268594
224 0.269002
227 0.269127
226 0.269096
225 0.269076
229 0.269809
228 0.269006
230 0.270189
232 0.271416
231 0.270593
233 0.271561
235 0.271424
234 0.271761
236 0.271165
237 0.27037
239 0.2687
238 0.269801
240 0.269108
241 0.272125
242 0.271753
243 0.271859
244 0.265887
245 0.26754
247 0.268336
248 0.267458
246 0.269018
251 0.268622
249 250 0.267148
0.268555
253 0.267485
252 0.267991
254 0.267529
256 0.268928
255 0.268567
257 0.268994
260 0.269378
258 0.269233
259 0.269386
261 0.268348
262 0.268853
263 0.269496
265 0.269892
264 0.270283
266 0.270174
267 0.26995
268 0.270679
269 0.265981
271 0.264883
270 0.266525
272 0.265487
275 0.265843
273 0.266831
274 0.266204
276 0.264652
277 0.264785
278 0.264946
279 0.266459
281 0.268755
280 0.267869
282 0.271388
283 0.27325
284 0.274927
287 0.277529
285 0.277388
286 0.277945
290 0.278999
288 0.278858
289 0.279065
292 0.277396
293 0.276804
291 0.278532
295 0.271494
294 0.272435
296 0.271863
299 0.268038
297 0.27026
298 0.268344
301 0.264558
302 0.263006
300 0.266529
305 0.262634
303 0.261929
304 0.262638
306 0.261639
307 0.26227
308 0.262074
309 0.262618
311 0.265001
310 0.265068
312 0.265577
314 0.267462
313 0.266478
315 0.267266
316 0.267246
317 0.26736
318 0.267521
319 0.264198
320 0.26406
322 0.26468
321 0.264362
323 0.26513
324 0.265463
326 0.265651
325 0.265738
327 0.265209
329 0.265483
328 0.265428
330 0.267305
331 0.267325
332 0.267329
334 0.26765
333 0.267736
335 0.267619
336 0.267705
338 0.26783
337 0.267525
339 0.268253
340 0.26863
341 0.268077
342 0.2687
343 0.2691
344 0.266525
345 0.267999
346 0.269598
347 0.270726
348 0.271918
350 0.273881
349 0.274179
353 0.274602
351 0.274124
352 0.274892
355 0.274657
354 0.274241
356 0.274755
359 0.27486
357 0.274273
358 0.274692
360 0.274994
361 0.274837
362 0.274704
365 0.27468
363 0.274853
364 0.27481
366 0.27468
367 0.274206
368 0.274002
369 0.271157
371 0.272368
370 0.272208
372 0.272419
373 0.271612
374 0.272376
377 0.271196
375 0.27182
376 0.271526
379 0.270824
378 0.270891
380 0.271318
382 0.27082
381 0.271224
383 0.271522
385 0.274194
384 0.272885
386 0.274998
388 0.276945
387 0.276459
389 0.27892
390 0.28068
392 0.285539
391 0.28425
393 0.287612
395 0.285853
394 0.285112
397 0.28818
396 0.287275
398 0.288368
399 0.288909
400 0.290316
401 0.29068
403 0.292217
402 0.291582
404 0.291719
407 0.296449
406 0.294623
405 0.292898
408 0.303122
410 0.313103
409 0.310682
411 0.317853
412 0.319381
413 0.324997
414 0.324632
415 0.327705
416 0.330456
419 0.337647
418 0.344826
417 0.340296
420 0.344837
421 0.348023
422 0.351284
424 0.365638
425 0.374416
423 0.358443
426 0.378711
427 0.38723
428 0.390691
429 0.39671
430 0.402933
431 0.405786
433 0.414086
432 0.411668
434 0.415865
436 0.421026
435 0.418051
437 0.421841
438 0.422793
439 0.424592
440 0.425407
442 0.416664
443 0.418047
441 0.427613
444 0.415586
445 0.432707
446 0.432829
449 0.419156
447 0.435039
448 0.418181
451 0.445392
450 0.421222
452 0.446889
453 0.447124
455 0.425646
454 0.425426
457 0.43007
458 0.431485
456 0.428021
460 0.435748
461 0.435619
459 0.433699
462 0.438836
463 0.439581
464 0.439789
466 0.443237
465 0.441834
467 0.443551
469 0.445463
468 0.444181
470 0.446015
472 0.447383
471 0.44667
473 0.447814
474 0.449989
475 0.449484
476 0.449966
479 0.453477
478 0.452344
477 0.451012
481 0.455898
480 0.454899
482 0.455052
484 0.456596
483 0.45593
485 0.456859
487 0.457294
486 0.457439
488 0.45787
489 0.457537
490 0.457807
491 0.458646
492 0.459335
494 0.456655
493 0.459398
496 0.457388
497 0.457164
495 0.457219
499 0.457729
498 0.457497
500 0.458563
502 0.46501
501 0.460805
503 0.467682
504 0.472581
505 0.477867
506 0.480786
509 0.492707
508 0.490603
507 0.485998
510 0.503182
511 0.507093
512 0.508958
514 0.50712
515 0.508613
513 0.504205
516 0.512266
517 0.515103
518 0.517121
519 0.542918
520 0.545406
521 0.548267
522 0.551198
523 0.553789
524 0.555003
527 0.559404
525 0.5573
526 0.558546
529 0.587235
528 0.560274
530 0.586667
531 0.584837
533 0.582533
532 0.583062
535 0.579045
536 0.578371
534 0.58017
537 0.577129
538 0.576725
539 0.576059
540 0.574566
541 0.574237
542 0.574225
543 0.573167
545 0.568127
544 0.567461
546 0.567704
547 0.567888
548 0.567594
550 0.565321
549 0.566666
551 0.564828
552 0.564448
554 0.572081
553 0.572418
555 0.572552
556 557 0.5722770.572117

559 0.571823
558 0.571897
560 0.569001
562 0.562257
561 0.562955
563 0.561634
564 0.561152
566 0.564761
565 0.560208
568 0.559247
567 0.559365
569 0.553173
570 0.553287
571 0.553393
572 0.553812
573 0.555587
575 0.558977
574 0.55741
576 0.560454
577 0.562155
578 0.563268
579 0.565412
581 0.569056
580 0.567645
582 0.569844
584 0.573841
583 0.572281
586 0.578567
587 0.590629
585 0.575992
588 0.591734
589 0.58448
590 0.584715
592 0.587411
593 0.587854
591 0.587235
594 0.591244
595 0.594453
596 0.59731
599 0.606233
598 0.603286
597 0.601452
600 0.609964
601 0.614741
602 0.617864
605 0.637015
604 0.632097
603 0.621481
606 0.641228
607 0.646729
608 0.648975
610 0.654873
609 0.652169
611 0.65642
613 0.66887
612 0.658905
614 0.670422
615 0.673651
616 0.691626
617 0.69167
618 0.69225
619 0.696819
620 0.6977
623 0.698288
621 0.698382
622 0.698582
626 0.698245
624 0.698371
625 0.698308
627 0.697622
628 0.697681
629 0.697767
631 0.699225
632 0.699092
630 0.698088
633 0.699436
634 0.703128
635 0.70323
636 0.70303
637 0.696074
638 0.696215
640 0.695835
639 0.702556
641 0.696192
643 0.694985
642 0.695733
644 0.692732
645 0.692814
646 0.692375
647 0.692786
649 0.694848
648 0.693433
650 0.695388
651 0.69627
652 0.696991
653 0.697215
654 0.697536
655 0.698978
656 0.699386
658 0.693723
659 0.693813
657 0.699946
660 0.694205
661 0.694769
662 0.695028
664 0.696944
665 0.714727
663 0.696047
666 0.715468
667 668 0.7144810.714645

669 0.719794
670 0.719069
671 0.720096
673 0.700208
672 0.699985
674 0.69288
676 0.694569
675 0.693668
677 0.694703
678 0.695091
680 0.696125
679 0.695714
682 0.714469
681 0.71381
683 0.714849
685 0.715805
684 0.715437
686 0.715613
687 0.715785
688 0.715864
689 0.715989
690 0.716228
691 0.715899
692 0.716436
694 0.717173
693 0.716683
695 0.71787
696 0.717663
698 0.718489
697 0.717949
699 0.719257
701 0.719148
700 0.719156
702 0.71983
704 0.72028
703 0.720069
706 0.720609
707 0.719739
705 0.720527
708 0.720053
709 0.720468
710 0.72088
711 0.720962
712 0.720935
713 0.72066
714 0.721601
715 0.72202
716 0.722882
717 0.723219
719 0.734972
718 0.723255
720 0.734529
722 0.734548
721 0.734439
723 0.734666
724 0.735501
725 0.735281
726 0.736665
727 0.737774
728 0.738534
731 0.743769
730 0.743221
729 0.742194
733 0.745074
732 0.744381
734 0.746544
735 0.745478
736 0.749526
737 0.748244
740 0.75047
739 0.749067
738 0.749157
741 0.750396
742 0.750114
743 0.749973
744 0.750439
745 0.753519
746 0.755373
748 0.756611
747 0.757912
749 0.756419
751 0.757187
752 0.758715
750 0.756909
753 0.759491
754 0.760455
755 0.760894
758 0.757403
757 0.757802
756 0.760212
759 0.758512
761 0.763383
760 0.761525
762 0.762011
763 0.762889
764 0.761999
765 0.760079
767 0.7635
766 0.762187
768 0.768924
769 0.778521
770 0.778815
773 0.776075
771 0.7776
772 0.775754
774 0.777702
775 0.777035
776 0.777259
777 0.776871
778 0.774296
779 0.773771
780 0.773606
781 0.776169
782 0.776424
784 0.776843
783 0.777212
785 0.775538
786 0.774245
788 0.774065
787 0.774426
789 0.775295
791 0.776875
790 0.776546
793 0.774931
792 0.77635
794 0.767521
797 0.769018
796 0.768939
795 0.766909
799 0.770405
800 0.768473
798 0.770052
801 0.767693
803 0.766239
802 0.766459
804 0.767058
806 0.766988
805 0.766917
809 0.767791
807 0.767144
808 0.767521
811 0.770495
810 0.768594
812 0.777576
814 0.786335
813 0.783392
815 0.791566
817 0.795348
816 0.792714
818 0.796519
819 0.803307
821 0.803044
820 0.802778
822 0.804576
823 0.811947
824 0.811814
825 0.813981
826 0.82053
827 0.822285
830 0.823378
828 0.823375
829 0.82627
833 0.828633
831 0.824209
832 0.827403
834 0.829327
835 0.829135
836 0.829934
837 0.828426
838 0.828637
839 0.828794
842 0.82852
841 0.828837
840 0.829217
845 0.835617
844 0.836154
843 0.828825
847 0.834935
846 0.835632
848 0.83488
850 0.833794
849 0.83432
851 0.834425
852 0.834621
854 0.834445
853 0.834559
856 0.833787
855 0.833638
857 0.833548
858 0.8322
859 0.83332
860 0.832517
861 0.833046
863 0.832137
862 0.83209
866 0.832662
864 0.832599
865 0.832239
867 0.833085
869 0.834382
868 0.833356
870 0.835182
872 0.834739
871 0.834809
875 0.832944
873 0.834312
874 0.834821
877 0.829355
876 0.829844
878 0.82743
879 0.851468
881 0.851401
880 0.85106
884 0.849658
882 0.850406
883 0.850911
886 0.849172
887 0.849853
885 0.849395
889 0.848431
888 0.849336
890 0.849571
891 0.847487
892 0.846918
893 0.843435
895 0.839876
896 0.839418
894 0.841393
897 0.839575
898 0.839504
899 0.838724
902 0.839375
901 0.838885
900 0.838775
903 0.838818
904 0.841166
905 0.834845
908 0.840703
907 0.840825
906 0.84088
911 0.837698
910 0.840558
909 0.840676
912 0.835397
914 0.835511
913 0.835875
917 0.835511
915 0.840684
916 0.841154
918 0.831843
919 0.834849
920 0.83535
921 0.84037
922 0.834829
923 0.839692
925 0.839771
926 0.840057
924 0.834903
929 0.840186
927 0.840464
928 0.841836
931 0.839908
932 0.840166
930 0.840492
933 0.841655
934 0.84238
935 0.843344
937 0.842384
936 0.841981
938 0.845143
939 0.845735
940 0.8447
941 0.845868
944 0.847275
943 0.847224
942 0.845218
947 0.846048
945 0.846883
946 0.846283
948 0.845476
949 0.846691
950 0.839994
951 0.839285
952 0.839567
953 0.839343
955 0.853517
954 0.849853
956 0.849187
957 0.847671
958 0.851499
959 0.850535
961 0.84666
960 0.848791
962 0.842326
965 0.842235
963 0.842572
964 0.841279
968 0.84117
966 0.841326
967 0.841467
969 0.840339
971 0.837165
970 0.839908
973 0.837372
972 0.837082
974 0.836698
975 0.836314
976 0.837505
977 0.836193
979 0.832795
980 0.833058
978 0.835307
981 0.830005
982 0.829809
983 0.830346
985 0.829472
984 0.829982
986 0.829848
988 0.829433
987 0.829202
989 0.82955
990 0.830452
992 0.830789
991 0.830558
993 0.830973
994 0.831514
995 0.830996
997 0.830467
996 0.830428
998 0.832897
1000 0.830683
999 0.83035
1001 0.830503
1004 0.835095
1002 0.830671
1003 0.830742
1005 0.834962
1007 0.83515
1006 0.83526
1008 0.833826
1010 0.827462
1009 0.831859
1011 0.82649
1013 0.829417
1012 0.827086
1015 0.827289
1014 0.829695
1016 0.826082
1017 0.826968
1018 0.827344
1019 0.826792
1020 0.827873
1021 0.826247
1022 0.826392
1023 0.826964
1024 0.827297
1025 0.827791
1027 0.828108
1026 0.828202
1028 0.827979
1029 0.827552
1030 0.82776
1031 0.827732
1033 0.82794
1032 0.827932
1034 0.827474
1035 0.830197
1036 0.829562
1037 0.83015
1039 0.830338
1038 0.830703
1040 0.829938
1041 0.829652
1043 0.829507
1042 0.829496
1045 0.829437
1044 0.829425
1046 0.829601
1047 0.829817
1048 0.829112
1049 0.829002
1051 0.829398
1052 0.82921
1050 0.829527
1054 0.829119
1053 0.829108
1055 0.829104
1057 0.831459
1056 0.828935
1058 0.831815
1061 0.830264
1059 0.831588
1060 0.830851
1062 0.830287
1063 0.829543
1064 0.829786
1066 0.828567
1065 0.828931
1067 0.828841
1069 0.827901
1068 0.828524
1070 0.828108
1071 0.826705
1072 0.826807
1073 0.82504
1074 0.824103
1075 0.823794
1076 0.82435
1078 0.825495
1079 0.825016
1077 0.825165
1080 0.825553
1082 0.827199
1081 0.826329
1083 0.827658
1085 0.835836
1084 0.828994
1088 0.832431
1087 0.833403
1086 0.83555
1089 0.830507
1090 0.830691
1091 0.834006
1092 0.836028
1093 0.837462
1094 0.838975
1096 0.836024
1097 0.837121
1095 0.835695
1098 0.836447
1099 0.836792
1100 0.83497
1101 0.832638
1103 0.831894
1102 0.831667
1105 0.83238
1104 0.832533
1106 0.833164
1108 0.832497
1107 0.833069
1109 0.831447
1110 0.839865
1111 0.841467
1112 0.841891
1115 0.839367
1113 0.841346
1114 0.839445
1117 0.8393
1116 0.839386
1118 0.838571
1120 0.838783
1121 0.836455
1119 0.838638
1123 0.836522
1124 0.836232
1122 0.836161
1125 0.837118
1126 0.837588
1127 0.837768
1129 0.836835
1130 0.840829
1128 0.839273
1131 0.838352
1132 0.840758
1133 0.842572
1135 0.847185
1134 0.84327
1136 0.849215
1137 0.84945
1138 0.848678
1139 0.849689
1140 0.853318
1142 0.849799
1141 0.850453
1143 0.845856
1145 0.847028
1144 0.846072
1148 0.840292
1146 0.840578
1147 0.839633
1150 0.833485
1151 0.831169
1149 0.834374
1152 0.829155
1153 0.82834
1154 0.824197
1155 0.825577
1156 0.824135
1157 0.824303
1159 0.825291
1158 0.825009
1160 0.821031
1161 0.818848
1163 0.816748
1162 0.816521
1164 0.813993
1166 0.819577
1165 0.81366
1169 0.819922
1167 0.818449
1168 0.820851
1170 0.820095
1171 0.82071
1172 0.820365
1175 0.81772
1173 0.820377
1174 0.819828
1177 0.817379
1176 0.817755
1178 0.818323
1179 0.818739
1180 0.819044
1181 0.819887
1182 0.824131
1183 0.827062
1184 0.826545
1185 0.840966
1187 0.847682
1186 0.848227
1188 0.848223
1190 0.843533
1189 0.845041
1191 0.841322
1192 0.840676
1193 0.842322
1194 0.843282
1196 0.84704
1195 0.842772
1198 0.850382
1199 0.852973
1197 0.848447
1201 0.85367
1200 0.851241
1202 0.855206
1204 0.857969
1205 0.847028
1203 0.860716
1207 0.843442
1208 0.841898
1206 0.8428
1209 0.847267
1211 0.84117
1210 0.841832
1214 0.843399
1213 0.84479
1212 0.845829
1216 0.848901
1217 0.847671
1215 0.848525
1219 0.849834
1218 0.849991
1220 0.846687
1221 0.851413
1223 0.853435
1222 0.850951
1225 0.852581
1224 0.853298
1226 0.856041
1227 0.848615
1228 0.848815
1229 0.847792
1230 0.847165
1231 0.846785
1232 0.844602
1233 0.842243
1235 0.839273
1234 0.845029
1238 0.840155
1236 0.838967
1237 0.841616
1239 0.838325
1241 0.838485
1240 0.839026
1243 0.838873
1242 0.84068
1244 0.8422
1247 0.84693
1245 0.84122
1246 0.846256
1250 0.839857
1248 0.843525
1249 0.842882
1253 0.843301
1251 0.840064
1252 0.840476
1254 0.8449
1255 0.842815
1256 0.842635
1257 0.841267
1258 0.839876
1259 0.840386
1260 0.848196
1262 0.85021
1261 0.847769
1263 0.852483
1264 0.850943
1265 0.853227
1266 0.847835
1267 0.847792
1268 0.849195
1269 0.845923
1270 0.846456
1271 0.849387
1274 0.842847
1273 0.846119
1272 0.846358
1275 0.841377
1276 0.842263
1277 0.840684
1278 0.837733
1279 0.838309
1280 0.837686
1281 0.838234
1282 0.837447
1283 0.831823
1284 0.831525
1286 0.839398
1285 0.840186
1287 0.840303
1289 0.839547
1288 0.839504
1290 0.839124
1292 0.836647
1291 0.837364
1294 0.838321
1293 0.838469
1295 0.837752
1297 0.831906
1296 0.832838
1298 0.83283
1301 0.835574
1300 0.834041
1299 0.83345
1304 0.83865
1302 0.838156
1303 0.837341
1305 0.8397
1307 0.835323
1306 0.836957
1308 0.834919
1309 0.83499
1310 0.833904
1313 0.827697
1311 0.830499
1312 0.826439
1315 0.825636
1314 0.827093
1316 0.824311
1317 0.824476
1319 0.824331
1318 0.823904
1320 0.824515
1321 0.824918
1322 0.823339
1323 0.822677
1325 0.81937
1324 0.82216
1327 0.819362
1328 0.820126
1326 0.820012
1330 0.81888
1329 0.821423
1331 0.816979
1332 0.816905
1334 0.816826
1333 0.817332
1335 0.821286
1336 0.818359
1337 0.817489
1340 0.817038
1339 0.817978
1338 0.818182
1341 0.816779
1342 0.816442
1343 0.815749
1346 0.811532
1345 0.810862
1344 0.816893
1347 0.811802
1348 0.811889
1349 0.812085
1351 0.813006
1350 0.812672
1352 0.812124
1354 0.812179
1355 0.811657
1353 0.812594
1357 0.813221
1356 0.811998
1358 0.812669
1360 0.815321
1361 0.815235
1359 0.813245
1362 0.815153
1363 0.81569
1364 0.815811
1365 0.815851
1367 0.816952
1366 0.815984
1369 0.817418
1368 0.817982
1370 0.817959
1371 0.819174
1373 0.820502
1372 0.819119
1374 0.820643
1375 0.821141
1376 0.819377
1377 0.819515
1378 0.819366
1379 0.819844
1381 0.819942
1380 0.819613
1382 0.820357
1383 0.820851
1384 0.821352
1385 0.818848
1387 0.8185
1386 0.81828
1388 0.819424
1390 0.820526
1389 0.820098
1391 0.82107
1392 0.821807
1393 0.822316
1394 0.822681
1395 0.82301
1397 0.823476
1396 0.823088
1398 0.823292
1400 0.819264
1399 0.824013
1403 0.827325
1401 0.819906
1402 0.826815
1405 0.827775
1404 0.827501
1406 0.82785
1407 0.828716
1409 0.829825
1408 0.82957
1411 0.832729
1410 0.83303
1412 0.832501
1414 0.832164
1413 0.832983
1415 0.832858
1418 0.833622
1416 0.833148
1417 0.8339
1419 0.836471
1420 0.837607
1421 0.837987
1423 0.838658
1424 0.83865
1422 0.838258
1426 0.837168
1427 0.83789
1425 0.838556
1428 0.838771
1429 0.838493
1430 0.840108
1432 0.840934
1433 0.842831
1431 0.840382
1434 0.843509
1435 0.8476
1436 0.848341
1438 0.849524
1439 0.851429
1437 0.848411
1441 0.852503
1442 0.852855
1440 0.850288
1443 0.853467
1445 0.85485
1444 0.852695
1447 0.857977
1448 0.860105
1446 0.85659
1450 0.864752
1451 0.867825
1449 0.86315
1452 0.868562
1454 0.873581
1453 0.870885
1456 0.876842
1455 0.875251
1457 0.867997
1458 0.870921
1460 0.877919
1459 0.883045
1462 0.881442
1461 0.880114
1463 0.884139
1465 0.888335
1466 0.891827
1464 0.885875
1467 0.894065
1468 0.898716
1469 0.899069
1471 0.904473
1470 0.904884
1472 0.907866
1474 0.914105
1475 0.917824
1473 0.914086
1476 0.926778
1477 0.920732
1478 0.921465
1479 0.923526
1480 0.921754
1481 0.922472
1484 0.927421
1482 0.923867
1483 0.92487
1487 0.946932
1486 0.943347
1485 0.943821
1489 0.934702
1488 0.94192
1490 0.937324
1493 0.94109
1491 0.937406
1492 0.937167
1494 0.938664
1495 0.943245
1496 0.945396
1499 0.953477
1498 0.950679
1497 0.949632
1501 0.95042
1500 0.949527
1502 0.94957
1503 0.950479
1504 0.948692
1505 0.944965
1507 0.942269
1506 0.943202
1508 0.941818
1509 0.935995
1510 0.938178
1511 0.959335
1512 0.946576
1514 0.940929
1513 0.945914
1515 0.938687
1516 0.947144
1517 0.950714
1519 0.94174
1518 0.94707
1520 0.93344
1523 0.955079
1521 0.933597
1522 0.946979
1525 0.946944
1526 0.943025
1524 0.948668
1528 0.947681
1527 0.947904
1529 0.947994
1531 0.951944
1530 0.953704
1532 0.9288
1533 0.925219
1534 0.926575
1535 0.907976
1536 0.896302
1537 0.904136
1538 0.898971
1539 0.893206
1541 0.901452
1540 0.892654
1543 0.904645
1542 0.885514
1544 0.873903
1546 0.863945
1545 0.869349
1547 0.894476
1548 0.882246
1550 0.855116
1549 0.876936
1552 0.846225
1551 0.856958
1553 0.850571
1554 0.84809
1556 0.853729
1555 0.849144
1558 0.849995
1557 0.854023
1559 0.849814
1562 0.852189
1561 0.845633
1560 0.843195
1563 0.847447
1564 0.847792
1565 0.850089
1567 0.851562
1566 0.850578
1568 0.854164
1570 0.855516
1571 0.858412
1569 0.8559
1573 0.864858
1572 0.860332
1574 0.869729
1575 0.879495
1576 0.874244
1577 0.877782
1580 0.89205
1579 0.883472
1578 0.905378
1581 0.895052
1582 0.899461
1583 0.901111
1585 0.89756
1584 0.901534
1586 0.901781
1587 0.891384
1589 0.888234
1588 0.893328
1590 0.877904
1592 0.880831
1591 0.876058
1594 0.882845
1595 0.884499
1593 0.882034
1597 0.887007
1596 0.88877
1598 0.88553
1600 0.887144
1601 0.888723
1599 0.883104
1604 0.902498
1603 0.893951
1602 0.890698
1606 0.905268
1605 0.907392
1607 0.913917
1610 0.89283
1608 0.899112
1609 0.897725
1611 0.905754
1612 0.906957
1613 0.90356
1615 0.897192
1614 0.898093
1616 0.898814
1617 0.897929
1618 0.897063
1619 0.898027
1620 0.897106
1621 0.897627
1622 0.892117
1624 0.889354
1623 0.89294
1625 0.856582
1627 0.856425
1626 0.855054
1628 0.855751
1631 0.862864
1629 0.853545
1630 0.85077
1633 0.8775
1632 0.869631
1634 0.902184
1636 0.88861
1635 0.867417
1637 0.894578
1638 0.897654
1640 0.902623
1639 0.902047
1641 0.903595
1642 0.900229
1643 0.902705
1645 0.913886
1644 0.9099
1646 0.915665
1648 0.875419
1647 0.879362
1649 0.872986
1650 0.844939
1652 0.863432
1651 0.843732
1655 0.862672
1654 0.864678
1653 0.876328
1657 0.873836
1656 0.871693
1658 0.874926
1659 0.867735
1660 0.869784
1661 0.873393
1664 0.880326
1662 0.887869
1663 0.867997
1665 0.888759
1667 0.891733
1666 0.892286
1669 0.895554
1668 0.891615
1670 0.896526
1671 0.900362
1672 0.892956
1673 0.882626
1674 0.890855
1676 0.894649
1675 0.891165
1677 0.899394
1679 0.897768
1678 0.892133
1680 0.898324
1681 0.905468
1682 0.893508
1684 0.878836
1683 0.899429
1685 0.843411
1687 0.901644
1686 0.884135
1688 0.838591
1689 0.830746
1691 0.813946
1690 0.818484
1693 0.81451
1692 0.814702
1694 0.827928
1696 0.82522
1695 0.830691
1697 0.826666
1699 0.830699
1700 0.831036
1698 0.832149
1702 0.831091
1701 0.826384
1703 0.831267
1705 0.804792
1704 0.802535
1706 0.806669
1709 0.785637
1708 0.79728
1707 0.798796
1712 0.836914
1710 0.83265
1711 0.825287
1713 0.826412
1715 0.820769
1714 0.836118
1717 0.817704
1718 0.820318
1716 0.81462
1719 0.823943
1720 0.825303
1721 0.823629
1724 0.817943
1722 0.819969
1723 0.818864
1726 0.81589
1727 0.809647
1725 0.811814
1728 0.810266
1729 0.813825
1730 0.792358
1732 0.788788
1733 0.767188
1731 0.778525
1735 0.762387
1734 0.779477
1736 0.772035
1737 0.766608
1739 0.737194
1738 0.735532
1741 0.729058
1740 0.728608
1742 0.726053
1744 0.702242
1745 0.699487
1743 0.706631
1747 0.672597
1746 0.692708
1748 0.682033
1751 0.663419
1750 0.658062
1749 0.659536
1753 0.656107
1754 0.653317
1752 0.655825
1755 0.590323
1757 0.583438
1756 0.590558
1759 0.584414
1758 0.584907
1760 0.566724
1762 0.57658
1761 0.572661
1763 0.58827
1765 0.585444
1764 0.587893
1766 0.589269
1767 0.59084
1769 0.597189
1768 0.593188
1772 0.608055
1771 0.605755
1770 0.599313
1775 0.612401
1774 0.606484
1773 0.607569
1777 0.603909
1776 0.605755
1778 0.599324
1779 0.596307
1780 0.591526
1781 0.584414
1782 0.575816
1784 0.562049
1783 0.571901
1785 0.55188
1786 0.545485
1787 0.539078
1789 0.52867
1788 0.533889
1790 0.52238
1793 0.515087
1792 0.521063
1791 0.523716
1795 0.492002
1794 0.498119
1796 0.498989
1797 0.482636
1799 0.476656
1798 0.479646
1800 0.475304
1801 0.470296
1802 0.470045
1803 0.472667
1804 0.474422
1805 0.476664
1806 0.474603
1807 0.476268
1808 0.477158
1809 0.480418
1811 0.46548
1810 0.468497
1813 0.47378
1812 0.471201
1814 0.47146
1817 0.452109
1815 0.467083
1816 0.465456
1818 0.440776
1819 0.443174
1820 0.436395
1823 0.43063
1821 0.435306
1822 0.430705
1824 0.428119
1825 0.426332
1826 0.450651
1827 0.453281
1828 0.453743
1829 0.440753
1831 0.433021
1830 0.433452
1832 0.430043
1833 0.429929
1835 0.425172
1834 0.429604
1837 0.426563
1838 0.422605
1836 0.424713
1841 0.369091
1839 0.383856
1840 0.375435
1843 0.363134
1844 0.355195
1842 0.365321
1845 0.344759
1847 0.334124
1846 0.340315
1848 0.327454
1850 0.318696
1849 0.325342
1851 0.313147
1852 0.309941
1853 0.305078
1855 0.291492
1856 0.28617
1854 0.295501
1857 0.28532
1858 0.285543
1859 0.284497
1860 0.274292
1862 0.27229
1861 0.271906
1863 0.261646
1864 0.259205
1865 0.2531
1868 0.244165
1866 0.24525
1867 0.243526
1869 0.246383
1870 0.247809
1871 0.251234
1874 0.256975
1873 0.248887
1872 0.24779
1875 0.265322
1876 0.264746
1877 0.267489
1879 0.283505
1878 0.27468
1880 0.291927
1881 0.298244
1883 0.30255
1882 0.301767
1885 0.309769
1884 0.311685
1886 0.312187
1889 0.34133
1887 0.324609
1888 0.33468
1890 0.350598
1891 0.361645
1892 0.370035
1893 0.378711
1894 0.391729
1895 0.388876
1896 0.394284
1897 0.39446
1898 0.405578
1899 0.400503
1901 0.423146
1900 0.421903
1904 0.467647
1902 0.44397
1903 0.452579
1907 0.506113
1906 0.492331
1905 0.486418
1908 0.519833
1909 0.525672
1910 0.517478
1913 0.513994
1911 0.519457
1912 0.518747
1915 0.506956
1916 0.501681
1914 0.511137
1918 0.49855
1917 0.497625
1919 0.495356
1921 0.490822
1920 0.493338
1922 0.490944
1923 0.490489
1925 0.468987
1924 0.473662
1926 0.466291
1927 0.46401
1928 0.457055
1930 0.452728
1929 0.456212
1931 0.447885
1933 0.434236
1934 0.426026
1932 0.434722
1935 0.41619
1937 0.402321
1936 0.413427
1938 0.386404
1939 0.385534
1940 0.390765
1941 0.372061
1942 0.371563
1943 0.366653
1945 0.35974
1944 0.3621
1946 0.347204
1947 0.342267
1948 0.339704
1949 0.32879
1950 0.31973
1952 0.305027
1951 0.316258
1954 0.291672
1955 1953 0.295759
0.268014
1956 0.259691
1958 0.241069
1957 0.251544
1959 0.21622
1961 0.214739
1960 0.223533
1962 0.179768
1963 0.180329
1964 0.16813
1967 0.143038
1966 0.15671
1965 0.154876
1969 0.136619
1968 0.139856
1970 0.123405
1973 0.0999318
1971 0.112491
1972 0.108106
1974 0.09211
1976 0.0808985
1975 0.0891318
1978 0.0753927
1977 0.0769288
1979 0.0715954
1982 0.0699613
1981 0.0690952
1980 0.0694793
1983 0.0696831
1985 0.0661915
1984 0.0694714
1986 0.066309
1987 0.0662071
1988 0.0657996
1990 0.0657878
1989 0.0657721
1991 0.0661875
1992 0.0666304
1993 0.0668655
1994 0.0673749
1996 0.0672534
1995 0.0674376
1997 0.0660935
1999 0.067418
1998 0.0671163
2000 0.0676022
2002 0.080103
2001 0.0754945
2003 0.0921923
2005 0.119204
2006 0.136584
2004 0.110904
2008 0.165069
2009 0.185411
2007 0.154833
2011 0.215801
2010 0.203849
2012 0.237084
2014 0.252645
2013 0.255333
2015 0.265828
2016 0.281056
2017 0.289975
2018 0.309706
2019 0.322403
2020 0.32437
2021 0.328469
2022 0.340593
2024 0.353447
2023 0.345754
2025 0.370721
2027 0.395906
2026 0.383457
2029 0.423494
2030 0.436885
2028 0.413196
2031 0.437042
2032 0.430133
2033 0.422534
2034 0.428154
2036 0.434984
2035 0.455738
2039 0.423122
2037 0.419607
2038 0.421884
2041 0.410034
2040 0.41628
2042 0.399186
2043 0.390311
2045 0.378981
2044 0.385381
2046 0.372245
2048 0.365219
2047 0.36759
2049 0.362625
2051 0.351033
2050 0.361214
2054 0.336302
2052 0.35313
2053 0.347165
2057 0.266706
2056 0.327803
2055 0.330048
2058 0.269641
2059 0.250968
2060 0.214626
2061 0.205722
2063 0.191348
2062 0.204002
2066 0.17148
2064 0.182519
2065 0.197222
2067 0.185678
2069 0.150221
2068 0.179482
2071 0.137152
2072 0.132955
2070 0.141874
2074 0.122006
2073 0.128766
2075 0.115046
2076 0.111006
2077 0.109329
2078 0.103345
2079 0.0968674
2081 0.0877759
2080 0.0940145
2083 0.080683
2084 0.0759844
2082 0.0823053
2085 0.0729748
2086 0.0733667
2087 0.0731159
2089 0.0727318
2088 0.073159
2090 0.0724497
2092 0.072771
2091 0.0725398
2093 0.0726613
2094 0.0729317
2096 0.0737468
2095 0.0731433
2099 0.07359
2097 0.073112
2098 0.0731982
2101 0.0838963
2100 0.0780456
2102 0.0911186
2103 0.099344
2105 0.10612
2104 0.0983526
2106 0.12067
2107 0.120975
2108 0.131505
2109 0.142297
2110 0.144245
2111 0.156213
2114 0.187331
2112 0.169176
2113 0.17467
2115 0.199758
2117 0.219716
2116 0.206729
2118 0.23235
2119 0.243127
2120 0.256176
2122 0.276052
2121 0.267415
2123 0.29041
2125 0.308895
2124 0.303992
2126 0.324052
2128 0.340891
2129 0.351092
2127 0.334657
2132 0.372414
2130 0.360019
2131 0.366054
2134 0.382399
2135 0.388782
2133 0.38049
2136 0.394312
2137 0.390471
2138 0.391909
2139 0.400476
2141 0.398289
2140 0.40327
2143 0.402071
2142 0.402016
2144 0.404802
2146 0.403325
2145 0.405061
2147 0.402948
2148 0.400535
2150 0.394257
2149 0.399186
2152 0.377998
2153 0.367045
2151 0.379217
2155 0.362789
2156 0.362668
2154 0.359979
2158 0.373687
2159 0.376246
2157 0.376732
2160 0.3692
2161 0.369706
2162 0.367895
2165 0.365066
2163 0.368526
2164 0.370348
2166 0.359697
2167 0.3588
2168 0.35166
2169 0.351687
2170 0.35376
2171 0.348596
2174 0.333591
2173 0.341612
2172 0.343407
2175 0.319938
2177 0.297135
2176 0.309142
2178 0.277729
2179 0.267811
2180 0.256576
2181 0.243303
2182 0.238087
2183 0.228239
2185 0.201666
2186 0.191689
2184 0.215205
2188 0.179631
2187 0.18391
2189 0.168518
2192 0.144359
2191 0.154759
2190 0.159457
2193 0.134017
2195 0.121352
2194 0.129467
2196 0.113965
2197 0.111947
2198 0.102828
2199 0.0969692
2200 0.0954174
2201 0.090566
2202 0.0845821
2203 0.0819213
2204 0.0769641
2205 0.0749694
2206 0.0753652
2207 0.0736096
2210 0.0679941
2208 0.0722616
2209 0.07118
2212 0.064334
2211 0.0655174
2213 0.0617476
2214 0.0592474
2215 0.0578602
2216 0.0570098
2217 0.0565435
2218 0.0558225
2219 0.0565631
2220 0.0565278
2221 0.0567199
2222 0.0568727
2223 0.0574879
2224 0.0589026
2225 0.0583226
2226 0.0580209
2227 0.0583696
2228 0.0591064
2230 0.0585303
2229 0.0587341
2231 0.0590123
2232 0.0591299
2234 0.0600625
2233 0.0594355
2236 0.0577544
2235 0.056665
2237 0.0577505
2238 0.0582913
2240 0.0592474
2239 0.0592788
2241 0.0587341
2242 0.0592827
2243 0.0586087
2245 0.0600234
2244 0.059702
2246 0.0601252
2249 0.0607248
2247 2248 0.0596472
0.0592435
2251 0.0610266
2252 0.0616575
2250 0.0605367
2255 0.0638285
2253 0.062018
2254 0.0625509
2257 0.0638755
2256 0.0633935
2258 0.0639813
2259 0.0647494
2260 0.0616731
2261 0.0621081
2264 0.0648121
2263 0.0645965
2262 0.0641851
2265 0.0648904
2266 0.0658388
2267 0.0704355
2268 0.0779947
2269 0.0837317
2270 0.0877132
2271 0.0994498
2272 0.105508
2273 0.112754
2275 0.122081
2274 0.11556
2276 0.130098
2278 0.136533
2277 0.133927
2279 0.139249
2281 0.143293
2282 0.145154
2280 0.142427
2283 0.146412
2284 0.147368
2285 0.146388
2287 0.149841
2286 0.148603
2288 0.151404
2289 0.152831
2290 0.154112
2291 0.156828
2294 0.157094
2293 0.156883
2292 0.156883
2295 0.155786
2297 0.158031
2296 0.157239
2298 0.161856
2299 0.164379
2300 0.165269
2301 0.168169
2303 0.173122
2302 0.169501
2304 0.174721
2305 0.176124
2306 0.177205
2307 0.177045
2308 0.177758
2309 0.17851
2311 0.177115
2312 0.173373
2310 0.177284
2313 0.1715
2314 0.171104
2315 0.168208
2316 0.163423
2317 0.161319
2318 0.156064
2319 0.154026
2321 0.151628
2320 0.153011
2322 0.146388
2323 0.141992
2324 0.135796
2327 0.125674
2326 0.131556
2325 0.129166
2329 0.123197
2328 0.124393
2330 0.122935
2332 0.118166
2331 0.119404
2333 0.116022
2334 0.113173
2336 0.103592
2335 0.106986
2339 0.092737
2337 0.0992539
2338 0.0960836
2342 0.088301
2340 0.091385
2341 0.0907306
2343 0.0862554
2344 0.0860164
2345 0.0841236
2346 0.0835828
2347 0.0821878
2348 0.0793075
2349 0.0757062
2351 0.074844
2350 0.0755455
2352 0.0758159
2354 0.075667
2353 0.0760471
2356 0.0726809
2355 0.0737076
2357 0.0722302
2360 0.0663364
2359 0.0704746
2358 0.0711095
2362 0.0673122
2361 0.0671359
2363 0.0654195
2364 0.0658309
2366 0.0670144
2365 0.065972
2369 0.0697653
2368 2367 0.0677119
0.0676414
2372 0.0712976
2371 0.0702709
2370 0.0698555
2373 0.0721558
2375 0.0708979
2374 0.0718344
2378 0.070941
2376 0.0704942
2377 0.0703414
2379 0.0693696
2380 0.0688484
2381 0.0685701
2383 0.0686759
2384 0.0770072
2382 0.0678569
2385 0.0843117
2387 0.100085
2386 0.0901506
2388 0.110191
2390 0.119929
2389 0.11228
2391 0.123358
2393 0.127296
2392 0.125039
2394 0.130404
2395 0.131787
2396 0.131004
2397 0.130949
2399 0.130122
2398 0.130239
2400 0.13192
2401 0.132222
2402 0.134201
2403 0.135604
2404 0.137364
2405 0.139468
2408 0.144218
2406 0.140796
2407 0.141502
2409 0.146439
2410 0.147129
2411 0.149539
2414 0.147274
2412 0.152376
2413 0.150817
2415 0.140459
2416 0.13736
2417 0.12
2419 0.117049
2418 0.117331
2420 0.111649
2421 0.105767
2422 0.102761
2423 0.0958838
2426 0.0809847
2425 0.087623
2424 0.0904563
2427 0.0748205
2429 0.0658466
2428 0.0714739
2430 0.0609482
2431 0.0587027
2432 0.0554619
2433 0.0602036
2435 0.0701455
2434 0.063993
2436 0.0751693
2437 0.0806712
2438 0.085409
2439 0.0881442
2441 0.0917456
2440 0.0898254
2444 0.0965617
2443 0.0944965
2442 0.0933052
2447 0.0995399
2446 0.0982546
2445 0.0971848
2448 0.101029
2450 0.103682
2449 0.100578
2451 0.104062
2452 0.104685
2453 0.102996
2454 0.104195
2455 0.10581
2456 0.102867
2457 0.103463
2459 0.10929
2458 0.106112
2462 0.118115
2461 0.115744
2460 0.11313
2463 0.11699
2465 0.107844
2464 0.113224
2467 0.0987719
2468 0.0943554
2466 0.100653
2470 0.0887125
2469 0.0896451
2471 0.0852365
2474 0.0743777
2473 0.0778732
2472 0.0799854
2475 0.0722773
2476 0.0714191
2477 0.0692716
2480 0.0678491
2478 0.0686524
2479 0.0691501
2481 0.0659955
2482 0.0650746
2483 0.0657565
2484 0.0665206
2485 0.0651452
2486 0.065972
2489 0.0683115
2487 0.0670301
2488 0.0674572
2492 0.0699691
2491 0.0695028
2490 0.0692246
2493 0.0707254
2494 0.0703884
2495 0.0712427
2496 0.0716816
2497 0.072191
2498 0.0726535
2499 0.0734725
2500 0.074025
2501 0.0745501
2503 0.075279
2504 0.0755494
2502 0.0744639
2507 0.0756121
2505 0.0754044
2506 0.075808
2509 0.0807848
2508 0.0780065
2510 0.0846997
2512 0.0952646
2511 0.0908247
2513 0.103839
2516 0.120207
2515 0.11431
2514 0.111633
2518 0.123331
2517 0.122374
2519 0.125188
2520 0.125466
2522 0.128017
2521 0.125839
2524 0.129028
2523 0.128656
2525 0.130373
2526 0.132598
2527 0.133449
2528 0.135377
2529 0.137254
2530 0.138136
2531 0.139691
2532 0.141173
2534 0.142956
2533 0.141608
2536 0.144006
2535 0.143011
2537 0.145566
2539 0.14843
2538 0.147725
2540 0.148034
2541 0.149175
2542 0.149759
2543 0.151483
2546 0.155864
2544 0.154426
2545 0.155213
2547 0.158607
2548 0.160002
2549 0.159003
2552 0.150295
2550 0.155844
2551 0.154375
2553 0.147035
2555 0.135424
2554 0.141184
2558 0.12174
2556 0.131901
2557 0.129021
2559 0.114674
2561 0.103278
2560 0.110356
2562 0.0955311
2563 0.0915418
2564 0.0847193
2566 0.0746207
2565 0.0785198
2567 0.0690286
2568 0.0639695
2570 0.0576643
2569 0.0614615
2572 0.0547801
2571 0.0548702
2573 0.0538239
2575 0.0525738
2576 0.0526404
2574 0.0526757
2578 0.0526209
2577 0.0526287
2579 0.052613
2580 0.052711
2581 0.052515
2582 0.0524406
2584 0.0524563
2583 0.0525582
2585 0.0505518
2586 0.0512375
2587 0.05141
2588 0.0516568
2590 0.0519468
2589 0.0514727
2591 0.0521114
2593 0.0525386
2592 0.0521232
2594 0.0527698
2597 0.0531146
2596 0.0528873
2595 0.0528325
2598 0.0528481
2599 0.0529304
2600 0.0529344
2602 0.0530402
2603 0.0530049
2601 0.0529461
2604 0.0529971
2605 0.0530441
2606 0.0532165
2608 0.0533223
2607 0.0532831
2609 0.0533733
2611 0.0518645
2610 0.0519468
2612 0.0521388
2614 0.0520683
2613 0.0519939
2615 0.051794
2616 0.0518018
2617 0.0520252
2618 0.0519625
2620 0.0520605
2619 0.051939
2621 0.0522329
2623 0.0523152
2624 0.0522055
2622 0.0522486
2626 0.0593807
2625 0.0562731
2627 0.066117
2629 0.0759687
2628 0.0726182
2630 0.0778301
2631 0.0832419
2632 0.0848603
2633 0.0875917
2634 0.089218
2636 0.0870979
2635 0.087
2637 0.0899194
2638 0.0930035
2639 0.102467
2640 0.11152
2642 0.125533
2641 0.116195
2644 0.146984
2643 0.139162
2645 0.160931
2646 0.173099
2647 0.178773
2648 0.192916
2650 0.206251
2649 0.20321
2651 0.214802
2652 0.22222
2654 0.22541
2653 0.22307
2657 0.24181
2656 0.232193
2655 0.228032
2659 0.250278
2658 0.246955
2660 0.259691
2661 0.262379
2663 0.262356
2662 0.258421
2664 0.263089
2665 0.26024
2666 0.257289
2667 0.252124
2669 0.249988
2668 0.248895
2670 0.252249
2672 0.238992
2671 0.244933
2675 0.253057
2673 0.242174
2674 0.255196
2676 0.26033
2678 0.263285
2677 0.261266
2680 0.260008
2681 0.250012
2679 0.262599
2682 0.245345
2684 0.239533
2683 0.242284
2686 0.233051
2687 0.230116
2685 0.234125
2689 0.223972
2688 0.226589
2690 0.214543
2693 0.192661
2692 0.200471
2691 0.212627
2696 0.186399
2695 0.192598
2694 0.194985
2698 0.176398
2697 0.179878
2699 0.170602
2700 0.163972
2701 0.160253
2702 0.154136
2703 0.147157
2705 0.137689
2704 0.14379
2706 0.131368
2707 0.127955
2708 0.121853
2711 0.111527
2709 0.116532
2710 0.113408
2714 0.113479
2713 0.113103
2712 0.112707
2715 0.114318
2717 0.1144
2716 0.114075
2718 0.114063
2720 0.113973
2719 0.113608
2721 0.11458
2722 0.115066
2723 0.115783
2726 0.116974
2724 0.116101
2725 0.116218
2729 0.122617
2728 0.118573
2727 0.117848
2732 0.137368
2730 0.127743
2731 0.131219
2734 0.144327
2733 0.142705
2735 0.145087
2738 0.15537
2737 0.150472
2736 0.15055
2739 0.158505
2741 0.158736
2740 0.159783
2744 0.163956
2742 0.162342
2743 0.163341
2746 0.163345
2745 0.16387
2747 0.164332
2750 0.169936
2748 0.167416
2749 0.167667
2752 0.17282
2751 0.172287
2753 0.174074
2754 0.176085
2755 0.176053
2756 0.177734
2757 0.177891
2758 0.178718
2759 0.179698
2760 0.176249
2761 0.177155
2762 0.178824
2763 0.179847
2764 0.180909
2765 0.181163
2766 0.182206
2767 0.183495
2768 0.186701
2769 0.186994
2770 0.187398
2771 0.186336
2772 0.187359
2774 0.188601
2773 0.18768
2775 0.189667
2776 0.189538
2777 0.191109
2780 0.194593
2779 0.192967
2778 0.192289
2783 0.19839
2781 0.196098
2782 0.19707
2785 0.19723
2784 0.19993
2786 0.198743
2787 0.198727
2789 0.202223
2788 0.200683
2791 0.20285
2790 0.202301
2792 0.203673
2794 0.204703
2793 0.204119
2795 0.205475
2796 0.204186
2797 0.204911
2798 0.204484
2801 0.205123
2799 0.205099
2800 0.205746
2802 0.205413
2804 0.205224
2803 0.205464
2805 0.20671
2807 0.207113
2806 0.205413
2810 0.205902
2809 0.206996
2808 0.207015
2811 0.20709
2812 0.207842
2813 0.209041
2815 0.209997
2814 0.209339
2816 0.210237
2817 0.211541
2818 0.211373
2819 0.211761
2820 0.213842
2822 0.212811
2821 0.213709
2823 0.212462
2824 0.213027
2825 0.212478
2826 0.211969
2828 28270.210464
 0.211816
2830 0.210448
2829 0.210844
2831 0.210683
2833 0.210037
2834 0.21044
2832 0.210421
2836 0.205687
2835 0.205362
2837 0.20718
2839 0.207055
2838 0.206937
2840 0.20745
2842 0.209112
2841 0.208743
2843 0.208497
2846 0.209163
2844 0.208673
2845 0.208477
2847 0.209429
2848 0.209276
2849 0.209751
2851 0.211165
2850 0.210965
2852 0.212987
2853 0.214845
2855 0.215903
2854 0.216068
2856 0.216326
2857 0.216569
2858 0.214367
2859 0.212709
2860 0.207501
2861 0.207235
2862 0.207098
2864 0.208261
2863 0.207274
2866 0.209515
2865 0.209421
2867 0.210977
2869 0.213477
2868 0.211835
2870 0.215143
2872 0.217204
2871 0.217808
2873 0.21539
2874 0.215484
2876 0.212572
2875 0.214406
2879 0.212435
2877 0.212282
2878 0.211502
2881 0.215891
2880 0.214465
2882 0.218286
2885 0.224454
2883 0.221374
2884 0.223298
2888 0.229489
2886 0.227659
2887 0.229184
2889 0.230152
2890 0.231504
2891 0.231731
2892 0.230681
2893 0.229869
2894 0.226958
2896 0.228529
2897 0.228886
2895 0.227232
2900 0.231018
2899 0.231069
2898 0.230054
2902 0.231135
2901 0.231362
2903 0.230363
2906 0.230822
2904 0.229787
2905 0.230081
2908 0.232009
2907 0.231586
2909 0.231605
2910 0.226538
2912 0.227185
2911 0.227036
2915 0.228419
2913 0.2286
2914 0.228517
2916 0.228372
2918 0.227401
2917 0.228028
2920 0.227918
2919 0.227742
2921 0.228882
2922 0.229176
2923 0.229329
2924 0.229532
2926 0.22829
2925 0.229023
2927 0.229274
2929 0.230489
2928 0.230026
2930 0.233232
2931 0.233961
2932 0.234462
2933 0.237025
2935 0.234929
2936 0.233102
2934 0.237323
2938 0.233651
2939 0.239933
2937 0.233643
2941 0.240709
2940 0.239948
2942 0.240846
2944 0.24221
2943 0.240615
2945 0.245141
2946 0.251458
2947 0.255388
2948 0.259762
2949 0.264237
2951 0.272219
2950 0.266631
2952 0.273328
2953 0.274739
2954 0.281248
2955 0.283631
2957 0.29186
2956 0.286483
2958 0.298189
2959 0.303663
2960 0.305685
2961 0.311242
2963 0.321599
2962 0.314612
2964 0.327861
2966 0.338626
2965 0.331161
2967 0.344497
2969 0.357162
2968 0.349998
2972 0.37094
2971 0.365693
2970 0.362433
2973 0.376803
2974 0.379103
2975 0.384691
2977 0.395248
2976 0.392995
2978 0.400154
2980 0.405676
2979 0.404865
2981 0.410073
2982 0.415445
2984 0.422758
2983 0.418745
2985 0.435901
2986 0.437629
2987 0.441207
2989 0.450495
2988 0.44495
2990 0.457352
2993 0.475269
2991 0.461224
2992 0.46943
2996 0.495313
2994 0.489839
2995 0.491692
2998 0.511615
2997 0.505075
2999 0.519123
3001 0.528442
3002 0.536958
3000 0.526863
3005 0.555246
3004 0.549929
3003 0.544748
3006 0.562312
3008 0.571925
3007 0.564655
3009 0.584943
3010 0.593078
3011 0.624655
3013 0.610364
3014 0.627598
3012 0.631211
3015 0.641608
3017 0.658113
3016 0.670254
3019 0.66889
3018 0.665978
3020 0.674325
3023 0.690788
3021 0.682104
3022 0.684087
3024 0.694444
3026 0.701055
3025 0.697587
3028 0.750999
3029 0.755067
3027 0.705087
3030 0.739247
3032 0.746732
3031 0.740948
3034 0.771412
3035 0.779916
3033 0.749589
3036 0.76062
3037 0.782541
3038 0.763845
3039 0.740454
3041 0.735242
3040 0.739188
3042 0.734247
3043 0.734846
3044 0.732577
3046 0.732036
3045 0.732577
3047 0.732048
3049 0.750725
3050 0.750074
3048 0.732193
3051 0.730442
3053 0.729195
3052 0.729407
3055 0.727021
3054 0.728082
3056 0.723874
3057 0.725543
3058 0.726409
3059 0.729963
3060 0.729626
3062 0.752488
3061 0.751979
3063 0.754746
3064 0.755145
3065 0.758155
3067 0.757077
3066 0.758241
3068 0.756721
3070 0.758613
3069 0.75779
3071 0.760169
3073 0.761686
3074 0.764754
3072 0.761059
3075 0.765753
3077 0.764084
3076 0.765695
3079 0.762799
3078 0.762842
3080 0.759468
3081 0.760679
3083 0.769703
3082 0.765338
3084 0.771044
3085 0.780731
3086 0.777102
3087 0.786029
3089 0.781663
3088 0.78541
3091 0.78644
3090 0.785257
3092 0.786762
3094 0.787428
3093 0.787785
3095 0.786182
3098 0.785175
3096 0.785508
3097 0.785237
3099 0.785711
3101 0.787765
3100 0.786338
3102 0.787832
3103 0.787232
3104 0.788333
3105 0.78838
3106 0.78829
3107 0.788611
3109 0.787902
3110 0.788125
3108 0.788666
3112 0.788282
3111 0.787389
3113 0.788772
3114 0.788568
3116 0.788737
3115 0.789955
3117 0.786962
3118 0.786158
3119 0.788298
3122 0.790626
3121 0.791323
3120 0.789376
3125 0.790653
3123 0.790853
3124 0.790818
3126 0.790359
3128 0.790477
3127 0.790316
3129 0.788937
3131 0.789912
3130 0.788408
3134 0.78976
3132 0.791934
3133 0.790653
3136 0.773462
3135 0.774461
3137 0.773481
3139 0.793106
3138 0.793561
3140 0.771929
3143 0.771796
3141 0.772701
3142 0.772838
3144 0.769829
3145 0.768931
3146 0.777337
3147 0.797417
3149 0.797299
3148 0.787353
3151 0.787142
3150 0.786781
3152 0.796037
3153 0.795845
3155 0.794654
3154 0.795551
3156 0.79309
3158 0.790445
3157 0.791754
3160 0.768007
3159 0.790187
3161 0.770444
3162 0.771083
3163 0.770021
3164 0.771165
3165 0.771322
3166 0.77102
3167 0.771126
3168 0.7716
3169 0.771157
3170 0.771102
3172 0.769472
3171 0.770903
3173 0.76979
3175 0.769425
3176 0.769939
3174 0.769378
3178 0.770765
3179 0.770456
3177 0.77171
3182 0.771001
3180 0.770903
3181 0.770056
3185 0.802155
3183 0.772588
3184 0.773896
3188 0.801339
3186 0.802958
3187 0.801496
3191 0.803252
3189 0.812269
3190 0.810411
3192 0.802919
3193 0.813817
3194 0.818315
3196 0.815235
3195 0.815404
3197 0.813382
3198 0.810913
3199 0.811665
3200 0.810164
3201 0.81132
3202 0.810008
3203 0.809878
3204 0.809914
3205 0.809941
3206 0.810258
3208 0.810882
3207 0.809796
3209 0.810517
3211 0.787773
3210 0.787444
3212 0.788106
3215 0.789767
3213 0.808883
3214 0.80969
3216 0.809534
3217 0.8096
3218 0.809604
3221 0.808644
3220 0.808303
3219 0.809083
3222 0.808283
3224 0.807856
3223 0.80817
3225 0.808581
3226 0.808566
3227 0.80933
3228 0.811019
3230 0.811438
3229 0.811258
3232 0.811117
3231 0.81114
3233 0.811281
3234 0.811144
3235 0.789513
3236 0.810956
3238 0.810019
3239 0.809929
3237 0.810854
3240 0.809185
3241 0.80978
3242 0.809216
3244 0.809439
3243 0.809518
3245 0.809847
3246 0.809843
3247 0.810309
3248 0.809867
3249 0.809232
3250 0.809506
3251 0.809882
3252 0.80949
3253 0.809616
3254 0.808401
3255 0.807331
3257 0.807194
3256 0.807229
3258 0.808628
3259 0.808973
3260 0.805564
3262 0.806011
3261 0.805391
3263 0.80786
3264 0.80795
3265 0.806434
3266 0.805227
3268 0.805172
3267 0.805082
3269 0.806226
3271 0.807476
3270 0.806661
3272 0.807053
3273 0.80766
3275 0.808315
3274 0.807954
3277 0.810838
3278 0.811175
3276 0.811128
3279 0.811759
3280 0.81174
3281 0.812132
3282 0.813872
3284 0.815169
3283 0.814365
3287 0.822089
3285 0.822066
3286 0.822528
3288 0.820867
3289 0.819174
3290 0.81897
3291 0.819475
3292 0.820028
3293 0.822164
3294 0.822136
3296 0.820545
3295 0.8212
3297 0.820953
3298 0.820612
3299 0.820106
3302 0.81915
3301 0.818617
3300 0.819483
3303 0.819299
3304 0.818919
3305 0.819413
3308 0.818002
3306 0.818982
3307 0.818989
3310 0.799764
3309 0.818268
3311 0.822383
3314 0.799059
3313 0.80043
3312 0.800881
3315 0.797589
3316 0.797287
3317 0.796394
3318 0.795696
3320 0.79688
3319 0.796139
3323 0.794901
3321 0.79358
3322 0.795234
3325 0.794866
3324 0.793937
3326 0.794921
3328 0.795156
3329 0.794681
3327 0.795442
3332 0.794141
3330 0.794133
3331 0.794439
3335 0.809882
3334 0.794172
3333 0.794435
3337 0.809596
3338 0.809271
3336 0.809561
3339 0.808703
3341 0.809349
3340 0.808726
3342 0.809106
3344 0.808922
3343 0.809059
3346 0.808217
3347 0.807088
3345 0.80797
3349 0.806779
3350 0.8067
3348 0.806736
3353 0.806442
3351 0.806736
3352 0.806512
3354 0.806692
3356 0.809573
3355 0.809702
3359 0.809588
3357 0.809984
3358 0.807284
3360 0.811744
3362 0.811058
3361 0.81098
3363 0.810807
3364 0.810717
3365 0.809796
3368 0.807233
3367 0.808103
3366 0.808374
3369 0.806238
3371 0.805705
3370 0.805967
3372 0.80534
3373 0.804878
3374 0.804322
3376 0.803883
3375 0.803828
3377 0.803377
3379 0.803456
3378 0.803722
3380 0.80333
3381 0.80326
3382 0.80306
3383 0.803855
3385 0.778991
3386 0.778113
3384 0.803718
3388 0.777392
3387 0.777843
3389 0.777478
3391 0.777176
3392 0.776546
3390 0.777157
3393 0.776318
3394 0.777188
3395 0.777321
3397 0.777882
3398 0.777945
3396 0.777431
3399 0.779077
3400 0.780041
3401 0.780174
3404 0.781389
3402 0.780417
3403 0.781064
3406 0.781475
3405 0.781083
3407 0.78117
3408 0.78095
3410 0.800893
3409 0.780304
3411 0.80063
3413 0.800078
3412 0.800842
3415 0.798886
3414 0.798914
3416 0.798581
3417 0.798538
3419 0.798592
3418 0.798361
3421 0.797836
3422 0.798118
3420 0.798185
3423 0.797813
3424 0.798573
3425 0.79936
3428 0.798514
3426 0.798585
3427 0.798244
3431 0.798553
3430 0.798475
3429 0.798459
3433 0.800187
3432 0.799929
3434 0.804663
3435 0.816728
3436 0.815678
3437 0.81625
3438 0.794862
3440 0.794862
3439 0.794442
3442 0.79686
3441 0.796606
3443 0.797393
3444 0.797213
3446 0.797852
3445 0.797005
3447 0.798318
3448 0.79833
3449 0.798902
3451 0.80114
3450 0.799886
3452 0.801551
3453 0.802209
3454 0.802174
3455 0.801704
3457 0.801794
3456 0.801692
3458 0.801665
3459 0.801567
3460 0.832282
3461 0.831631
3462 0.831275
3463 0.831318
3464 0.831114
3465 0.830761
3466 0.830534
3467 0.830718
3469 0.830691
3468 0.83004
3470 0.830107
3472 0.829946
3471 0.830342
3473 0.829782
3475 0.82955
3476 0.829856
3474 0.82959
3479 0.828955
3477 0.8291
3478 0.828916
3481 0.828461
3480 0.828743
3482 0.828896
3483 0.828845
3484 0.828771
3485 0.842557
3487 0.81837
3486 0.841652
3488 0.818523
3489 0.818264
3490 0.818633
3491 0.820455
3494 0.826169
3492 0.821725
3493 0.824103
3495 0.845049
3496 0.842686
3497 0.828265
3500 0.853149
3498 0.825894
3499 0.826404
3501 0.855967
3502 0.85525
3503 0.856488
3506 0.850469
3505 0.855457
3504 0.855504
3507 0.857311
3509 0.825859
3508 0.826733
3510 0.849736
3512 0.849246
3511 0.848878
3515 0.843787
3513 35140.84691
 0.843615
3516 0.839606
3517 0.83816
3518 0.838505
3520 0.836494
3521 0.836126
3519 0.83845
3522 0.837392
3523 0.836984
3524 0.836075
3525 0.836169
3526 0.837529
3527 0.838454
3529 0.839563
3528 0.838932
3530 0.839759
3532 0.8156
3531 0.815745
3533 0.816093
3534 0.815721
3535 0.811759
3536 0.811203
3537 0.81212
3538 0.812092
3539 0.812273
3540 0.811383
3541 0.81114
3542 0.810968
3545 0.8094
3544 0.809871
3543 0.811003
3546 0.809373
3548 0.809506
3547 0.809561
3549 0.809353
3550 0.809189
3551 0.8322
3552 0.832274
3553 0.833195
3554 0.833105
3556 0.83283
3555 0.832944
3557 0.833273
3558 0.833105
3559 0.832501
3560 0.830126
3561 0.829648
3562 0.829864
3563 0.829903
3565 0.830083
3564 0.830025
3566 0.830174
3569 0.828806
3567 0.831263
3568 0.829476
3570 0.828504
3571 0.828955
3572 0.830013
3573 0.830542
3575 0.829609
3574 0.829684
3578 0.829954
3577 0.829609
3576 0.829378
3580 0.830699
3579 0.831639
3581 0.831
3583 0.830514
3582 0.830957
3584 0.830503
3587 0.830334
3585 0.830467
3586 0.830828
3590 0.828978
3588 0.830209
3589 0.828982
3593 0.829609
3591 0.828735
3592 0.829127
3594 0.823241
3595 0.82245
3596 0.822889
3599 0.821783
3598 0.821474
3597 0.821748
3601 0.821082
3602 0.821525
3600 0.821662
3604 0.822058
3603 0.821717
3605 0.822171
3606 0.822144
3607 0.822697
3608 0.823892
3610 0.823727
3609 0.822744
3611 0.824358
3614 0.824542
3613 0.825056
3612 0.823935
3615 0.824836
3617 0.824852
3616 0.825263
3618 0.825075
3619 0.829719
3620 0.828712
3622 0.829731
3621 0.830177
3623 0.830044
3624 0.827454
3625 0.827329
3626 0.826799
3627 0.82687
3628 0.828293
3629 0.829699
3631 0.831192
3630 0.830757
3632 0.830895
3633 0.830898
3634 0.831138
3635 0.831765
3636 0.831118
3638 0.835856
3637 0.832736
3639 0.836608
3640 0.837486
3641 0.837345
3642 0.837039
3643 0.837176
3644 0.822787
3645 0.822164
3646 0.82281
3647 0.821125
3648 0.821149
3649 0.821407
3650 0.821399
3652 0.821921
3653 0.822152
3651 0.821055
3656 0.845688
3655 0.844822
3654 0.82174
3657 0.8455
3658 0.845178
3659 0.845892
3662 0.846954
3660 0.846405
3661 0.846824
3663 0.848196
3664 0.849089
3665 0.849505
3666 0.850226
3667 0.850398
3668 0.850657
3670 0.826827
3669 0.826682
3671 0.826815
3672 0.823661
3674 0.821309
3673 0.841275
3675 0.820028
3676 0.819993
3677 0.820283
3678 0.820326
3679 0.819871
3680 0.839786
3682 0.840782
3681 0.840127
3683 0.840241
3686 0.839516
3684 0.840245
3685 0.839328
3687 0.839727
3689 0.839238
3688 0.839888
3690 0.817179
3691 0.839124
3692 0.838665
3693 0.838258
3694 0.816117
3695 0.815235
3696 0.816203
3697 0.817512
3698 0.816724
3699 0.816117
3701 0.816168
3700 0.815784
3702 0.816007
3704 0.814573
3703 0.815157
3706 0.814205
3705 0.814252
3707 0.814405
3708 0.813617
3709 0.813037
3710 0.812202
3711 0.811728
3712 0.812155
3713 0.815145
3715 0.815004
3714 0.815118
3716 0.815294
3717 0.815388
3719 0.809439
3718 0.81522
3720 0.809294
3722 0.80895
3721 0.809106
3724 0.80951
3723 0.809255
3725 0.80864
3726 0.808707
3727 0.80837
3728 0.808142
3729 0.808667
3730 0.808025
3731 0.809279
3732 0.808593
3734 0.809275
3733 0.808867
3736 0.809581
3737 0.809271
3735 0.809796
3740 0.810427
3738 0.810423
3739 0.810521
3741 0.810384
3742 0.810317
3743 0.810125
3746 0.807672
3744 0.807484
3745 0.808091
3748 0.807594
3747 0.807809
3749 0.807096
3750 0.807214
3751 0.806665
3752 0.806567
3755 0.805956
3753 0.806591
3754 0.827607
3757 0.80565
3756 0.827842
3758 0.80478
3760 0.804024
3759 0.80507
3761 0.803232
3763 0.805254
3764 0.803887
3762 0.805775
3765 0.80226
3766 0.797742
3767 0.795395
3769 0.788713
3770 0.7886
3768 0.794141
3771 0.788145
3773 0.788831
3772 0.78827
3774 0.789046
3775 0.789266
3776 0.78947
3778 0.812951
3777 0.813103
3779 0.81288
3780 0.813194
3782 0.810858
3781 0.810929
3785 0.810599
3783 0.810768
3784 0.810686
3788 0.810721
3786 0.810862
3787 0.810623
3791 0.810447
3789 0.810791
3790 0.810678
3792 0.810415
3793 0.810129
3794 0.812437
3795 0.8121
3796 0.811908
3797 0.812445
3798 0.811865
3799 0.81163
3800 0.810803
3802 0.810454
3801 0.810752
3803 0.809914
3804 0.810035
3805 0.809776
3806 0.809275
3808 0.814687
3807 0.80902
3809 0.824687
3811 0.838277
3812 0.844305
3810 0.828363
3814 0.848235
3813 0.847937
3815 0.888069
3817 0.930027
3816 0.902737
3818 0.938123
3820 0.94812
3819 0.948088
3821 0.948277
3823 0.951329
3824 0.952117
3822 0.948649
3827 0.962556
3825 0.952458
3826 0.953261
3828 0.964085
3829 0.964512
3830 0.964865
3833 0.971785
3832 0.96526
3831 0.964998
3834 0.972067
3836 0.97202
3835 0.972059
3839 0.972181
3838 0.972408
3837 0.972157
3840 0.972204
3841 0.972153
3842 0.972106
3844 0.968548
3843 0.972032
3845 0.968548
3846 0.96838
3848 0.968548
3847 0.968533
3849 0.968525
3850 0.968501
3851 0.968721
3852 0.968846
3853 0.968881
3854 0.968881
3857 0.96528
3855 0.969065
3856 0.969179
3860 0.964508
3858 0.964982
3859 0.964841
3862 0.964916
3861 0.964379
3863 0.963979
3866 0.964136
3864 0.964006
3865 0.964222
3867 0.96392
3868 0.964049
3869 0.966389
3870 0.966197
3872 0.970896
3871 0.96586
3874 0.969837
3873 0.969755
3875 0.969763
3878 0.969712
3877 0.9697
3876 0.969677
3879 0.96972
3880 0.9697
3881 0.970108
3882 0.969077
3884 0.968971
3883 0.969034
3885 0.968591
3887 0.964351
3886 0.969187
3889 0.96403
3888 0.964136
3890 0.963779
3892 0.963826
3891 0.963763
3893 0.963677
3894 0.963658
3896 0.963489
3895 0.963352
3899 0.963293
3898 0.963223
3897 0.963477
3901 0.963904
3900 0.963603
3902 0.963556
3904 0.963728
3903 0.963912
3905 0.962153
3908 0.961624
3906 0.962118
3907 0.962106
3909 0.962219
3910 0.960781
3911 0.957917
3912 0.95825
3913 0.955887
3914 0.952136
3915 0.951698
3916 0.949068
3917 0.948668
3920 0.94725
3918 0.948594
3919 0.947728
3922 0.94861
3921 0.947861
3923 0.94821
3925 0.950667
3924 0.950663
3926 0.950032
3928 0.949993
3927 0.949456
3929 0.950126
3930 0.950381
3931 0.951529
3932 0.954656
3935 0.961886
3934 0.957721
3933 0.9516
3937 0.964339
3936 0.964128
3938 0.96432
3939 0.964328
3940 0.965327
3941 0.96443
3942 0.964414
3943 0.964375
3944 0.965072
3945 0.965115
3947 0.965315
3946 0.965354
3950 0.964974
3949 0.964743
3948 0.964994
3951 0.964959
3953 0.965013
3952 0.964829
3954 0.96497
3955 0.965358
3956 0.965358
3957 0.965237
3959 0.965476
3958 0.965464
3960 0.965695
3961 0.964814
3962 0.964512
3964 0.965068
3963 0.960546
3965 0.965586
3968 0.965797
3966 0.965519
3967 0.96568
3970 0.964708
3969 0.964857
3971 0.964908
3972 0.965084
3973 0.964963
3974 0.964884
3976 0.964437
3975 0.964727
3977 0.964731
3979 0.964528
3978 0.96439
3980 0.963693
3981 0.964422
3982 0.962674
3983 0.963152
3984 0.96236
3986 0.962795
3985 0.962372
3988 0.96307
3987 0.962741
3989 0.962807
3990 0.962991
3991 0.96296
3992 0.963199
3993 0.963258
3995 0.964818
3994 0.964622
3997 0.965155
3998 0.964994
3996 0.963089
3999 0.962964
4000 0.958387
4001 0.957282
4002 0.956431
4003 0.960456
4004 0.961087
4005 0.964547
4006 0.964994
4007 0.967161
4008 0.967063
4009 0.967032
4010 0.967098
4012 0.965017
4011 0.966926
4013 0.966863
4014 0.967102
4015 0.967051
4016 0.967157
4018 0.96711
4019 0.967145
4017 0.967275
4021 0.967114
4020 0.96702
4022 0.967196
4024 0.966934
4023 0.967173
4025 0.966926
4026 0.966922
4028 0.965045
4027 0.966961
4029 0.964747
4030 0.964371
4031 0.965064
4032 0.965147
4034 0.964606
4033 0.964857
4035 0.964735
4036 0.964818
4037 0.964626
4038 0.964763
4039 0.964861
4040 0.964763
4041 0.964653
4042 0.956804
4043 0.952999
4045 0.947712
4044 0.950154
4046 0.948633
4047 0.948919
4049 0.964896
4048 0.953982
4051 0.965543
4050 0.965405
4052 0.965691
4053 0.965868
4054 0.965868
4055 0.96539
4058 0.965484
4057 0.965417
4056 0.965448
4060 0.965225
4059 0.965511
4061 0.965445
4062 0.965429
4063 0.965237
4064 0.965335
4065 0.965484
4067 0.96588
4066 0.965801
4068 0.965715
4069 0.963959
4070 0.964093
4071 0.963865
4072 0.963924
4073 0.963748
4074 0.963603
4076 0.963038
4075 0.962921
4077 0.962956
4078 0.964528
4079 0.964818
4082 0.964253
4081 0.96412
4080 0.965006
4083 0.964147
4085 0.964821
4084 0.964865
4086 0.963838
4087 0.964845
4088 0.964959
4090 0.964684
40914089  0.964814
0.964723
4094 0.96439
4093 0.964829
4092 0.964841
4096 0.96392
4097 0.963716
4095 0.964434
4100 0.963779
4099 0.96374
4098 0.963697
4102 0.96372
4103 0.961357
4101 0.963744
4105 0.96414
4104 0.960899
4106 0.964026
4107 0.9641
4109 0.964167
4108 0.964002
4110 0.964108
4111 0.963897
4112 0.963908
4115 0.96394
4114 0.963771
4113 0.963787
4117 0.963595
4116 0.963767
4118 0.96354
4119 0.962176
4121 0.96269
4120 0.962513
4122 0.962509
4123 0.962572
4124 0.962737
4126 0.961831
4127 0.961267
4125 0.962631
4129 0.961263
4128 0.9616
4130 0.959809
4131 0.959649
4132 0.960052
4133 0.960029
4136 0.95979
4134 0.959739
4135 0.959974
4138 0.96053
4139 0.960585
4137 0.960182
4140 0.961063
4141 0.961228
4142 0.961012
4144 0.960558
4143 0.961122
4145 0.960182
4146 0.9597
4148 0.958998
4147 0.959445
4149 0.958579
4151 0.957462
4150 0.957196
4154 0.956725
4153 0.956902
4152 0.957047
4155 0.957521
4157 0.956114
4156 0.956247
4160 0.956725
4159 0.956635
4158 0.956196
4162 0.958414
4161 0.958461
4163 0.958406
4166 0.958826
4165 0.958975
4164 0.958853
4167 0.957772
4169 0.955381
4168 0.957787
4170 0.955624
4172 0.955397
4171 0.95816
4174 0.954484
4173 0.954915
4175 0.954108
4176 0.953171
4177 0.953829
4178 0.9543
4180 0.954613
4181 0.954982
4179 0.954335
4182 0.956012
4183 0.957078
4184 0.957254
4185 0.958128
4187 0.959092
4186 0.958955
4190 0.959421
4188 0.959088
4189 0.958939
4191 0.959394
4193 0.959312
4192 0.959425
4194 0.958673
4195 0.958963
4196 0.959033
4198 0.959155
4197 0.959813
4199 0.958971
4201 0.959907
4200 0.958994
4202 0.959308
4203 0.959441
4205 0.958301
4204 0.957987
4206 0.958238
4208 0.955322
4207 0.95526
4209 0.956083
4210 0.956106
4211 0.956106
4214 0.933836
4213 0.940717
4212 0.939945
4215 0.934659
4216 0.934671
4217 0.934796
4219 0.949037
4218 0.94879
4220 0.949687
4223 0.946635
4221 0.93971
4222 0.940106
4226 0.947603
4225 4224 0.933977
0.950777
4227 0.949503
4228 0.937531
4229 0.938276
4231 0.941509
4232 0.94259
4230 0.939855
4233 0.946752
4235 0.95196
4234 0.950146
4236 0.95488
4237 0.956216
4238 0.95691
4241 0.959339
4240 0.959696
4239 0.958532
4243 0.956631
4244 0.947363
4242 0.957866
4245 0.947301
4246 0.948037
4247 0.947928
4248 0.934338
4249 0.931653
4250 0.931265
4252 0.924337
4251 0.928945
4253 0.925309
4254 0.906201
4256 0.895456
4255 0.898505
4257 0.898983
4258 0.900021
4259 0.897964
4262 0.868409
4260 0.867006
4261 0.86779
4263 0.868789
4265 0.855896
4264 0.857511
4267 0.846025
4266 0.856409
4268 0.8478
4271 0.86621
4269 0.851801
4270 0.859113
4274 0.92594
4273 0.920183
4272 0.91791
4276 0.92195
4275 0.927664
4277 0.927233
4278 0.926747
4279 0.927879
4280 0.93866
4281 0.943155
4282 0.936203
4283 0.927895
4284 0.926547
4286 0.912248
4285 0.914454
4287 0.918937
4288 0.924697
4289 0.922699
4291 0.92913
4290 0.92679
4292 0.910249
4294 0.891459
4293 0.908384
4295 0.893061
4296 0.894194
4297 0.893649
4298 0.893054
4299 0.892509
4300 0.893747
4301 0.891561
4303 0.893532
4302 0.896745
4304 0.896173
4307 0.895644
4305 0.891329
4306 0.895279
4309 0.895236
4308 0.895777
4310 0.893912
4312 0.922664
4311 0.923733
4313 0.922095
4314 0.924815
4316 0.918537
4315 0.917424
4319 0.882497
4317 0.904473
4318 0.881858
4320 0.878315
4321 0.858898
4322 0.849532
4325 0.818249
4323 0.818272
4324 0.812849
4326 0.815251
4328 0.785167
4327 0.779833
4329 0.800328
4331 0.786687
4330 0.796233
4334 0.777913
4333 0.786291
4332 0.785371
4337 0.780931
4336 0.780554
4335 0.789062
4338 0.78037
4340 0.781538
4339 0.78287
4342 0.774359
4341 0.777819
4343 0.774218
4345 0.779939
4346 0.780362
4344 0.776651
4347 0.776824
4348 0.776937
4349 0.777905
4350 0.778035
4351 0.780296
4352 0.781836
4353 0.789477
4354 0.791221
4355 0.790602
4356 0.785762
4357 0.781812
4358 0.780774
4359 0.775495
4361 0.772772
4360 0.773567
4364 0.768928
4362 0.770942
4363 0.773042
4366 0.750204
4365 0.758429
4367 0.750055
4370 0.74259
4369 0.745819
4368 0.747661
4372 0.739674
4371 0.750882
4373 0.73382
4375 0.731143
4374 0.736273
4376 0.718231
4377 0.717804
4379 0.701212
4378 0.705648
4380 0.699064
4382 0.719191
4381 0.718023
4383 0.719038
4385 0.727992
4384 0.72813
4386 0.740709
4387 0.737056
4388 0.740971
4390 0.770805
4389 0.737272
4391 0.738189
4392 0.767834
4393 0.758594
4394 0.747919
4395 0.701631
4396 0.733353
4397 0.729666
4398 0.690094
4400 0.716009
4399 0.717141
4403 0.708779
4401 0.707231
4402 0.713524
4404 0.698966
4405 0.68353
4406 0.673843
4407 0.676618
4409 0.669799
4408 0.667405
4411 0.668827
4410 0.668032
4412 0.666311
4415 0.655645
4414 0.655272
4413 0.668843
4417 0.667663
4418 0.670677
4416 0.659571
4420 0.67891
4421 0.68047
4419 0.670802
4423 0.715162
4422 0.683436
4424 0.717408
4426 0.716275
4425 0.717482
4427 0.716702
4430 0.70187
4429 0.709715
4428 0.713156
4432 0.695729
4433 0.704257
4431 0.694076
4435 0.672832
4434 0.673173
4436 0.672813
4438 0.651444
4437 0.652992
4439 0.647552
4442 0.631913
4440 0.643743
4441 0.63254
4444 0.628554
4443 0.636384
4445 0.632332
4446 0.643453
4448 0.657945
4447 0.651028
4449 0.650491
4450 0.657189
4451 0.661476
4452 0.673389
4454 0.667362
4453 0.661687
4456 0.651056
4455 0.656091
4457 0.65298
4458 0.653544
4460 0.651934
4459 0.65434
4461 0.641882
4462 0.637583
4463 0.630541
4466 0.637971
4464 0.629495
4465 0.633057
4467 0.664274
4468 0.65999
4469 0.645103
4471 0.66447
4470 0.657518
4472 0.661742
4474 0.672264
4475 0.670395
4473 0.66195
4477 0.679173
4476 0.675642
4478 0.670591
4480 0.649069
4479 0.643939
4481 0.669893
4484 0.619945
4483 0.618397
4482 0.619412
4486 0.607029
4487 0.607115
4485 0.639158
4490 0.601366
4488 0.603286
4489 0.601601
4492 0.610881
4493 0.587603
4491 0.614404
4496 0.600449
4494 0.577677
4495 0.597643
4498 0.607589
4497 0.604991
4499 0.612687
4500 0.604423
4502 0.618076
4501 0.61389
4503 0.635169
4504 0.647337
4505 0.650103
4506 0.667303
4507 0.677719
4508 0.682065
4511 0.743522
4509 0.719689
4510 0.73918
4512 0.755753
4513 0.758794
4514 0.763837
4516 0.792475
4517 0.791311
4515 0.777333
4519 0.841463
4518 0.792671
4520 0.843333
4521 0.843819
4523 0.844042
4522 0.79882
4524 0.822391
4525 0.869522
4526 0.86199
4527 0.863526
4528 0.876477
4529 0.882399
4532 0.917887
4530 0.906542
4531 0.918921
4535 0.909983
4533 0.911017
4534 0.911382
4536 0.903321
4538 0.903838
4537 0.903517
4539 0.889727
4540 0.888974
4541 0.885624
4542 0.90278
4543 0.893931
4544 0.882528
4545 0.870893
4546 0.875219
4547 0.884272
4548 0.882834
4550 0.868577
4549 0.874671
4553 0.871646
4551 0.864325
4552 0.869122
4555 0.866959
4554 0.87027
4556 0.86601
4558 0.80052
4557 0.817974
4559 0.81471
4560 0.79119
4562 0.822528
4561 0.821646
4564 0.763821
4563 0.792224
4565 0.757261
4566 0.766306
4568 0.752978
4567 0.793572
4570 0.720359
4569 0.742245
4571 0.722675
4573 0.728196
4574 0.731762
4572 0.724391
4575 0.736829
4576 0.73456
4577 0.730261
4578 0.728369
4580 0.718148
4579 0.722298
4581 0.712251
4583 0.662573
4582 0.670677
4585 0.654908
4584 0.655982
4586 0.644868
4587 0.645283
4588 0.635424
4589 0.639519
4592 0.693786
4590 0.644664
4591 0.68875
4593 0.689792
4594 0.685588
4595 0.713869
4596 0.712474
4597 0.710037
4598 0.707482
4599 0.711189
4601 0.70883
4600 0.710095
4602 0.694468
4603 0.688727
4604 0.691756
4605 0.702164
4606 0.700416
4607 0.662663
4610 0.657529
4609 0.648034
4608 0.646616
4613 0.662659
4612 0.662608
4611 0.669133
4614 0.660179
4616 0.656021
4615 0.657345
4618 0.632563
4617 0.641318
4619 0.621865
4620 0.615513
4621 0.594242
4622 0.589144
4624 0.548032
4625 0.543827
4623 0.556093
4626 0.542534
4628 0.535915
4627 0.537757
4629 0.531413
4631 0.533047
4630 0.508437
4632 0.533619
4634 0.492648
4633 0.491324
4635 0.503774
4636 0.506776
4637 0.506058
4640 0.585503
4638 0.565835
4639 0.57647
4641 0.587666
4642 0.590805
4643 0.585052
4644 0.549396
4645 0.581036
4646 0.582482
4649 0.579578
4647 0.590041
4648 0.58709
4650 0.601147
4651 0.590119
4652 0.60309
4655 0.605704
4653 0.604478
4654 0.600171
4656 0.608945
4657 0.60581
4658 0.60157
4660 0.569926
4661 0.581165
4659 0.581075
4662 0.563433
4664 0.572367
4663 0.564538
4667 0.5675
4665 0.565161
4666 0.567097
4668 0.572058
4670 0.532361
4669 0.530464
4671 0.546849
4672 0.549286
4673 0.547068
4675 0.485269
4674 0.538506
4676 0.473643
4678 0.463058
4677 0.467913
4679 0.449691
4682 0.428107
4680 0.441242
4681 0.430286
4683 0.42739
4684 0.413819
4685 0.392936
4687 0.400221
4686 0.397787
4688 0.397835
4691 0.397474
4689 0.397051
4690 0.397392
4692 0.401647
4694 0.364525
4693 0.391721
4696 0.379197
4695 0.365336
4697 0.377916
4698 0.385228
4700 0.391474
4699 0.390522
4701 0.382477
4703 0.389299
4702 0.392677
4704 0.413807
4705 0.390777
4706 0.392701
4708 0.409497
4709 0.425403
4707 0.393281
4711 0.439165
4710 0.433236
4712 0.443069
4713 0.464884
4715 0.455573
4714 0.464696
4717 0.496822
4716 0.488173
4718 0.494251
4719 0.516016
4720 0.515428
4721 0.527176
4723 0.53079
4724 0.536417
4722 0.519931
4727 0.549917
4725 0.538153
4726 0.552233
4729 0.536064
4728 0.55275
4730 0.534054
4731 0.533231
4733 0.540073
4732 0.542052
4735 0.522521
4734 0.533345
4736 0.521933
4739 0.514907
4738 0.514676
4737 0.518359
4741 0.53407
4740 0.512763
4742 0.504381
4743 0.495548
4745 0.482534
4744 0.485787
4746 0.477851
4748 0.457603
4747 0.459931
4749 0.446881
4750 0.445185
4751 0.438068
4752 0.430587
4753 0.410257
4754 0.410245
4755 0.421982
4756 0.405194
4757 0.399214
4759 0.36757
4758 0.383014
4760 0.364611
4761 0.351374
4762 0.343011
4763 0.339665
4764 0.327564
4766 0.311712
4765 0.316289
4767 0.299458
4768 0.290222
4769 0.260871
4771 0.256015
4770 0.269731
4772 0.252598
4774 0.235465
4775 0.233204
4773 0.244533
4776 0.213313
4778 0.196701
4777 0.201925
4780 0.182954
4779 0.192391
4781 0.178632
4782 0.161558
4783 0.155366
4784 0.151902
4785 0.14457
4786 0.136192
4787 0.131858
4789 0.114545
4790 0.109544
4788 0.122708
4792 0.093701
4791 0.10126
4793 0.0895942
4795 0.0713093
4796 0.0686759
4794 0.0771287
4798 0.0605289
4797 0.0640949
4799 0.0589104
4800 0.0551759
4801 0.0521741
4802 0.0503284
4804 0.0504734
4805 0.0508104
4803 0.0501873
4806 0.0509162
4807 0.0510808
4808 0.0511709
4811 0.0512336
4809 0.0512023
4810 0.0512179
4814 0.0508809
4812 0.050783
4813 0.0507399
4815 0.0508692
4817 0.0510494
4816 0.0510377
4819 0.0504812
4820 0.0508692
4818 0.0510573
4822 0.050928
4823 0.0510847
4821 0.050779
4825 0.0511004
4824 0.0509828
4826 0.0511905
4829 0.0512336
4827 0.0510573
4828 0.0510769
4830 0.0512023
4831 0.0514374
4832 0.0515001
4834 0.0526052
4835 0.0528991
4833 0.0523191
4836 0.0525033
4838 0.0532047
4837 0.0529892
4841 0.0534987
4839 0.0534869
4840 0.0536045
4842 0.0535535
4844 0.0540081
4843 0.053914
4845 0.0541452
4846 0.0540042
4847 0.0541257
4848 0.0543333
4850 0.0545175
4849 0.0544979
4851 0.0543451
4852 0.0544235
4853 0.0545606
4856 0.0553091
4854 0.0551367
4855 0.0552464
4858 0.0529148
4859 0.0527031
4857 0.0551955
4860 0.0529892
4862 0.0533027
4861 0.0531146
4864 0.0534947
4863 0.0535614
4865 0.0529069
4867 0.0528795
4868 0.052613
4866 0.0528873
4870 0.0526796
4869 0.0530441
4871 0.0527894
4872 0.0522251
4873 0.0521036
4874 0.0519116
4875 0.0520252
4876 0.0520801
4877 0.0521859
4880 0.0523309
4879 0.0523622
4878 0.0523505
4883 0.0509319
4881 0.0524053
4882 0.0522956
4886 0.0511984
4885 0.0511592
4884 0.0511631
4888 0.0512297
4889 0.0512493
4887 0.0513708
4890 0.0513982
4892 0.05141
4891 0.0512767
4895 0.0516177
4894 0.0517195
4893 0.0513904
4897 0.0509123
4896 0.0512062
4898 0.0511278
4900 0.0518489
4899 0.0515667
4901 0.0519351
4902 0.052084
4904 0.0532792
4903 0.0523465
4905 0.0537847
4906 0.0541217
4907 0.0536241
4909 0.0541727
4910 0.0537259
4908 0.0540355
4912 0.0526091
4911 0.0528756
4913 0.0519899
4914 0.051504
4915 0.0513786
4916 0.0529187
4919 0.0721401
4917 0.0604035
4918 0.0642125
4920 0.0771678
4921 0.0814824
4922 0.0860751
4924 0.0893238
4923 0.0874193
4925 0.0922785
4926 0.0984349
4927 0.1036
4928 0.11391
4929 0.124252
4930 0.129679
4931 0.139256
4933 0.147627
4932 0.147247
4934 0.151436
4935 0.154293
4936 0.156914
4937 0.159363
4938 0.161723
4939 0.1628
4940 0.163925
4943 0.169489
4942 0.16599
4941 0.164638
4944 0.17302
4945 0.173957
4946 0.179533
4949 0.186916
4947 0.184369
4948 0.187206
4950 0.183452
4952 0.179282
4951 0.182743
4953 0.174306
4954 0.17295
4955 0.168851
4956 0.164517
4958 0.160465
4957 0.164387
4959 0.158352
4961 0.153865
4960 0.157098
4962 0.151918
4964 0.146063
4963 0.151056
4967 0.134158
4965 0.138194
4966 0.135385
4969 0.133249
4968 0.133523
4970 0.134342
4972 0.138014
4971 0.1362
4973 0.142407
4974 0.14689
4976 0.156734
4975 0.150292
4977 0.161056
4979 0.163694
4978 0.161946
4981 0.16347
4980 0.163737
4982 0.162205
4983 0.157471
4985 0.158881
4984 0.158153
4986 0.162248
4988 0.164756
4987 0.163137
4989 0.1661
4991 0.170602
4990 0.167538
4992 0.172601
4994 0.175136
4993 0.173871
4995 0.177131
4996 0.178228
4997 0.181661
4999 0.184702
4998 0.182504
5000 0.186058
5001 0.186011
5002 0.185066
5003 0.18163
5006 0.16829
5004 0.177456
5005 0.175842
5008 0.16231
5007 0.165841
5009 0.163012
5010 0.161593
5012 0.152917
5011 0.159171
5014 0.144519
5013 0.14758
5015 0.1327
5016 0.124295
5017 0.121371
5018 0.112683
5020 0.10282
5019 0.106018
5021 0.098137
5023 0.0920356
5022 0.0931916
5024 0.0888888
5025 0.085358
5026 0.0833046
5027 0.0801187
5028 0.0770229
5030 0.0726339
5029 0.0753143
5031 0.0702003
5032 0.0689267
5033 0.0660465
5034 0.0674572
5036 0.0683272
5035 0.0676845
5037 0.0689659
5038 0.0695968
5039 0.0704159
5040 0.0708743
5041 0.0710272
5042 0.0716777
5044 0.0721127
5043 0.0722106
5045 0.0729787
5047 0.0765487
5046 0.0754044
5048 0.0828696
5049 0.0938695
5050 0.0966205
5051 0.102914
5052 0.109015
5054 0.12315
5053 0.114216
5057 0.145675
5055 0.132085
5056 0.13696
5058 0.150358
5059 0.160825
5060 0.171041
5061 0.181935
5063 0.211483
5062 0.197524
5064 0.2232
5065 0.222467
5066 0.234748
5067 0.233157
5068 0.233745
5069 0.242292
5071 0.25625
5070 0.250161
5072 0.26785
5075 0.303832
5074 0.297146
5073 0.287154
5076 0.312167
5077 0.319205
5078 0.325859
5080 0.328775
5079 0.327818
5081 0.332031
5082 0.344692
5083 0.328081
5084 0.343105
5087 0.337937
5085 0.338634
5086 0.3393
5090 0.326482
5089 0.330895
5088 0.331145
5093 0.303334
5092 0.306845
5091 0.310588
5094 0.299215
5096 0.298244
5095 0.297311
5099 0.275644
5097 0.294533
5098 0.287965
5102 0.246583
5101 0.261494
5100 0.266902
5103 0.233075
5105 0.22146
5104 0.230681
5106 0.217925
5107 0.210597
5108 0.199099
5109 0.175066
5110 0.189036
5111 0.179945
5112 0.159924
5114 0.15193
5113 0.159136
5116 0.146216
5115 0.149214
5117 0.135232
5119 0.120956
5118 0.124514
5120 0.11215
5123 0.0950373
5121 0.105634
5122 0.102894
5124 0.084876
5126 0.0744796
5125 0.0816705
5127 0.0687034
5128 0.0653842
5129 0.0594747
5131 0.0529657
5130 0.0535143
5132 0.0529187
5133 0.0520918
5134 0.0523152
5135 0.0525817
5137 0.0527737
5136 0.05295
5138 0.0530206
5139 0.0531068
5140 0.0530206
5141 0.0531852
5143 0.0532047
5142 0.0530989
5144 0.0532596
5146 0.0533811
5145 0.0532831
5147 0.0533654
5148 0.0533733
5150 0.0534124
5149 0.0533733
5151 0.0533811
5152 0.0535418
5153 0.0534908
5154 0.0535809
5156 0.0537808
5155 0.0536476
5157 0.0537495
5158 0.0514296
5159 0.0518332
5160 0.0518763
5161 0.0521467
5162 0.0523779
5165 0.0525346
5163 0.0524328
5164 0.0524092
5166 0.0525542
5167 0.0525973
5168 0.0526796
5170 0.0531342
5169 0.0528207
5171 0.0532204
5174 0.0532283
5172 0.0532243
5173 0.0532204
5177 0.0535026
5176 0.053287
5175 0.0533615
5178 0.0534477
5179 0.0536241
5180 0.0535574
5181 0.0533968
5182 0.0534007
5183 0.0508496
5184 0.0512258
5186 0.0511121
5185 0.0511905
5189 0.0514766
5188 0.0514452
5187 0.0513629
5190 0.0517117
5191 0.0518998
5192 0.0519194
5195 0.0520056
5193 0.0519233
5194 0.0514687
5196 0.0521114
5198 0.0522015
5197 0.0521937
5200 0.05266
5199 0.0525425
5201 0.0526091
5204 0.0526718
5202 0.0527031
5203 0.0527737
5206 0.0528521
5205 0.0526287
5207 0.0527776
5208 0.0529148
5209 0.0528638
5210 0.0530519
5212 0.0530558
5211 0.0530166
5213 0.0531029
5214 0.0533106
5215 0.0533693
5216 0.0532243
5217 0.0532439
5218 0.0532753
5219 0.0514805
5221 0.0517117
5220 0.0515471
5222 0.0515981
5224 0.0518606
5223 0.0516843
5225 0.0518724
5226 0.0520056
5227 0.0520722
5228 0.0519507
5230 0.0526522
5231 0.052856
5229 0.0521114
5234 0.0530362
5232 0.0528912
5233 0.0529931
5235 0.0530911
5236 0.0530754
5237 0.0530989
5238 0.053146
5239 0.053001
5240 0.0529814
5241 0.052903
5243 0.0529344
5242 0.0529344
5245 0.0522133
5246 0.0522917
5244 0.0516647
5247 0.052229
5248 0.0520605
5249 0.0520487
5250 0.0521114
5252 0.0524641
5251 0.0524837
5253 0.0525777
5254 0.0525464
5255 0.0526326
5256 0.0527423
5257 0.0532439
5258 0.0567786
5259 0.0648944
5260 0.0727985
5261 0.0766937
5263 0.0919493
5262 0.0849348
5264 0.0937911
5267 0.104866
5266 0.103263
5265 0.0991246
5268 0.107859
5270 0.110391
5269 0.108953
5273 0.114968
5272 0.113538
5271 0.11168
5276 0.11835
5274 0.116304
5275 0.117668
5277 0.119784
5279 0.121211
5278 0.120591
5282 0.123342
5281 0.122711
5280 0.122237
5283 0.124024
5284 0.124189
5285 0.124651
5288 0.12839
5286 0.125411
5287 0.126791
5289 0.131889
5290 0.139989
5291 0.142909
5294 0.159058
5292 0.151326
5293 0.15972
5295 0.168608
5296 0.177656
5297 0.183131
5300 0.199284
5298 0.191156
5299 0.196944
5302 0.209257
5301 0.202936
5303 0.210773
5306 0.220386
5305 0.218678
5304 0.214908
5307 0.224175
5309 0.225723
5308 0.225657
5311 0.229254
5310 0.227883
5312 0.230003
5315 0.232699
5313 0.230912
5314 0.232644
5318 0.231911
5316 0.231025
5317 0.232863
5319 0.230316
5320 0.230014
5321 0.228858
5323 0.226699
5324 0.226899
5322 0.227898
5326 0.224505
5325 0.226068
5327 0.224089
5329 0.22568
5330 0.227988
5328 0.222851
5331 0.230935
5333 0.236363
5332 0.234447
5334 0.237174
5336 0.247002
5335 0.244796
5337 0.253684
5339 0.259852
5338 0.259174
5342 0.259546
5340 0.261098
5341 0.258453
5343 0.260177
5344 0.260914
5345 0.262399
5346 0.264762
5347 0.266255
5348 0.267188
5350 0.269084
5349 0.268218
5351 0.27026
5352 0.274233
5353 0.27872
5354 0.28146
5356 0.298475
5355 0.290743
5357 0.301124
5358 0.307688
5359 0.313989
5360 0.318163
5362 0.328014
5361 0.326102
5363 0.329574
5364 0.333136
5366 0.337239
5365 0.336056
5368 0.337694
5367 0.335883
5369 0.331126
5371 0.334394
5370 0.332521
5372 0.334559
5373 0.334535
5374 0.336314
5375 0.336867
5378 0.340676
5376 0.338191
5377 0.340719
5379 0.342525
5380 0.343352
5381 0.344818
5382 0.347459
5383 0.348306
5384 0.349168
5387 0.354372
5385 0.351241
5386 0.353764
5390 0.364756
5388 0.357236
5389 0.362527
5391 0.369004
5393 0.372128
5392 0.371144
5395 0.376309
5394 0.37348
5396 0.3779
5398 0.377191
5397 0.378844
5399 0.377469
5400 0.378496
5402 0.381047
5401 0.380373
5405 0.381164
5403 0.379938
5404 0.380161
5406 0.384139
5407 0.38533
5408 0.38678
5409 0.387799
5410 0.391122
5411 0.390424
5412 0.391188
5413 0.391851
5414 0.392015
5415 0.393112
5416 0.394562
5417 0.396581
5418 0.399982
5420 0.408819
5419 0.40517
5422 0.41994
5421 0.414716
5423 0.42282
5426 0.431152
5424 0.424451
5425 0.429741
5427 0.434584
5428 0.437429
5429 0.435121
5432 0.448496
5430 0.440337
5431 0.444009
5433 0.454923
5434 0.455432
5435 0.45542
5436 0.46122
5437 0.468329
5438 0.470496
5439 0.473905
5441 0.482393
5440 0.480971
5442 0.490481
5443 0.496426
5444 0.490121
5446 0.504687
5445 0.497692
5447 0.510295
5449 0.516592
5448 0.515173
5450 0.517317
5452 0.527
5451 0.519515
5453 0.526314
5454 0.522976
5455 0.527972
5456 0.528054
5458 0.522066
5459 0.522219
5457 0.522102
5461 0.533572
5462 0.534606
5460 0.522552
5463 0.532432
5464 0.532647
5465 0.538525
5468 0.536942
5466 0.53753
5467 0.552648
5470 0.540453
5469 0.541809
5471 0.529876
5473 0.52546
5472 0.527882
5474 0.525919
5475 0.52653
5476 0.525805
5477 0.551575
5479 0.553683
5478 0.551069
5480 0.55641
5481 0.555438
5483 0.561187
5482 0.561199
5484 0.565416
5486 0.575616
5485 0.567046
5487 0.579531
5488 0.583277
5489 0.582309
5492 0.58863
5490 0.585432
5491 0.588168
5495 0.59309
5493 0.587149
5494 0.591938
5498 0.599806
5496 0.594312
5497 0.594834
5501 0.616441
5499 0.611096
5500 0.616151
5504 0.622774
5502 0.619608
5503 0.621371
5506 0.633943
5505 0.62605
5507 0.63475
5508 0.638469
5509 0.640557
5510 0.65142
5511 0.654931
5512 0.655735
5513 0.655833
5514 0.655366
5515 0.654249
5516 0.644178
5519 0.662867
5518 0.65383
5517 0.644076
5521 0.670971
5522 0.672276
5520 0.664697
5523 0.675258
5524 0.677213
5525 0.6788
5526 0.679855
5527 0.700738
5528 0.695106
5529 0.701956
5531 0.710229
5530 0.706984
5534 0.696909
5532 0.692304
5533 0.69366
5535 0.698676
5536 0.704539
5537 0.706976
5539 0.718282
5538 0.713822
5540 0.714853
5542 0.72552
5541 0.722992
5543 0.722134
5545 0.735046
5544 0.741481
5546 0.73715
5548 0.749397
5549 0.753852
5547 0.747833
5551 0.780257
5552 0.780151
5550 0.756062
5553 0.779449
5555 0.781342
5554 0.779814
5557 0.779822
5556 0.780813
5558 0.779822
5559 0.77651
5560 0.778603
5561 0.778767
5562 0.77747
5563 0.792048
5564 0.792859
5566 0.793537
5565 0.793145
5567 0.793467
5568 0.79322
5569 0.799035
5570 0.799631
5573 0.800932
5571 0.801312
5572 0.800893
5576 0.808087
5575 0.809702
5574 0.809584
5577 0.798937
5578 0.795497
5579 0.796022
5582 0.792644
5581 0.793612
5580 0.795932
5584 0.789544
5585 0.788866
5583 0.790343
5587 0.793169
5586 0.793623
5588 0.794623
5589 0.794415
5590 0.794442
5591 0.77814
5594 0.785986
5593 0.795453
5592 0.77912
5596 0.78519
5595 0.786158
5597 0.783979
5599 0.783247
5598 0.784109
5600 0.782792
5603 0.782439
5601 0.782725
5602 0.782592
5605 0.782157
5604 0.781805
5606 0.782514
5607 0.785155
5608 0.786789
5609 0.787608
5611 0.785888
5610 0.785998
5612 0.785813
5615 0.785461
5614 0.785304
5613 0.785755
5616 0.785566
5618 0.785774
5617 0.786001
5619 0.785872
5620 0.7853
5621 0.786154
5624 0.77838
5622 0.785116
5623 0.78403
5626 0.78445
5625 0.784767
5627 0.78425
5629 0.784936
5628 0.784618
5630 0.785108
5631 0.785904
5633 0.786989
5632 0.786135
5635 0.789458
5634 0.788807
5636 0.789583
5637 0.788396
5638 0.789038
5639 0.789462
5640 0.788192
5641 0.788796
5642 0.792965
5643 0.79244
5644 0.834621
5645 0.834766
5646 0.836404
5648 0.839555
5647 0.840409
5649 0.845394
5650 0.846456
5651 0.844728
5653 0.858835
5654 0.862871
5652 0.856276
5655 0.915586
5656 0.915171
5657 0.913999
5658 0.912753
5660 0.911977
5659 0.912173
5662 0.911041
5661 0.911789
5663 0.911962
5666 0.911973
5664 0.911554
5665 0.889691
5668 0.911723
5667 0.906801
5669 0.892329
5671 0.887336
5670 0.888183
5672 0.885588
5673 0.88618
5675 0.884617
5674 0.884628
5677 0.89035
5676 0.888038
5678 0.882453
5679 0.895856
5680 0.897494
5681 0.896925
5683 0.892215
5684 0.891224
5682 0.89312
5685 0.889923
5686 0.890965
5687 0.891114
5688 0.898007
5690 0.898038
5689 0.892626
5691 0.894355
5693 0.897372
5692 0.898011
5696 0.910519
5694 0.911664
5695 0.91173
5697 0.907185
5699 0.9097
5698 0.910139
5700 0.912714
5701 0.911989
5702 0.912334
5703 0.912816
5704 0.912569
5705 0.912749
5706 0.912557
5707 0.912585
5708 0.912506
5711 0.911045
5710 0.911209
5709 0.911762
5713 0.910911
5712 0.910951
5714 0.911013
5715 0.910621
5716 0.910496
5717 0.910457
5718 0.910606
5719 0.910708
5720 0.910747
5721 0.910782
5722 0.910907
5723 0.910743
5725 0.910845
5724 0.911009
5726 0.910892
5728 0.911307
5729 0.911241
5727 0.911413
5730 0.91128
5731 0.910825
5732 0.910684
5734 0.910723
5733 0.910641
5735 0.910829

